 -0.00259815722274149  0.01020525861426693  0.02082278830353545  0.03151296355769335
  0.04205347270024896  0.05347747015680671  0.06477442859684054  0.07688261207224069
  0.08766438866394632  0.09824338015772527  0.10826270027725278  0.11818438848249194
  0.12833727723728294  0.13779635991520006  0.14682075204747391  0.15671872798191078
  0.16665068514905707  0.17831253191754251  0.18937985431870474  0.19970371005655799
  0.20988847299486918  0.21993724077487908  0.22958965106276250  0.23836913356853012
  0.24730787180077263  0.25623452596818352  0.26503294657879700  0.27428795811702555
  0.28415186170394968  0.29347525555354181  0.30349083930769427  0.31337815297250798
  0.32392794428622401  0.33495410941191212  0.34568082902445491  0.35706423485231065
  0.36820245054804535  0.37937344731057099  0.39064045164756372  0.40128682395914700
  0.41207834595053411  0.42365932428462644  0.43542562454107997  0.44699021047337750
  0.45832304634644283  0.47042031198057760  0.48236584102635804  0.49440877414477857
  0.50627486561486013  0.51784690396295752  0.52862660314859689  0.53895349668012515
  0.54916332477250251  0.55974969941181241  0.56986079830106595  0.57974145727537951
  0.58923887946493692  0.59917481280859730  0.60914196557239642  0.61954000233952611
  0.62966146625166286  0.64024930806296398  0.65077575325143999  0.66096566167375914
  0.67133146776681119  0.68200151582438762  0.69279944455941778  0.70270178679301043
  0.71215729973144504  0.72162740591670049  0.73127828097436487  0.74109098709571453
  0.75087189079130645  0.76081565128620143  0.77088865586009092  0.78054682994232005
  0.78983900717392852  0.79947352845453801  0.80954180722525138  0.82059003797974683
  0.83286432458013049  0.84570087124290028  0.85811486960724814  0.86934036774531376
  0.87986442693605083  0.89046591370866779  0.90075821953816959  0.91065569522823309
  0.92053374179259218  0.93024066711822528  0.94027049600084223  0.95065945443028577
  0.96192462348407237  0.97415381800263745  0.98683697991655839  1.00000000000000000
 -0.00172035917871806  0.00919445617416078  0.01890466396751288  0.02808778305651423
  0.03697491364743825  0.04558933603136074  0.05417138859455630  0.06281514217283637
  0.07165979815946860  0.08101693841288997  0.09132921572895687  0.10267114604425952
  0.11464351105087869  0.12685709599639833  0.13782227659179749  0.14760060192208652
  0.15658210108520515  0.16567451036785358  0.17463454093055553  0.18328510002569284
  0.19174449791590287  0.20025232878350133  0.20942443616380463  0.21945208456567047
  0.22947963596038359  0.23907264412849549  0.24849138465604029  0.25855611456366318
  0.26902846682418530  0.27943402349321983  0.29028923602822349  0.30238787402370254
  0.31546636952168872  0.32850121147091116  0.34090293912756370  0.35242053092272990
  0.36287683602230097  0.37329365130915437  0.38379098370804443  0.39407629462977034
  0.40450750107345967  0.41539414348831688  0.42685771685325008  0.43873397813464260
  0.45057786214255918  0.46204705346280883  0.47301371268680825  0.48366159938198433
  0.49439669355783944  0.50534083703365473  0.51526664843901893  0.52532030243148664
  0.53550606225436170  0.54606441746993983  0.55687554762601865  0.56743074683579420
  0.57795406864649146  0.58818500569019450  0.59789922633651083  0.60775269029280232
  0.61797857755881991  0.62776899231655159  0.63753068026796089  0.64721866025019947
  0.65630750577779173  0.66526910275854134  0.67497534035665052  0.68553136431273276
  0.69597662284080619  0.70622941699530950  0.71738348592482615  0.72901415555920157
  0.73988055634976013  0.75057411507413208  0.76225677275949089  0.77413339058805997
  0.78539565980462844  0.79676826737479689  0.80838793894969085  0.82027704433688897
  0.83130467178825118  0.84164971051377724  0.85162908012423011  0.86131272219714361
  0.87170713359705554  0.88212958551546938  0.89247161022469146  0.90291694722444726
  0.91317349606513498  0.92352938674684693  0.93398522615130686  0.94531671759708535
  0.95759603551021699  0.97045425467994795  0.98453720941475764  1.00000000000000000
 -0.00863179625132167  0.02270237337715691  0.04655137149460621  0.07062756863215484
  0.09399772907726246  0.11626391477684236  0.13665395707834249  0.15608292602998527
  0.17595475875798816  0.19581875870240745  0.21565811822681730  0.23731811020597329
  0.25978092799206509  0.28195601337560700  0.30408352548874884  0.32610351538408366
  0.34804940476672819  0.36994382923387081  0.39166311817441002  0.41339070043567672
  0.43539067117688807  0.45744452125012486  0.47958369051168331  0.50163316157629101
  0.52363224324462576  0.54641240262836144  0.56943460016965164  0.59392408277283792
  0.61898277629826770  0.64545666778301924  0.66301117876498850  0.67551335071221774
  0.68984431648378364  0.69051462859028390  0.69215907317732606  0.69655463700956377
  0.70139774101431096  0.70617590798601937  0.71093633005447632  0.71567300598779338
  0.72042300615204546  0.72521527098846505  0.72999771407640945  0.73478721999508723
  0.73954186263870791  0.74431507192712154  0.74910879361320226  0.75390275142050922
  0.75876493055189620  0.76366826433915458  0.76859033395233389  0.77342791083939444
  0.77829052990985848  0.78317979664172666  0.78806977800161682  0.79298026615841133
  0.79796598319318368  0.80292024778032567  0.80786529845234412  0.81278636750736966
  0.81768710703314662  0.82271268670019515  0.82776576253827794  0.83280605307098887
  0.83784955208275969  0.84293488986821208  0.84798786866716902  0.85311460305050191
  0.85827362162971477  0.86345765269108410  0.86863930946368628  0.87373704397971508
  0.87877778495636083  0.88383414059170728  0.88895922671504302  0.89415842635098330
  0.89939707969094551  0.90464719230549817  0.90979553463894125  0.91496598654640759
  0.92019640022026694  0.92546485576736681  0.93078227026398752  0.93608127859732848
  0.94138357803240236  0.94664802289115868  0.95187259422906356  0.95707779163748652
  0.96237751633058832  0.96771084584004763  0.97298860175277813  0.97826968943855319
  0.98359938988288531  0.98894760509500323  0.99441337549045095  1.00000000000000000
 -0.00315067883069065  0.01061236124608375  0.02203565844623819  0.03264900205192702
  0.04337385147106794  0.05446348161731696  0.06546793853496419  0.07616813518002687
  0.08706013484099644  0.09832186270903193  0.10891682741970619  0.11900776666069129
  0.12883625378567787  0.13918815894759157  0.15011297325696762  0.16073860077842658
  0.17091059128327282  0.18044917545563655  0.19063413708456237  0.20076130079897003
  0.21145112113687942  0.22404261398319095  0.23684798640996768  0.24931353540010229
  0.26119386842583547  0.27236187617038621  0.28278225788652306  0.29288497071706704
  0.30255645501794570  0.31165831815207262  0.32103062727440118  0.33025990106327202
  0.34040166621665924  0.35084493116619414  0.36185776849410839  0.37265344356631952
  0.38316889516775932  0.39356291609303634  0.40347648807387826  0.41298522670359478
  0.42298869060019445  0.43451679832281265  0.44650386655012092  0.45781504776370174
  0.46867602785904822  0.47911709864989049  0.48886022257396156  0.49859468775723881
  0.50788636073900872  0.51674568973819035  0.52583180565143395  0.53519631888838570
  0.54455843303854301  0.55400900437240685  0.56377940632779056  0.57506559577974270
  0.58648852317507039  0.59776655396068001  0.60859599076428328  0.61924855965056669
  0.62987642305962899  0.64098983544241706  0.65244033050293015  0.66411931417707459
  0.67488550159201066  0.68546998767805067  0.69635640205640414  0.70702803250630331
  0.71737753367139356  0.72760281208078870  0.73794894721640147  0.74833446784634983
  0.75823980366115962  0.76772239301742617  0.77773661159692153  0.78755609030134477
  0.79909000442934996  0.81150325670508772  0.82435830243351471  0.83617775669804906
  0.84705917964628274  0.85678785856453576  0.86599725261923033  0.87528406080363153
  0.88478834872403622  0.89382297771121688  0.90313976382637484  0.91206626931768786
  0.92257897220701435  0.93437416296825393  0.94573516608851138  0.95732187470703634
  0.96767904193180299  0.97889093019297080  0.98933884166725172  1.00000000000000000
 -0.00292112748117102  0.00998923414972939  0.02151969975939547  0.03251671524371367
  0.04355444185640660  0.05476874748526527  0.06593645333526105  0.07687891116908353
  0.08697224016299514  0.09629554090323919  0.10537800644255077  0.11492111780261108
  0.12483265559328326  0.13524388063583903  0.14585017605743347  0.15779429187140040
  0.17031552040330655  0.18320977990028506  0.19623989555198673  0.20963088571993513
  0.22363820887848460  0.23722420418439230  0.24912227034843396  0.25972684526068140
  0.26921046153150446  0.27853605530840481  0.28757811109885362  0.29635977256759466
  0.30498245901976434  0.31396208257056002  0.32358127862550107  0.33342668786445134
  0.34280003875649989  0.35203106912475263  0.36217994138587722  0.37282320110841816
  0.38493494130395534  0.39742076363007922  0.41087216578824870  0.42323082221129965
  0.43433830893052228  0.44451501359809975  0.45412445914146837  0.46357065888612659
  0.47270585186210207  0.48167571497203243  0.49060203746009584  0.50006770366255193
  0.51022006924718977  0.52103766843594823  0.53221222941728963  0.54344563213057251
  0.55487138803908176  0.56644624376522823  0.57808397993758431  0.58961225174493626
  0.60056342975010735  0.61091087463043947  0.62104506383185376  0.63088392683480399
  0.64058921522349244  0.65027526357105492  0.65986730368040514  0.66934265144893801
  0.67863582338083839  0.68837068433657000  0.69871648655443441  0.70916127847290455
  0.71934356792339282  0.72963072903107407  0.74024361813824668  0.75080507052229806
  0.76112724958904487  0.77164389848563142  0.78239781168777378  0.79298664350709247
  0.80319894208131970  0.81340786248206065  0.82378791315595867  0.83417264561763793
  0.84424373634993177  0.85417759221163203  0.86431883466293602  0.87432608105100273
  0.88514606330546486  0.89614681828219056  0.90714539603148958  0.91826893447247648
  0.92944528976682061  0.94029841460147745  0.95060417388136553  0.96084816914001314
  0.97142873305334643  0.98154017551235651  0.99107775438928003  1.00000000000000000
 -0.00248415013230196  0.00896367088752924  0.01925436610895612  0.02910227733954036
  0.03922617977977803  0.04974859271345818  0.06035010333356872  0.07056831481424862
  0.08110335166606392  0.09244819409104560  0.10384301368680945  0.11450879797080485
  0.12497986882959866  0.13610985647377935  0.14801251750149402  0.16026463613505995
  0.17215747953870400  0.18331556468561033  0.19410390734006930  0.20475391112830804
  0.21482639899957828  0.22424349326149101  0.23379142030595931  0.24370332806240227
  0.25377155860983625  0.26352158565287409  0.27349944027703693  0.28370583837523289
  0.29430046197605875  0.30536241575894479  0.31659044163324218  0.32787971686196438
  0.33881824537728034  0.34968631263370198  0.36068376748991654  0.37173082130100904
  0.38261287605240230  0.39325000870746718  0.40431240310819483  0.41576355012740407
  0.42673385372566491  0.43740245858428978  0.44864112474668122  0.45984308839783317
  0.47030209345238327  0.48044416018971647  0.49078051274438111  0.50125401937781289
  0.51139255847444964  0.52194476088047503  0.53310209554919319  0.54406330022714611
  0.55479064579570059  0.56562055255093224  0.57702723488428342  0.58795978459869958
  0.59773346456409882  0.60728968268445549  0.61685838301252449  0.62692077912034039
  0.63695263365693722  0.64694018458306413  0.65711560390937784  0.66737910151814173
  0.67771828160558611  0.68776957289250440  0.69834882038791823  0.70852915507842884
  0.71887148286383606  0.72953153224129696  0.74090419294678744  0.75279405901276508
  0.76485631930488118  0.77706401184608431  0.78884648090434961  0.79956937869548483
  0.80989646067020038  0.82010710900023331  0.83003061125445121  0.83980301671546609
  0.84936629584618084  0.85863115183021765  0.86786142728658966  0.87796080794109899
  0.88835970977706369  0.89874609629448099  0.90909926607673308  0.91996583208033356
  0.93068095400059514  0.94085590345297321  0.95043958969561548  0.95998208301071419
  0.96950975260590144  0.97941061703009247  0.98975737589057788  1.00000000000000000
 -0.00199416105364402  0.00817332860021542  0.01689844563247177  0.02716803309180472
  0.03685199007024453  0.04657082045375140  0.05592429040281387  0.06551674174825606
  0.07562291844241729  0.08607999063900350  0.09661166231195979  0.10730226107802579
  0.11854141288635560  0.12984571721451513  0.14039928225849671  0.15092185217318496
  0.16191819701931104  0.17303459773671404  0.18493214873841404  0.19716908225115787
  0.20909448631214372  0.22060524490564151  0.23131530524904614  0.24191984273876818
  0.25231598783431619  0.26331846825785721  0.27410478781951636  0.28488014497810477
  0.29514993246117655  0.30492371318508044  0.31450830977119487  0.32428046855756215
  0.33436806634233390  0.34357664979509400  0.35272155248309189  0.36257427188602726
  0.37231631742845955  0.38224334646521374  0.39214009345992729  0.40268983711863021
  0.41347512867881620  0.42438506289181366  0.43541002601987266  0.44639118027907065
  0.45721291175298678  0.46805171803252005  0.47877423670374425  0.48958743134047805
  0.50066626941037307  0.51213366950974115  0.52290303327955412  0.53232217409311422
  0.54191939357892371  0.55169930016063473  0.56176389737533394  0.57126749683522471
  0.58069690878180025  0.59100823398123081  0.60174023907017227  0.61203636114912496
  0.62193876052589581  0.63257274370230621  0.64371173466511988  0.65526319698166713
  0.66719784215642608  0.67979643522944888  0.69196390982525313  0.70375469756142595
  0.71493464242068672  0.72613835768000634  0.73702742039739955  0.74788935009760138
  0.75942854619618894  0.77028296396955298  0.78108775033679656  0.79122553542170049
  0.80192153020537282  0.81329870718668884  0.82249394269820086  0.83196457315233996
  0.84084398168800845  0.84963487823345851  0.85827368956750472  0.86703471312048919
  0.87646284133439212  0.88742186404767331  0.89884933211417395  0.91025184269419823
  0.92181977261653802  0.93535179603820484  0.94781684814420852  0.95995354614166750
  0.97054907958172032  0.98094236675196500  0.99036399682611165  1.00000000000000000
 -0.00316030263926911  0.01075419945886723  0.02282650467477102  0.03427328146916105
  0.04573502773854349  0.05747815559880032  0.06843579155603209  0.07852346519010403
  0.08860058763513513  0.09905552200636007  0.10966109117537665  0.12011568079564057
  0.13112903360028549  0.14256942575946968  0.15366931163627467  0.16428898635517344
  0.17460069525357291  0.18447199105573056  0.19402332255295646  0.20320465113635355
  0.21240077900717128  0.22202748482610793  0.23208140311839784  0.24299104335646554
  0.25359945789686594  0.26485323519433007  0.27608330862232089  0.28745380250113423
  0.29916619091481972  0.31064388421392120  0.32191157293776224  0.33266841236741540
  0.34305738808869690  0.35320808417643995  0.36354464321346552  0.37361455383088826
  0.38350419088501037  0.39335406029766701  0.40344485421626775  0.41389099726388634
  0.42463392777796394  0.43545149728617549  0.44576727642925146  0.45567126519655793
  0.46603380974740449  0.47705863685765859  0.48811518145001709  0.49884730376972558
  0.50944661110607214  0.51997205449566963  0.53041849632875837  0.54108539721176496
  0.55225185691276291  0.56367753870351833  0.57522411164754483  0.58648042446482118
  0.59757555961552211  0.60893485234492339  0.62036804099208120  0.63085764561070323
  0.64105898641977133  0.65120687559921675  0.66129444584363506  0.67178425326326141
  0.68251335435342531  0.69356112120738289  0.70463037646023585  0.71661591765175869
  0.72885256594759895  0.74083601922148290  0.75240487499600606  0.76330006458011634
  0.77366385438432250  0.78394185265002037  0.79395660582270011  0.80395172321192709
  0.81410613960947387  0.82407499775881243  0.83476579886112812  0.84510651650046065
  0.85533056484969372  0.86537073628663697  0.87520038600907479  0.88460737973408154
  0.89379216004154594  0.90300829263118876  0.91223503424959540  0.92126252209941928
  0.93014215292288172  0.93920909278332987  0.94878606341265581  0.95835507610874915
  0.96806071944527317  0.97799480830646235  0.98882746796991894  1.00000000000000000
   60.645890607154286       -1.0000000000000000     
 F F F F F F F F F F F F F F F F F F F F F F F F F F F F F F F F F F F F F F F F F F F F F F F F F F F F F F F F F F F F F F F F F F F F F F F F F F F F F F F F F F F F F F F F F F F F F F F F F F F F F F F F F F F F F F F F F F F F F F F F F F F F F F F F
  <DiscreteSampler_grid>
  grouped_processes
  1 # 1 for a reference and 2 for a running grid.
  10 # Attribute 'min_bin_probing_points' of the grid.
  1 # Attribute 'grid_mode' of the grid. 1=='default',2=='initialization'
  0.0000000000000000 # Attribute 'small_contrib_threshold' of the grid.
  0.5000000000000000 # Attribute 'damping_power' of the grid.
 # binID   n_entries weight   weight_sqr   abs_weight
    10   10   4.520568445678245E+013   4.498838783713741E+027   4.520568445678245E+013
  </DiscreteSampler_grid>
