 -0.00271840656242460  0.01094934950144254  0.02244323006914446  0.03378477242457860
  0.04489574451121250  0.05624800686837787  0.06727677076069995  0.07766086361834051
  0.08770465395455966  0.09761381509247118  0.10792581446154158  0.11860991465722275
  0.12865595109775613  0.13835404486554420  0.14845055224748302  0.15922847907331941
  0.16978219427863733  0.17951553718851568  0.18897318069839619  0.19914921286488563
  0.20926870309027695  0.21874445593248981  0.22776338961792930  0.23781703136977209
  0.24810201842827317  0.25829661774295093  0.26757339542569575  0.27921500881590267
  0.29155275109020790  0.30332435966350940  0.31452879165410924  0.32565258465055952
  0.33700848543372408  0.34866720282696084  0.35989387629315572  0.37071230976270708
  0.38096865521356849  0.39061375973956164  0.39985656408549813  0.40907728257026521
  0.41836079189073411  0.42808195576675412  0.43786313874297023  0.44751383220128199
  0.45701527147186505  0.46682782746311718  0.47713515040027604  0.48797701310475289
  0.49901432902672660  0.51174237371266240  0.52466481565234580  0.53572827143754920
  0.54716355967797270  0.55831278638105430  0.56946620434914619  0.58044931724673776
  0.59234936268002603  0.60470720038040926  0.61690093799787438  0.62785215702045560
  0.63753298016805404  0.64737175506290534  0.65749189387556639  0.66705120797462947
  0.67588707279275229  0.68437527774062712  0.69451734974775425  0.70656329878463098
  0.71718134091304531  0.72758658488247496  0.73828546749473167  0.74897713614552031
  0.75943880649369999  0.77093224559666729  0.78352927356799118  0.79587914053198239
  0.80605297902618500  0.81610371583547936  0.82550149294650421  0.83587031789914923
  0.84553713792746732  0.85483607311835497  0.86442908078691982  0.87394612871389188
  0.88350593336791383  0.89305751010740131  0.90277769894333948  0.91269354975329764
  0.92283174409137758  0.93288041912146902  0.94348823410920291  0.95500556907795220
  0.96617662479706079  0.97757932896917432  0.98893132066499267  1.00000000000000000
 -0.00026169192482465  0.00569486251366959  0.01222654021202569  0.01886218381192784
  0.02628651231806719  0.03411435680211217  0.04252847579532475  0.05257731915932549
  0.06277809802883927  0.07341810626720217  0.08451517905283379  0.09627410686826232
  0.10806975541364616  0.11956415191201193  0.13062488081549051  0.14108424257920427
  0.15100616595799421  0.16066876993333903  0.17035283987370459  0.18012846345551944
  0.19024811401923603  0.20061695045233294  0.21107790299754375  0.22145561072277473
  0.23140345728420944  0.24149044793787924  0.25167234102723529  0.26191592227775312
  0.27227975003968302  0.28233671689975981  0.29266701947383200  0.30270061420033018
  0.31306393048761960  0.32409304718523069  0.33501464736879433  0.34559467025167001
  0.35588349349490511  0.36528794055879166  0.37474779504745337  0.38416197186456874
  0.39352407290555336  0.40296538886354583  0.41298709301707892  0.42336635602032691
  0.43429128729200339  0.44584259418568156  0.45795686766384197  0.46994771711221417
  0.48145751945541554  0.49256423963190149  0.50348641144966078  0.51437920189771991
  0.52414695077482509  0.53290564334000157  0.54159206188164311  0.55094179624379980
  0.56051988066779135  0.56961552866387621  0.57821888377677266  0.58731519395000553
  0.59733279899573610  0.60759672161122846  0.61790843651189531  0.62902538648040873
  0.64091564897892306  0.65266270205378896  0.66396734914488920  0.67539712620956505
  0.68668429099634976  0.69721417515911233  0.70750026218174977  0.71823336549987404
  0.72943073378331225  0.74093879447184474  0.75296756660226027  0.76519473287982687
  0.77640838903825959  0.78657536147210605  0.79617125620413154  0.80569079045866610
  0.81564014888058634  0.82550724337736692  0.83541047526352907  0.84558757315472322
  0.85613466958147277  0.86633748216534201  0.87704791407849658  0.88828711355864798
  0.89958703229860071  0.91078171335114055  0.92395547642157760  0.93808601201523811
  0.95203442788192283  0.96653835742223537  0.98288204638429089  1.00000000000000000
 -0.00791289031280688  0.01544706039901150  0.03845773371430764  0.06155905643877901
  0.08469989366885279  0.10789371072343601  0.12790356478821185  0.14677708430860459
  0.16646187578909943  0.18597517335686220  0.20532234595840476  0.22656855646633273
  0.24821932343701983  0.27053073722200982  0.29267473847270303  0.31466710466418862
  0.33673178124050962  0.35882114149906613  0.38097535438394797  0.40312880759902403
  0.42528087667772024  0.44764625702349925  0.47012821334246674  0.49227294811799871
  0.51440470381197356  0.53659405736722998  0.55963632603789260  0.58387466092205642
  0.60868806970360678  0.63388343193884100  0.65270585972292738  0.66957887808763417
  0.68374868399201116  0.68970244419046989  0.69125246899473891  0.69402671328468657
  0.69882627418491217  0.70363251886495615  0.70843208396590107  0.71327801666648949
  0.71812169581457497  0.72291816200703196  0.72770686619840952  0.73247288766831053
  0.73730330491779750  0.74215763489632969  0.74697733320586479  0.75184223855077481
  0.75676064365924722  0.76173895805889347  0.76672941655258697  0.77162937237134244
  0.77648739369917275  0.78141696781675973  0.78639239451750420  0.79133980224289768
  0.79625081262249620  0.80122115184779519  0.80627868741833508  0.81132515642943637
  0.81636690851551119  0.82144405256436737  0.82640936219183159  0.83133767503108003
  0.83633748601479563  0.84137958958802639  0.84644322497583946  0.85152903873691699
  0.85663232414157375  0.86176332677484391  0.86690734849073670  0.87207131007046246
  0.87725495601910708  0.88247751649101480  0.88778436415154616  0.89316046907349778
  0.89850640607493593  0.90371821624048765  0.90893439184993363  0.91421327427724153
  0.91948266356513697  0.92479154342386816  0.93010157669718896  0.93539096333324634
  0.94061863948351809  0.94595178254348988  0.95131610246152865  0.95668878538655766
  0.96206545409408406  0.96747229957503345  0.97285276572524115  0.97824873983705518
  0.98370358230605726  0.98915612598105040  0.99456607477948888  1.00000000000000000
 -0.00207706115876561  0.00838762644584310  0.01698655297702031  0.02597433172736342
  0.03508450522175002  0.04470800246785189  0.05442572678053792  0.06396780985474509
  0.07362075366716700  0.08364746363428355  0.09376511586607363  0.10385573226743199
  0.11409063964214540  0.12461267997667397  0.13554807064995245  0.14703885588984369
  0.15902726821709542  0.17152296203090009  0.18413497885157010  0.19635239399768217
  0.20817386641912988  0.21992792625666396  0.23095600163932717  0.24114724904825424
  0.25121694761310576  0.26146390769172551  0.27212027527322169  0.28161973516483718
  0.29071622193319474  0.29947237809456861  0.30828864999150929  0.31728935407280418
  0.32640948620379012  0.33673851010234296  0.34897366644471711  0.36112954083601850
  0.37212791240720278  0.38298177283596124  0.39369052628031159  0.40405771105218968
  0.41455993232446653  0.42596478735986704  0.43691169855208595  0.44698056133352260
  0.45701040625276357  0.46722678047062854  0.47774713362427473  0.48743087294719012
  0.49709247361012554  0.50669090101844050  0.51612283075712229  0.52619544515076311
  0.53703850743871229  0.54812297609608107  0.55867650832627058  0.56922968965836906
  0.58015283101828485  0.59126925191206015  0.60182711894023044  0.61307393558479617
  0.62498418369855935  0.63541669718638105  0.64532496129336303  0.65500979292147909
  0.66454367415748161  0.67421015467313827  0.68336728459250695  0.69287546464952143
  0.70252028239856512  0.71203360643458324  0.72159235460200388  0.73204572270025570
  0.74459358428963540  0.75721539448471964  0.76950848687320250  0.78112163504848220
  0.79220931055422927  0.80324075361660174  0.81423447966758444  0.82563829890302010
  0.83724405146877323  0.84955691533776378  0.86167785912831152  0.87339829494355525
  0.88469067252193712  0.89545301509238917  0.90607123063691164  0.91646847513163399
  0.92650396922828437  0.93649937113165427  0.94683102807732056  0.95733563540883337
  0.96805558558768201  0.97862915971615871  0.98929718909182007  1.00000000000000000
 -0.00299768242552523  0.01037159157204086  0.02248318818571644  0.03462363508961520
  0.04588553902291861  0.05640731071640816  0.06710343116096093  0.07778717834406142
  0.08736825343968085  0.09597709892466220  0.10483707268354769  0.11451837730419176
  0.12437961734834246  0.13436671463212083  0.14407808683516543  0.15625891014840862
  0.16867899311532389  0.18132272732019322  0.19258745397666321  0.20302449045440557
  0.21356364157781757  0.22366506778678547  0.23314767498018998  0.24238614443043238
  0.25245223436713293  0.26323098586815347  0.27331695618862545  0.28244723583062720
  0.29145250090462432  0.30085658032978702  0.31063875187276885  0.32085099333302808
  0.33141695282479133  0.34248380753093038  0.35370791673296553  0.36436085629059439
  0.37525630913206637  0.38646883281979844  0.39818098559425358  0.41037445436009640
  0.42274739685460766  0.43476080488758523  0.44536822008505594  0.45515665924179194
  0.46469280769372928  0.47387659089926548  0.48280142689792366  0.49160859123966777
  0.50087632247403169  0.51049134961328479  0.52011778169170764  0.52996657145269477
  0.54005898515692985  0.55138245427903432  0.56318431615667319  0.57402004049574296
  0.58485545457306221  0.59558922179007145  0.60567461424600344  0.61553112043592995
  0.62595249090353722  0.63700945308054557  0.64804982802429867  0.65912569778037500
  0.67002273072407215  0.68040203930185750  0.69080136584540308  0.70106195512235536
  0.71097317402416804  0.72071634669412499  0.73072709457239060  0.74147605266097016
  0.75218136038739836  0.76259792242197610  0.77255180417331948  0.78172567245416247
  0.79093976704994040  0.80006020688842505  0.80946053048718725  0.81896550080915753
  0.82877174711283574  0.83961544641451802  0.85134500614104802  0.86314517727595674
  0.87456275099599090  0.88537760125777420  0.89568678043204708  0.90530207068887225
  0.91560968526901787  0.92601625050591063  0.93708634273850422  0.94912225604769496
  0.96084434741756264  0.97387556326573432  0.98637309746538882  1.00000000000000000
 -0.00219284214503101  0.00888529225322108  0.01822758733811853  0.02833153385520730
  0.03837366268443645  0.04816276410902784  0.05802170814828583  0.06796141218168747
  0.07769875294959447  0.08715717795554713  0.09662670384496420  0.10611304337937813
  0.11539392856730803  0.12480059148996099  0.13714358682499803  0.14911788960514688
  0.16077149166541341  0.17207967817527148  0.18314606621119525  0.19345608924748939
  0.20337005506742603  0.21356313480886971  0.22413907277584844  0.23524769402589077
  0.24576598393922097  0.25606093218888898  0.26549402143817319  0.27473384200005430
  0.28343140138542255  0.29300104515283337  0.30318108052772152  0.31373871199151199
  0.32444960109972354  0.33523088416332164  0.34586243325796429  0.35678162972070854
  0.36834190136764161  0.38003899966598764  0.39122353711170560  0.40198950438744246
  0.41223104978282787  0.42173458414099202  0.43075017401055482  0.44006647979307634
  0.44992148627281103  0.45999061052362578  0.47023126972413826  0.48117861901059444
  0.49290536555343617  0.50454955160411319  0.51552319722921625  0.52610832810513108
  0.53660608608422511  0.54723820930237899  0.55833095298940771  0.56954743193964352
  0.58096881075732343  0.59213630114079341  0.60297347288871095  0.61367932695404326
  0.62410631234244518  0.63436126338195664  0.64497823918681441  0.65632940242323534
  0.66899492010010231  0.68145120051212626  0.69454578157751079  0.70686681401576168
  0.71714696664274946  0.72699444201031804  0.73703108023092612  0.74742047514677168
  0.75689824282790741  0.76650100803010845  0.77607817459412742  0.78646652558095509
  0.79650010657534420  0.80655465950299332  0.81638623976111213  0.82680254091311156
  0.83795308630510335  0.84922269140732365  0.86011794324917012  0.87062123491534849
  0.88199173151124488  0.89337679217191335  0.90445579284364752  0.91556586440346766
  0.92731567542724358  0.93925766725560622  0.94998133349479075  0.96036162766414102
  0.97014512146619902  0.98014356343072562  0.99008275691022163  1.00000000000000000
 -0.00217617131730009  0.00895608929189130  0.01856887057321725  0.02863645595974669
  0.03830726736800082  0.04709690553812008  0.05574181199074404  0.06516285867257141
  0.07484657913668302  0.08426047980318889  0.09282940407015858  0.10111419706821230
  0.11005621004934750  0.11961061755125392  0.12959196996999336  0.13974719227348081
  0.15047943191727506  0.16202234206138527  0.17365832473318232  0.18501267723170745
  0.19632015710671691  0.20759530598948189  0.21905058252058734  0.23080989222767262
  0.24225518835467527  0.25256463639436100  0.26209964878879993  0.27146566922765691
  0.28055943864956512  0.28981510468324589  0.29983301073340429  0.30966571182714769
  0.31875410409056909  0.32788287132656724  0.33711070882017957  0.34726530419757101
  0.35755787552129287  0.36768580443950444  0.37861108610617800  0.39053447345041126
  0.40164027926237833  0.41250541131188856  0.42305408245806264  0.43362866750076440
  0.44361591262787847  0.45331245612666854  0.46332884842309457  0.47412269396831480
  0.48560874993867853  0.49750794965357442  0.50983220155182529  0.52215199231551646
  0.53428023111082834  0.54595658096894928  0.55697329562098397  0.56802558164853112
  0.57900543090735901  0.58985915559992264  0.60053727955319447  0.61078793475148097
  0.61996318154594732  0.62934180037484733  0.63885015178501725  0.64847637720276330
  0.65808943395626385  0.66835994541393873  0.68051627248439439  0.69349162241396500
  0.70594165067850656  0.71704986294530559  0.72694481701604785  0.73689976376027999
  0.74719773682186019  0.75721393558387062  0.76682372364997742  0.77694797226270529
  0.78903286783215876  0.80130218145235865  0.81469517152455417  0.82776056248891028
  0.84135904626422253  0.85431879303841973  0.86744284733628085  0.87911660409827397
  0.89015501781374984  0.90080571970868206  0.91055982865359797  0.92039389712338904
  0.93007154585482443  0.94005897899084123  0.94975094629869450  0.95961924068388982
  0.96967395399315082  0.98011713594439642  0.99014125326166491  1.00000000000000000
 -0.00251737929172037  0.01004473896209451  0.01992188817577477  0.03040420869373233
  0.04105498315118425  0.05155922850419152  0.06245842909363925  0.07435241155872993
  0.08658364003229636  0.09815685030516021  0.10916991515643586  0.11989449079745432
  0.12961035697448586  0.13895608997980730  0.14869935247545901  0.15821818264097329
  0.16744926116635978  0.17639349130267612  0.18555944519442291  0.19551399701270522
  0.20537225210628074  0.21524409012500195  0.22519028434196259  0.23606701394383250
  0.24755309301362002  0.25855444068741501  0.26915069913883105  0.27974267707782724
  0.29029824865843240  0.30155677907575873  0.31189383633467627  0.32171949556468327
  0.33114576534608048  0.34089539286889153  0.35083920234601146  0.36080448997549719
  0.37124418786904306  0.38247921717147859  0.39336273510232572  0.40364993508313257
  0.41446958552275770  0.42583058774018545  0.43586257359091846  0.44563531261600869
  0.45550913690912309  0.46602129291254724  0.47699851189374731  0.48809533724394016
  0.50047920160207637  0.51180085977145751  0.52367505068469500  0.53356634464104324
  0.54384373522813934  0.55462672661530499  0.56650266750035860  0.57783703824595034
  0.58939390139723447  0.60120943029260998  0.61168313423564069  0.62086824236437277
  0.63018624095224440  0.63947420440158498  0.64905567825264421  0.65883663245032431
  0.66847266479364864  0.68009140871692753  0.69085426820298046  0.70048568112853216
  0.71005991151867665  0.71983482551509315  0.72954918321915962  0.73953404642268428
  0.74979712871814463  0.76326338410272698  0.77574647948797315  0.78581157174988081
  0.79543159979222200  0.80544681850461863  0.81551497563054387  0.82601927711884393
  0.83608003794420538  0.84691454159125379  0.85815475706282862  0.87034407093364297
  0.88195924481097743  0.89260084766629177  0.90443073584648503  0.91610148162565519
  0.92694992212932437  0.93740194872265703  0.94765864740846673  0.95770557670157808
  0.96722825359181575  0.97652331145290605  0.98778613261532788  1.00000000000000000
   62.631487778323155       -1.0000000000000000     
 F F F F F F F F F F F F F F F F F F F F F F F F F F F F F F F F F F F F F F F F F F F F F F F F F F F F F F F F F F F F F F F F F F F F F F F F F F F F F F F F F F F F F F F F F F F F F F F F F F F F F F F F F F F F F F F F F F F F F F F F F F F F F F F F
  <DiscreteSampler_grid>
  grouped_processes
  1 # 1 for a reference and 2 for a running grid.
  10 # Attribute 'min_bin_probing_points' of the grid.
  1 # Attribute 'grid_mode' of the grid. 1=='default',2=='initialization'
  0.0000000000000000 # Attribute 'small_contrib_threshold' of the grid.
  0.5000000000000000 # Attribute 'damping_power' of the grid.
 # binID   n_entries weight   weight_sqr   abs_weight
    10   10   3.662539605250344E+013   3.274376535403517E+027   3.662539605250344E+013
  </DiscreteSampler_grid>
