 -0.00254134828209370  0.00970146081343138  0.02000848323273726  0.03020204614783952
  0.04033417769665380  0.05026589076424631  0.06032278540648187  0.07139652346244638
  0.08341171421213282  0.09568204455419127  0.10762075259506051  0.11908955952952158
  0.13045043057139125  0.14205009522644554  0.15393211720099761  0.16580932380112698
  0.17761337646820277  0.18940894093380617  0.20111107650498186  0.21313049773721199
  0.22429024733508557  0.23556793105392110  0.24653016620504958  0.25667645130224559
  0.26613197411468581  0.27566566907060019  0.28517376129830641  0.29520910665316535
  0.30481774595950967  0.31391638649523790  0.32323935716877494  0.33306105982769496
  0.34338268163329355  0.35385818567183425  0.36403300101652158  0.37398374590330308
  0.38368264282732123  0.39325431432101060  0.40292133556707277  0.41272508165786220
  0.42325208860823277  0.43408849493351648  0.44390355982989949  0.45297645796257235
  0.46247361573736606  0.47279929107954521  0.48274264878552309  0.49219748473928948
  0.50183396654509294  0.51242604505796330  0.52244295720525313  0.53186021251576132
  0.54135367520954680  0.55253705558299304  0.56352704093785311  0.57310538780711362
  0.58221698318377113  0.59154737098221633  0.60150749430389616  0.61134103607391033
  0.62152063477372876  0.63270797204514406  0.64439637619747137  0.65576019210839764
  0.66681192179803417  0.67788917216865741  0.68899554323683554  0.69997225979678068
  0.71146096853176333  0.72074534016521585  0.73156874364366198  0.74275116357243331
  0.75317464909856646  0.76317469253382531  0.77339751391971789  0.78448904569628997
  0.79482978847309171  0.80511785000787006  0.81714026831583098  0.83102701904617660
  0.84355143965436696  0.85407786348210946  0.86354468640221849  0.87273301426239680
  0.88205967069334501  0.89161353174611269  0.90192990392961758  0.91305197895939405
  0.92416032016803762  0.93607910488229351  0.94656320987179177  0.95757058972614983
  0.96858056109236390  0.97920463442773853  0.98952472943090641  1.00000000000000000
 -0.00002803186901658  0.00487012246963764  0.01056839015886235  0.01681759215143743
  0.02435747689868618  0.03273783183445710  0.04112587594313508  0.05068575989963728
  0.06144309211423651  0.07340735538998631  0.08597519774929940  0.09882379466274538
  0.11163526356084622  0.12392981854588347  0.13526528415075181  0.14575886639588753
  0.15571376418225552  0.16531356481545792  0.17516942523713333  0.18517721867058440
  0.19490020433080193  0.20415819475529490  0.21369073138827235  0.22301116449353350
  0.23221743597782818  0.24130075507892870  0.25055555511415939  0.25946987552297524
  0.26816600712725630  0.27685711857534379  0.28557031918446701  0.29408777144767967
  0.30250274036410013  0.31127795712645767  0.32157465105767680  0.33250173619893869
  0.34380609457590566  0.35428847491068283  0.36482322875821022  0.37465058042124066
  0.38602758574032653  0.39750264971026938  0.40939453811837195  0.41996098751292876
  0.42967365643015448  0.43947475649090967  0.44929535365064127  0.45915269800632608
  0.46863151830988964  0.47815220931214419  0.48875302245870100  0.50015646929429025
  0.51190418715296626  0.52367185312178555  0.53491105114448168  0.54535790648033966
  0.55525251203496462  0.56524690627512675  0.57591968038984898  0.58678857549452845
  0.59758651165273602  0.60893173272754986  0.62077488342261578  0.63221893029994503
  0.64364327190234105  0.65552635899503453  0.66699833652161244  0.67743135291354195
  0.68748432525380498  0.69809507312922614  0.70879274285549898  0.72055956517956199
  0.73292876677108232  0.74529191688592245  0.75728312978863066  0.76882916955206193
  0.77995446715562577  0.79111882939747724  0.80266587956781688  0.81398014527009954
  0.82479836335201850  0.83521365661360747  0.84558985988983415  0.85583961594412394
  0.86660343152225594  0.87827063274595807  0.89104560340486505  0.90376041075530578
  0.91586475000527745  0.92738266100554023  0.93862136420628495  0.94965533367009192
  0.96058075850035685  0.97186214084864186  0.98461431403212096  1.00000000000000000
 -0.00788046643195079  0.02338627403460053  0.04748061593415864  0.07189199896882549
  0.09556477914265435  0.11826308215898015  0.13910262880214228  0.15927133517953312
  0.17980333508979929  0.20043992896780397  0.22120532829432066  0.24392527197911074
  0.26712620239502749  0.28980921772563190  0.31240606037548502  0.33483055547060270
  0.35721088116636274  0.37955835090765627  0.40194813774083143  0.42432187830286622
  0.44635149736020352  0.46838177029864503  0.49041349588787703  0.51237989456040389
  0.53429582880469773  0.55776357042816460  0.58161277015951973  0.60604802766366805
  0.62981915833161684  0.65151514918025522  0.66768046667110204  0.67975533881036176
  0.69001502005876370  0.69089485054644340  0.69309329405500142  0.69764216273124224
  0.70233053268821832  0.70693874699305703  0.71154855779197368  0.71622361550566482
  0.72092327386268562  0.72561531977031279  0.73031365812193139  0.73505048973323939
  0.73983251282994689  0.74465210982971053  0.74950730291569967  0.75438961849262320
  0.75923435172499276  0.76405321426686412  0.76887608989128498  0.77380749915219260
  0.77879950483797045  0.78376141934098620  0.78863970293911190  0.79353070181710872
  0.79839332997350243  0.80326746876323263  0.80819754750382167  0.81308293554744049
  0.81804847206542197  0.82304184200142572  0.82797216191543277  0.83290150364120630
  0.83797780247906473  0.84313634520771508  0.84817661369794684  0.85321581864736284
  0.85827792202621056  0.86332527981684370  0.86844696047002934  0.87356157996583983
  0.87871546322520666  0.88391523739974187  0.88919432829951628  0.89445840286091893
  0.89962539938160513  0.90480732749950499  0.91003715995727275  0.91527720300072934
  0.92052252570080528  0.92577994063849012  0.93102270465706494  0.93625360463996743
  0.94146438240175245  0.94670911899545929  0.95202629584736587  0.95738503748021486
  0.96273348702484451  0.96807946402658684  0.97335014521267005  0.97866142024251213
  0.98397517498379394  0.98929262842048860  0.99464038121307941  1.00000000000000000
 -0.00192228626988931  0.00744151552915316  0.01560946089483346  0.02560046616228636
  0.03631716415934458  0.04706464004456946  0.05787484904209191  0.06894415587493109
  0.07978578515887061  0.09021385052394092  0.10045104678715094  0.11011167796600485
  0.12056377996705406  0.13094857330979739  0.14161991388109654  0.15147620865173006
  0.16072427824116420  0.17016108419393600  0.18051124463591964  0.19141874607075235
  0.20260463729502329  0.21328878348797919  0.22372335651889375  0.23388342405220197
  0.24389208811985158  0.25366018311521538  0.26334353360575574  0.27343161556591322
  0.28381424376688674  0.29427797775718556  0.30418260176029788  0.31420336889001227
  0.32513825842553618  0.33696094860841458  0.34923472901957681  0.36099443388675367
  0.37172690740730335  0.38352330115243632  0.39573373084463875  0.40845467409632202
  0.42050688406392156  0.43107307620963409  0.44107232768531901  0.45035577314737674
  0.45948336006903856  0.46850297444812128  0.47801216585497158  0.48855867587596424
  0.49957392899248271  0.51075664919060970  0.52184741119538558  0.53255071630635531
  0.54287381006145752  0.55321259455425198  0.56394206387354273  0.57524017801316130
  0.58649541658209103  0.59757167436733793  0.60865438325562149  0.61923479808585191
  0.63020836328349217  0.64134812983409628  0.65387242391351619  0.66607637844934742
  0.67781567915498975  0.68873001319391214  0.69963564282103075  0.70973143236628866
  0.71988024006868956  0.73035327436418873  0.74168511065083642  0.75275172834521265
  0.76402645584784767  0.77503580814643624  0.78549831562607098  0.79559685870323660
  0.80577354801307333  0.81601408868244218  0.82638348956948970  0.83610305575391553
  0.84671589142482806  0.85735381188559456  0.86936707350915143  0.88128505157912707
  0.89252168280851996  0.90248557051093714  0.91171859736288641  0.92073319189552960
  0.92984173641366408  0.93895787626405602  0.94856286457571104  0.95816429595692165
  0.96839129458962314  0.97796402987063025  0.98908662324604546  1.00000000000000000
 -0.00383606096844984  0.01309550627261930  0.02572993968509268  0.03704855044964167
  0.04863771015907561  0.06034721625932978  0.07091717327683424  0.08086625560266129
  0.09099115120114706  0.10146783752367965  0.11135845198212693  0.12095910294249232
  0.13036386789339324  0.13913173182192709  0.14767253391034427  0.15630837169009704
  0.16507598400750081  0.17411975416206374  0.18308205806855560  0.19285341935055481
  0.20330891324196354  0.21410546909867798  0.22483409199902921  0.23605866023365144
  0.24807314544691111  0.26069467118540379  0.27357967750399625  0.28605308347315866
  0.29734019265977102  0.30830624970789200  0.31976050126470645  0.33132887843568265
  0.34210490753844719  0.35287295716862255  0.36420878393160133  0.37555713420198816
  0.38598388077517942  0.39574575678777923  0.40574182347364229  0.41611521508330590
  0.42713725047745210  0.43902678492244523  0.45151257403865791  0.46267000823660964
  0.47212876820870581  0.48106471914733540  0.48964297977142013  0.49823457555180689
  0.50684256942334138  0.51543923142486614  0.52426202723324800  0.53402169689956758
  0.54351176218849229  0.55398013245816835  0.56419041911620438  0.57483315137137381
  0.58620509669973997  0.59840895662514693  0.61007905499207105  0.62015319589750439
  0.63010495189680771  0.63922336788347567  0.64874931745258457  0.65826735821090776
  0.66869636633662843  0.67963569640592680  0.69036801527910363  0.70076909919499808
  0.71115182034079583  0.72162266594175639  0.73185399328845235  0.74176749446007684
  0.75172335085584752  0.76222652840057425  0.77302230310513287  0.78359110873592619
  0.79428412940928628  0.80563961965999287  0.81802718773814775  0.83115224738120941
  0.84372385541879324  0.85515678381651583  0.86574912947778160  0.87535084662631868
  0.88451222763164317  0.89378832625906091  0.90378164579489828  0.91344725635487001
  0.92276091343009747  0.93208289543823175  0.94196453928140045  0.95321594081787808
  0.96537650397422381  0.97784406637700683  0.98919790856444390  1.00000000000000000
 -0.00246596667369147  0.01043861272037822  0.02075806746753448  0.03087428520229608
  0.04027761834630857  0.05002566505514427  0.06022298051516645  0.07049005556495944
  0.08075511771584430  0.09073965173005466  0.10072937827604979  0.11042141861612019
  0.12020749974453025  0.13021499668748412  0.14033190834684614  0.15073275349425017
  0.16226610607221303  0.17443472420365735  0.18710593146309656  0.20057917306638490
  0.21302386941898313  0.22474492290202125  0.23535025199229984  0.24513401105937685
  0.25485068764420260  0.26445049326757480  0.27488872427566052  0.28477975285382962
  0.29511266002991210  0.30617730462032278  0.31703148158898870  0.32712763591650890
  0.33735673701442886  0.34780991772609615  0.35833537814502908  0.36858545142824811
  0.37869377157841566  0.38919914260862581  0.39991905205511646  0.41060464341859720
  0.42223105222734408  0.43402851923854135  0.44510170873833793  0.45586096095396961
  0.46691494640873260  0.47789212594550529  0.48816341202530217  0.49838866063162435
  0.50900617003205328  0.52010966692643479  0.53043042511144434  0.54090177698502251
  0.55211872788944028  0.56334363063510595  0.57469821372615493  0.58656085805538527
  0.59873557568540037  0.61052767983159340  0.62142691941199057  0.63241539649714862
  0.64280194549485303  0.65343323798132680  0.66419880133469666  0.67419545059298525
  0.68307019912819411  0.69217956173461248  0.70213725187839515  0.71265592619072859
  0.72293458530179910  0.73290089561411198  0.74297395124827204  0.75304886608124966
  0.76274501566586084  0.77220886270282385  0.78173763314436495  0.79132671002260913
  0.80096324374280925  0.81103664185617641  0.82174899433051840  0.83242634477414990
  0.84226171722873155  0.85170782034049397  0.86091090647860080  0.86997883939560727
  0.87908837717330102  0.88757359615714027  0.89643731337400012  0.90617109094689086
  0.91571553622800095  0.92555275623847089  0.93574669366371432  0.94713349004567648
  0.96044608320341285  0.97297944713196804  0.98681757888606536  1.00000000000000000
 -0.00267970260770827  0.00962551245781402  0.01987272361592582  0.03089630983897468
  0.04157061045793065  0.05259454622616426  0.06322030165209076  0.07364994090708023
  0.08377341860992425  0.09356923037453824  0.10350261540361448  0.11376791836190055
  0.12413193543796379  0.13408859381211832  0.14392881498697166  0.15420419570854330
  0.16477261155588882  0.17488085673384335  0.18468124803802427  0.19454712116734663
  0.20407309577439506  0.21313732266066721  0.22184097862502367  0.23101218706525531
  0.24126417292797836  0.25217262041913951  0.26343349660129167  0.27476633857273158
  0.28545903007429740  0.29574508027079066  0.30566639038873550  0.31631064909024764
  0.32765911730000091  0.33813610867500016  0.34879796455728512  0.36030370782503512
  0.37241528146025288  0.38280440465853599  0.39326317510240644  0.40412874061636789
  0.41470807239608870  0.42328239574363197  0.43149639386939009  0.44061375022617549
  0.45037447219964094  0.45990710476149332  0.46849649041268798  0.47705849082463753
  0.48695551394308567  0.49746568777808337  0.50765564246511341  0.51750292891985961
  0.52893074878483770  0.54084623813730359  0.55223907636425096  0.56301700982532721
  0.57316440064403718  0.58336931005810388  0.59374434841783508  0.60393155598244197
  0.61409239309520014  0.62407230886151788  0.63549420885561037  0.64717928938933778
  0.65917481606449935  0.67051399587271976  0.68131187822265882  0.69198136698447343
  0.70290777542835803  0.71369345743962087  0.72381864455864642  0.73416030770023788
  0.74499795233146149  0.75755112639769251  0.77075088151312432  0.78299752083760366
  0.79444990588075282  0.80580569736853669  0.81669599635789747  0.82687674232014496
  0.83694077389347721  0.84730841675190971  0.85821953685422903  0.86905804619113980
  0.87985385807790428  0.89141311315316074  0.90326929430781999  0.91604964348718332
  0.92747955640605528  0.93893409086843571  0.95030132416346436  0.96045244595849899
  0.97018333543420576  0.98040224986951396  0.99037736939737908  1.00000000000000000
 -0.00281392599789377  0.01072866813566496  0.02120568097663892  0.03148884552961184
  0.04192861775934141  0.05300230645062995  0.06351483177623928  0.07399600722587948
  0.08486343529810339  0.09667902438519899  0.10834246211277433  0.11965092024843327
  0.13098093553777798  0.14234572615869284  0.15362177244057074  0.16444064675163270
  0.17525077588381049  0.18588252601265548  0.19647416454330291  0.20698497951351000
  0.21756683490270026  0.22773564563286622  0.23747668427547758  0.24715276240952253
  0.25721841731229944  0.26785291698342323  0.27895441699835261  0.28977812413883702
  0.29972579684944911  0.30924972833623132  0.31941895846824275  0.33006275701925269
  0.34080563781500617  0.35170120166303959  0.36295574347241782  0.37470498501665123
  0.38626922727963942  0.39714749347269046  0.40754076968547209  0.41793193744555990
  0.42827459285550906  0.43819175253088483  0.44735379301684675  0.45633307732125822
  0.46567356413456590  0.47478980956582334  0.48351825306681900  0.49213288918590958
  0.50126198843275571  0.51130760002940512  0.52203151278045135  0.53281159388189148
  0.54320432275271335  0.55313536940626518  0.56341539259779227  0.57423810403094844
  0.58560040728690110  0.59757967816313207  0.60964147623748433  0.62168486030227188
  0.63354575369498445  0.64491534846796084  0.65576542841925900  0.66639398881398615
  0.67713987075920856  0.68850533531669722  0.70072391876027296  0.71240197229329683
  0.72266667919211680  0.73271153090108565  0.74348658451027327  0.75542108343681991
  0.76731815842169249  0.77926730283612022  0.79079052751847112  0.80228133864795215
  0.81350822560413216  0.82391883422447798  0.83359157259664407  0.84357065118828567
  0.85389434059208968  0.86348355974087931  0.87256466848005898  0.88208473492815287
  0.89240203364072723  0.90302568403977534  0.91367047664651757  0.92476038897961166
  0.93551128044930720  0.94477712209737719  0.95365020155260327  0.96318802745483711
  0.97246891915375300  0.98121182507223814  0.99014040867872588  1.00000000000000000
   61.300426350323114       -1.0000000000000000     
 F F F F F F F F F F F F F F F F F F F F F F F F F F F F F F F F F F F F F F F F F F F F F F F F F F F F F F F F F F F F F F F F F F F F F F F F F F F F F F F F F F F F F F F F F F F F F F F F F F F F F F F F F F F F F F F F F F F F F F F F F F F F F F F F
  <DiscreteSampler_grid>
  grouped_processes
  1 # 1 for a reference and 2 for a running grid.
  10 # Attribute 'min_bin_probing_points' of the grid.
  1 # Attribute 'grid_mode' of the grid. 1=='default',2=='initialization'
  0.0000000000000000 # Attribute 'small_contrib_threshold' of the grid.
  0.5000000000000000 # Attribute 'damping_power' of the grid.
 # binID   n_entries weight   weight_sqr   abs_weight
    10   10   4.587779621917317E+013   5.510207214492928E+027   4.587779621917317E+013
  </DiscreteSampler_grid>
