 -0.00321187866024413  0.01161432149018397  0.02306111807637139  0.03323224675263253
  0.04276530853886609  0.05234019359620293  0.06260595931060219  0.07380296498651467
  0.08462205097453702  0.09590525949164226  0.10718783362048058  0.11807462717519618
  0.12817405652762356  0.13754093911933038  0.14705035153832763  0.15753941580560532
  0.16860277697774045  0.18125273494660060  0.19310021387282153  0.20498320739374323
  0.21671342885892300  0.22779856372241145  0.23801783836786605  0.24763530500419420
  0.25720164306229432  0.26629673018634492  0.27516485760126619  0.28424111921203210
  0.29435430865340867  0.30339219247722543  0.31188548241874187  0.32124015391640826
  0.33126940881450057  0.34197262738979184  0.35310112366660740  0.36435005506371437
  0.37542185159346619  0.38645272076709825  0.39725648229083727  0.40750845500965249
  0.41757033908570879  0.42739087262130160  0.43708860237002212  0.44680482373292185
  0.45677816740331806  0.46751498065248642  0.47897795083003608  0.49149226995302764
  0.50408161672379392  0.51579830200930410  0.52683328541579610  0.53737038205617182
  0.54768151589355774  0.55782850504354831  0.56799688228940792  0.57845014990984278
  0.58892386094973603  0.59924370804021942  0.60997528900326059  0.62143418568728448
  0.63373388892213056  0.64656725158921113  0.65952459786848772  0.67194840676262768
  0.68356149461357729  0.69447953710261923  0.70469638843243720  0.71436579086858498
  0.72382785007447126  0.73326311741811367  0.74244932872863578  0.75154456220407084
  0.76067170418359187  0.76966769044057959  0.77877161228493819  0.78834949995058490
  0.79861607415544678  0.80898474030812895  0.81900160417891410  0.82874670953145535
  0.83830167199090799  0.84784418316005938  0.85752647581253916  0.86712436259361558
  0.87674850610369015  0.88745993834364478  0.89872033078180069  0.90978234357967736
  0.91983745196359146  0.92973217041919864  0.93968806793594317  0.94989631522760687
  0.96091598245305021  0.97343736677230586  0.98661185595430823  1.00000000000000000
 -0.00044817537827846  0.00613142136629213  0.01251860436413796  0.01926699087723970
  0.02690984672254716  0.03514139661142840  0.04373310323895631  0.05254272182627798
  0.06165111834083103  0.07158763117193434  0.08201994201689390  0.09224761928932718
  0.10214507698114575  0.11227216030838125  0.12274109406320907  0.13276926082615567
  0.14262079950932152  0.15196876486106609  0.16088199385033450  0.16955848315298708
  0.17843688082577583  0.18831092874752528  0.19942225897131072  0.21118747627187515
  0.22293575393469184  0.23476726105266191  0.24668998910910536  0.25830935557361601
  0.26940552551271185  0.27986552427625377  0.29029022275265243  0.30139777401848905
  0.31287703142942075  0.32475418058279176  0.33638880831557927  0.34807211570270363
  0.35934551329769460  0.37070136674440579  0.38076277201884273  0.39052628746172524
  0.40037896233771908  0.41045188042260411  0.42071637388520278  0.43046701576166974
  0.44055651552372299  0.45098763049665230  0.46178251003362641  0.47311209807630178
  0.48350346528831817  0.49354262451383990  0.50355683519973715  0.51415221261939570
  0.52513755234057535  0.53644375283033197  0.54781392891553160  0.55944757179224558
  0.57086514767965435  0.58222906078753800  0.59345263549034366  0.60493703779814267
  0.61618295872449380  0.62691347591801083  0.63725629611808765  0.64805469185077202
  0.65870645965330188  0.66910206075219469  0.68001742004190568  0.69037353864624795
  0.70042521150599191  0.71077468916359843  0.72281587133939096  0.73475846699367187
  0.74602944547780825  0.75655290820875554  0.76696977298122337  0.77680860548550001
  0.78717163457738515  0.79689152688898801  0.80652049738551346  0.81603033360547272
  0.82498516115843767  0.83410118239772690  0.84359469285623667  0.85325917035684318
  0.86381832903487576  0.87471865524679970  0.88667046135578087  0.89897612596025589
  0.91098844976650895  0.92193282890307204  0.93229534443326889  0.94293895032248642
  0.95413632669629123  0.96616145822975386  0.98035975833603717  1.00000000000000000
 -0.00803918721097826  0.01956300214561032  0.04298892182998166  0.06668193419475647
  0.08988521568682604  0.11240368388766125  0.13261666774244782  0.15184727352001762
  0.17155241096667639  0.19115531370177363  0.21063416229371981  0.23251785609215495
  0.25487918238972401  0.27720391783561377  0.29954483770572415  0.32190481268808413
  0.34418343759912906  0.36643470038667619  0.38867265976020920  0.41080127579084458
  0.43271972128873110  0.45494864078788144  0.47738025516587512  0.49980829074195043
  0.52227988172662299  0.54508649278145627  0.56836847826396486  0.59262595890482006
  0.61756890680166232  0.64318421409889892  0.65981140063262322  0.67409546360680306
  0.68879281376907686  0.69035744113816533  0.69180200061904473  0.69572385151069294
  0.70068106705007438  0.70551474518842439  0.71030498050381452  0.71502474476500499
  0.71975253877237144  0.72452723076803260  0.72937846564861619  0.73420077885098922
  0.73899631508522923  0.74385618258782182  0.74879440125266084  0.75369022349221637
  0.75847289087314873  0.76324861897424745  0.76809934729699325  0.77298414253961689
  0.77788767479793264  0.78271805674747241  0.78753926681345077  0.79241883677623470
  0.79732460825601870  0.80222025833057486  0.80717937295298559  0.81217208629232140
  0.81719007135251143  0.82223083332454061  0.82720638965689053  0.83225525508025522
  0.83734678046065758  0.84235871019575337  0.84742812099743248  0.85249961907579708
  0.85760031154914407  0.86270482669363002  0.86780688008524831  0.87295519158929924
  0.87808874985699159  0.88322250415679315  0.88836404306180661  0.89354164126392677
  0.89872801435573335  0.90391894572059905  0.90909989581518524  0.91426122002305665
  0.91938976452219956  0.92453435899877057  0.92979036360050393  0.93515141932225765
  0.94055911808627712  0.94589921029852408  0.95119472282213191  0.95646005796582789
  0.96177247740466887  0.96713856317250857  0.97250348895097727  0.97790045650482027
  0.98337030706694573  0.98891735626954824  0.99447628818713130  1.00000000000000000
 -0.00225838401764330  0.00862341129481680  0.01784168067802950  0.02799678203298451
  0.03887427593105966  0.04933351064561591  0.06002634946079512  0.07079404672764418
  0.08145033906052591  0.09100132330180094  0.10041675450995850  0.11074801909722838
  0.12192698945230145  0.13126353889844480  0.14082367036501228  0.15096727392288178
  0.16172898388138285  0.17208068170181054  0.18288287492485583  0.19308437396150646
  0.20349863066025065  0.21383782022819400  0.22547857422419904  0.23634140855444255
  0.24700783536695695  0.25733390009717916  0.26733927884855785  0.27670892401182412
  0.28622028885233114  0.29559302210069793  0.30519881707551288  0.31473480159853673
  0.32501822958600624  0.33548972919621323  0.34580773731378461  0.35645548076269257
  0.36753832315347673  0.37829636317949356  0.38915092382974731  0.40108799084758889
  0.41416786330974309  0.42773680534281827  0.44054889966353067  0.45303931710924733
  0.46502005465345697  0.47645797859617889  0.48798225563635622  0.49952696394530993
  0.50958902870595169  0.51973912523492538  0.52994968595623171  0.54041359663297828
  0.55088950005782378  0.56187771538355580  0.57236047859729244  0.58222506077000913
  0.59172608728034037  0.60176369226178006  0.61243262566731549  0.62340513230302930
  0.63486692158629365  0.64650840518187314  0.65858829077590819  0.67070561205744317
  0.68232734149842700  0.69320418229986658  0.70321713563191490  0.71237189395617850
  0.72062617316370703  0.72896528091987756  0.73784554082520415  0.74704550630880384
  0.75649201670771049  0.76633041399938051  0.77798299130617865  0.79127789806503745
  0.80272491278100899  0.81286173051291366  0.82320702144481239  0.83346434000725811
  0.84353775137391329  0.85312114359363822  0.86409829131818405  0.87505277797770553
  0.88504526514335669  0.89485486827824334  0.90450337982658147  0.91408364364047634
  0.92364979844322792  0.93325737023037614  0.94345554898691908  0.95447864846359853
  0.96560256278483181  0.97697390492455249  0.98822571376170354  1.00000000000000000
 -0.00234051721880739  0.00906029971694972  0.01865486570580604  0.02841189238899114
  0.03761012458028411  0.04688156398229559  0.05770474978777936  0.06805330673396014
  0.07809194349158788  0.08813662717993789  0.09875007711881523  0.10903883861150251
  0.11911500068271288  0.13046569130409161  0.14352592967512717  0.15602612378415515
  0.16771025316371388  0.17988293326186858  0.19120291916494234  0.20163980959302841
  0.21138476686112953  0.22052786071845062  0.22952066478809066  0.23932141409318333
  0.24889725676904842  0.25982360411437905  0.27095798036887586  0.28239820820139389
  0.29426408072327703  0.30649165970866193  0.31797001063336083  0.32837938458069449
  0.33919622810897648  0.35050815478248276  0.36148148417256226  0.37207152290795348
  0.38235401661730417  0.39258776708906862  0.40270252511834564  0.41357481669242935
  0.42401604605466497  0.43392024689407932  0.44385492934411114  0.45411042217609876
  0.46496021276952904  0.47499735353258066  0.48499418500281533  0.49519094934254687
  0.50594609553271030  0.51732121272433351  0.52871993550674390  0.53961653497787365
  0.55067381096351253  0.56185643165071497  0.57296546959856542  0.58360969163169785
  0.59354193177774095  0.60337864254464624  0.61338872387673216  0.62334973924544068
  0.63249541144623678  0.64155628209044546  0.65105059474270455  0.66232943966957314
  0.67304085697782723  0.68451596289482686  0.69592768497578650  0.70743312631902111
  0.71858338014752909  0.72970853187222806  0.74014299838701592  0.75075351724166450
  0.76096773385721228  0.77107136315350755  0.78083542603878031  0.79109797150232675
  0.80215003838887955  0.81360282711118148  0.82429680563623509  0.83449810498966825
  0.84497654812152168  0.85541585380542173  0.86562095233425129  0.87616336461402067
  0.88617198197833358  0.89660505894345832  0.90741164812504704  0.91774931249761782
  0.92800208410268570  0.93839093555662834  0.94935951493360238  0.95976110397093872
  0.96981694130501628  0.97929204112388946  0.98958924872857190  1.00000000000000000
 -0.00228050740809193  0.01000480199246178  0.01966135515114015  0.02959541453198507
  0.03935362920552709  0.04921299479878866  0.05910359734258992  0.06901036073584059
  0.07894129696447397  0.08857306008061359  0.09805446246457292  0.10785293775488025
  0.11800721577138593  0.12896576676204061  0.14030682847550546  0.15166785387462509
  0.16348852052214244  0.17473442992054139  0.18597327376691208  0.19649303556034023
  0.20638290945024096  0.21639109736028700  0.22712764306063191  0.23844861930896324
  0.24936097025418416  0.26113175317707504  0.27221278984821995  0.28364430882093383
  0.29516727977895529  0.30672970746076905  0.31818737089586036  0.32985506629753020
  0.33992418782041561  0.34986117311546300  0.36009481534478505  0.37033700856751001
  0.38030919840655975  0.38963993698436461  0.39914906345423334  0.40839505616886584
  0.41783416721196170  0.42714630571541651  0.43691140494304376  0.44700361650656700
  0.45730588554334312  0.46879213820614418  0.48114194442067981  0.49363843867243812
  0.50600778401563451  0.51818639386017373  0.53026619334557146  0.54216055784435324
  0.55327416585963074  0.56429251711846529  0.57558040989368064  0.58703267854697783
  0.59826027571623652  0.60928511543837749  0.62036344603110161  0.63133005473666870
  0.64212192409751456  0.65254325708804750  0.66281258542965216  0.67324990998392675
  0.68358376151922040  0.69413853837962225  0.70493261191916812  0.71609904845117278
  0.72671795163947805  0.73718357861859551  0.74757805842600966  0.75828097225142688
  0.76991776388792810  0.78227132535995059  0.79492959925322282  0.80712021529882749
  0.81880085184284201  0.83029391831028776  0.84129973673905190  0.85132442338146430
  0.86057388456604178  0.86915315158143669  0.87796853338113290  0.88642744747578739
  0.89512730300646370  0.90398342481518190  0.91299599693750833  0.92201440529244882
  0.93069276791134958  0.93937155717563747  0.94819643802976927  0.95759092889528519
  0.96727814505495335  0.97707485433921537  0.98781622176694861  1.00000000000000000
 -0.00276331083399712  0.01048217633277309  0.02122407952578863  0.03169030338051215
  0.04216065543589770  0.05241408274455428  0.06269974036212429  0.07328957144067311
  0.08421671283513790  0.09502784475040224  0.10621035967468699  0.11815383208021597
  0.12968883750468244  0.14028045347305512  0.15110120923691123  0.16196538717018369
  0.17239760411643784  0.18176319578593286  0.19125832795720130  0.20084829602826362
  0.21065504919516767  0.22076334800761263  0.23084030722270765  0.24102948849726660
  0.25136090968629099  0.26186992070890697  0.27206543349002754  0.28141037451194251
  0.29069435948278649  0.30077198012003603  0.31100717778411707  0.32097285399018782
  0.33065645051117248  0.34021612000042906  0.34971827857607823  0.35895529820395500
  0.36835482358566812  0.37831266866896684  0.38838491368164563  0.39850864740938985
  0.40820670487352440  0.41734477365677675  0.42611497750943905  0.43547135693358990
  0.44563751974002591  0.45672849108588676  0.46825485411371232  0.47985178030119119
  0.49141053216966862  0.50306496336928097  0.51453285542907745  0.52492046499020917
  0.53452932729622415  0.54452208150587111  0.55463798027163047  0.56467012428522545
  0.57483906285357145  0.58601178662220144  0.59859868769448488  0.61165028537158372
  0.62399760281303140  0.63514521055079909  0.64568854518377761  0.65611291294845664
  0.66644507075498616  0.67695756661031881  0.68802944732109128  0.70005322965514183
  0.71228549506695549  0.72338476155738707  0.73415952067120160  0.74410137728134118
  0.75384628745667082  0.76335849433794567  0.77299345298824651  0.78293118359131775
  0.79320496387591566  0.80409330577854454  0.81509385072922313  0.82598875133426297
  0.83739819037944296  0.84913926200819811  0.86045071883713364  0.87123883262618873
  0.88167490625018752  0.89198950024813262  0.90174068554282338  0.91158669520700453
  0.92243912536760997  0.93411284142773154  0.94560363995091845  0.95665388054257461
  0.96754207881207466  0.97840542093432636  0.98926249128676758  1.00000000000000000
 -0.00241448362730514  0.00923003028232066  0.01926531811892547  0.02937906817894872
  0.03925866621259273  0.04943343034660288  0.05928749211334008  0.06927847847990280
  0.07953095198340540  0.09024416884938249  0.10128914581486055  0.11276387337081213
  0.12385784314860480  0.13430402232459673  0.14429720749963354  0.15464841014985342
  0.16511842375609273  0.17506986297996222  0.18447555479149685  0.19411651954539147
  0.20446532524418692  0.21507907116604807  0.22693463563628660  0.23991149050534663
  0.25372670885132004  0.26632345559635529  0.27776620157540483  0.28838738357576327
  0.29834788592043254  0.30817259706377553  0.31790769810554415  0.32751862158290346
  0.33765776549923038  0.34832625899802894  0.35883982681190218  0.36860371295761801
  0.37869088008042040  0.38934599376998746  0.40023541099663779  0.41048420113167894
  0.42069116248581617  0.43103454910489059  0.44069446794936740  0.44980274133128673
  0.45931960507345637  0.46946881706938220  0.47952953829696510  0.49214433540646374
  0.50400682612312375  0.51378109696020202  0.52454411664831457  0.53492593666125998
  0.54512978343291074  0.55466374621486669  0.56471256894499877  0.57583618836447326
  0.58743068986102787  0.59902465055483622  0.61081988992086722  0.62310815331593683
  0.63449758609433560  0.64522108388814414  0.65492513684719023  0.66403017858142166
  0.67322867138350817  0.68219742502265002  0.69166417608611142  0.70212826808971374
  0.71270412739114020  0.72439143708747011  0.73539151689504267  0.74616500146143527
  0.75661281732347863  0.76691337406884963  0.77769264473723687  0.78917646402516517
  0.80216396427795700  0.81499395234137240  0.82781755161077375  0.83870875608067752
  0.84926668279117212  0.86026590682838866  0.87166183453802992  0.88222324833955523
  0.89267026744817290  0.90384773332651669  0.91503883434230038  0.92360707044261670
  0.93268688198402827  0.94263911955689572  0.95231865635255086  0.96128368305117984
  0.96973505739737376  0.97870022470281659  0.98894285558457362  1.00000000000000000
   61.097118234915904       -1.0000000000000000     
 F F F F F F F F F F F F F F F F F F F F F F F F F F F F F F F F F F F F F F F F F F F F F F F F F F F F F F F F F F F F F F F F F F F F F F F F F F F F F F F F F F F F F F F F F F F F F F F F F F F F F F F F F F F F F F F F F F F F F F F F F F F F F F F F
  <DiscreteSampler_grid>
  grouped_processes
  1 # 1 for a reference and 2 for a running grid.
  10 # Attribute 'min_bin_probing_points' of the grid.
  1 # Attribute 'grid_mode' of the grid. 1=='default',2=='initialization'
  0.0000000000000000 # Attribute 'small_contrib_threshold' of the grid.
  0.5000000000000000 # Attribute 'damping_power' of the grid.
 # binID   n_entries weight   weight_sqr   abs_weight
    10   10   3.402437975784560E+013   2.814633920654470E+027   3.402437975784560E+013
  </DiscreteSampler_grid>
