 -0.00289418402123697  0.01005417003678271  0.02061396969795298  0.03167934973206151
  0.04247417894476291  0.05310611757996607  0.06362587567463311  0.07405060108077836
  0.08425012188950466  0.09420644429145866  0.10465530507554507  0.11549206201865342
  0.12663885361131064  0.13705952529076212  0.14658749369955731  0.15572655353325121
  0.16499694773845375  0.17494295037238972  0.18539349214760004  0.19564528076081378
  0.20571355936295177  0.21585379018273279  0.22645518756463187  0.23770330712132015
  0.24929993882828802  0.26008108721168050  0.26997955115974870  0.27997030414390095
  0.28999074626926252  0.30082849868937062  0.31091164172631580  0.32365751766034428
  0.33692577774004190  0.35129885523270810  0.36210021680107662  0.37167075449475451
  0.38100487898951724  0.39073964142433804  0.40017309136691293  0.40958287744868271
  0.41882241803259362  0.42902526021470266  0.43922267087963263  0.45006066569371050
  0.46074711077160962  0.47061044555930820  0.48004787420815187  0.48923066075934812
  0.49835851054810848  0.50792980158143630  0.51735379705600515  0.52763677166913159
  0.53820546170914074  0.54852132248029506  0.55851367135768448  0.56848587932481753
  0.57876358174424236  0.58877059327344372  0.59929086736089821  0.60982949624903571
  0.62096667003299044  0.63123298969449737  0.64182327835278485  0.65303164050871698
  0.66480392622962781  0.67636261702972811  0.68748698118428120  0.69810405727525759
  0.70825454357528594  0.71761787939414479  0.72686890795300529  0.73660588482801370
  0.74646930004503464  0.75627340327705905  0.76633734801003184  0.77789969637136713
  0.79105013889357445  0.80459175886111312  0.81725741095467785  0.82874521119835109
  0.83935921693121096  0.84943068212121564  0.85914485216911618  0.86845367654286010
  0.87817554065761094  0.88837550753243066  0.89884840381236419  0.90974390156519302
  0.92094341018540249  0.93282032804302806  0.94408016153149421  0.95455272607499630
  0.96691025235004102  0.97861004690456554  0.98960523171985038  1.00000000000000000
  0.00002197928841315  0.00480146127018591  0.01018967766913478  0.01593921969297452
  0.02275000834722736  0.03030288411289883  0.03817607311644650  0.04665494056729381
  0.05519224913775125  0.06406393550157176  0.07501136910177815  0.08642428538055781
  0.09862283537218519  0.10965171256308459  0.11974412412993388  0.12976697316227614
  0.13990961369044227  0.15015224508633609  0.16024928954216602  0.17042802888497216
  0.18098094208019780  0.19142675184076038  0.20152378039247110  0.21134900088527733
  0.22155935153212891  0.23194424386176876  0.24161822098251151  0.25091707956909859
  0.26027120785469371  0.26982576618843074  0.27991328430183260  0.29032140604174139
  0.30015708965934829  0.30976117944980169  0.31928695969125803  0.32888501954288002
  0.33847298951956822  0.34794728111764650  0.35757308018383233  0.36896452173566868
  0.38075721976386795  0.39353087319577890  0.40581137251703769  0.41795810960291285
  0.43002322546633631  0.44134043257247801  0.45176415888386429  0.46182748775024163
  0.47187349036320003  0.48196403467998095  0.49181523662568649  0.50165393450907858
  0.51210626810226967  0.52284185014028906  0.53370861755512466  0.54399609905369750
  0.55440965477665660  0.56501042428235992  0.57553348624630685  0.58592697095665647
  0.59663293512904114  0.60776792551689129  0.61937529213115017  0.63060480391569684
  0.64171003415463956  0.65263445728845459  0.66355527779043222  0.67416116086207900
  0.68477431162848212  0.69641092910906532  0.70816031227939291  0.71881082861343992
  0.72898167661132751  0.73958361998917121  0.75019097030174242  0.76082622594060778
  0.77193578272544860  0.78478004241793475  0.79768347526888628  0.80961183814933335
  0.82051187297081840  0.83099325594581241  0.84175852747539914  0.85274162234461748
  0.86373755102490957  0.87458693330934767  0.88619929656575469  0.89805951466963607
  0.90965084019766262  0.92117217214748881  0.93257567577767497  0.94378310587843384
  0.95543425621898515  0.96865486874061135  0.98348503564050027  1.00000000000000000
 -0.00819589651189567  0.01961663241846374  0.04311176914321757  0.06683365766206667
  0.08989429912075818  0.11213532205709760  0.13233947883741939  0.15189967600567877
  0.17177877024969185  0.19149557786824017  0.21106365600693414  0.23277780515004362
  0.25476644848939495  0.27654560346501050  0.29842578085917493  0.32041538050823226
  0.34255540730652356  0.36472815601221353  0.38683059112373253  0.40889662691562761
  0.43090947571877414  0.45253686442842839  0.47401297410104881  0.49578011943832229
  0.51780129963735977  0.54039706304988533  0.56336028950624162  0.58657986330226741
  0.61003262114574452  0.63253642875008409  0.65039749986061646  0.67016143479376467
  0.68779671649175456  0.69011850807651998  0.69142813562822014  0.69416204727181763
  0.69934214554804530  0.70416186856983298  0.70899756468268860  0.71378122554517087
  0.71848242153532904  0.72322216468217915  0.72809766915182217  0.73297489214415290
  0.73772040138479011  0.74246152090086515  0.74729939210231144  0.75218696996532874
  0.75703244106930767  0.76183059643017903  0.76665072417678581  0.77152684642173153
  0.77648255738260830  0.78144723579088704  0.78633996714911703  0.79126899167018472
  0.79628633658961823  0.80130597662238334  0.80621319141187842  0.81111127195347799
  0.81614999982803016  0.82121522593192087  0.82623724224946160  0.83128375406904942
  0.83637150424342788  0.84143246981031994  0.84648894134111330  0.85164082954325671
  0.85682282035968405  0.86197452396044338  0.86716100419291886  0.87237662976209529
  0.87763006012607725  0.88283196604528213  0.88802596828589675  0.89323998483207634
  0.89844138073630653  0.90368064656654767  0.90894086236097937  0.91413908180752912
  0.91935208727713613  0.92464850100641982  0.92998533379273329  0.93524910793005911
  0.94059099701605753  0.94596343195521526  0.95134814932534117  0.95670287116506036
  0.96203714998072920  0.96740608520986726  0.97280029727588513  0.97819453644508136
  0.98361870968996501  0.98906531719674817  0.99451645315549686  1.00000000000000000
 -0.00258396281562272  0.00974418037941564  0.02068953470595643  0.03209836091677866
  0.04348339527574933  0.05404917094070585  0.06453109256952075  0.07470089432443427
  0.08427621413763925  0.09339453779190132  0.10300151308113729  0.11383482296471947
  0.12467996368336998  0.13501329957507716  0.14576822876574827  0.15693217361499362
  0.16757638142663667  0.17765092653360121  0.18858029363084508  0.20093135549737681
  0.21280751844427129  0.22319935194409143  0.23281724237625520  0.24215257225013689
  0.25201225026638335  0.26160047716844115  0.27144920595664629  0.28178580356481647
  0.29198377172028800  0.30088014960041015  0.30934828606498549  0.31850371728159188
  0.32797364191813771  0.33721808421372163  0.34650397734103694  0.35669563515111807
  0.36826276395323365  0.37933361334232829  0.38921753250978819  0.39876921998386700
  0.40844063467301933  0.41845507816224947  0.42840913548106074  0.43871315135318145
  0.45007733516443488  0.46287855093633429  0.47715443967752519  0.49008817777337610
  0.50207668642196690  0.51250898467435768  0.52298530792218367  0.53282910924717342
  0.54345042764137863  0.55355653414722439  0.56372111446489792  0.57437532704399552
  0.58546590597620374  0.59657532438231642  0.60732073565839306  0.61768718779250698
  0.62744913771146427  0.63613561318990541  0.64515414762437573  0.65453381059103077
  0.66398178378156203  0.67356619625673775  0.68370640165746721  0.69499549215536105
  0.70697608340493723  0.71838290161623275  0.72868596600609958  0.73775704674219611
  0.74627222315885622  0.75516054548106593  0.76476113700358828  0.77487655887493700
  0.78521896691590110  0.79516840227423091  0.80485048616978461  0.81436212772595462
  0.82417931166369340  0.83441162483975029  0.84455838245441683  0.85460641074803012
  0.86519089303494223  0.87603746920250536  0.88746352269172246  0.89905359608091051
  0.91075403878360073  0.92288283815102734  0.93492355165812646  0.94722474367377374
  0.95982314081788345  0.97325669100572365  0.98652138605531348  1.00000000000000000
 -0.00338295455921876  0.01128513701668690  0.02428773901164490  0.03676794989289702
  0.04919836200383274  0.06117394622067827  0.07201074362379546  0.08207505342680683
  0.09247046145895857  0.10275205873697908  0.11264100859711766  0.12290089019446489
  0.13467094176996422  0.14755747903884336  0.16006160367414690  0.17209623225564077
  0.18349922901051166  0.19371378432516900  0.20291731276900729  0.21157534331028346
  0.21993064709099597  0.22859233339087853  0.23791349350137803  0.24784220011443397
  0.25797523740251760  0.26859093672350809  0.28015755746176652  0.29269905721741113
  0.30548617756304969  0.31744271021410225  0.32853640933180600  0.33919454169963825
  0.34977095183304896  0.36066331798505630  0.37171414241258494  0.38271756337610008
  0.39339398269843584  0.40378543061799771  0.41413789081722396  0.42458672502000117
  0.43528995217863120  0.44551437826017104  0.45511756308557288  0.46443589004068297
  0.47366904222211909  0.48296391460256222  0.49269466073000351  0.50330489516523769
  0.51414221037426067  0.52472976890899981  0.53524112008523772  0.54636566705259693
  0.55805647776244416  0.56952916746042670  0.58025917895370538  0.59018528601038944
  0.59973389107743580  0.60882905376361540  0.61756358972481840  0.62676247786448736
  0.63560855900569613  0.64415539820417300  0.65300060865272602  0.66277882060159543
  0.67243905324528919  0.68236936200253295  0.69209693760973534  0.70269726454348247
  0.71381945382727874  0.72560265355753129  0.73633438366912218  0.74756332316298080
  0.75935283811173460  0.77123281786611675  0.78274982388190129  0.79474664189338351
  0.80718828152061028  0.81918484099219835  0.83048946610221241  0.84126517803998413
  0.85177676735544683  0.86141839060774683  0.87027523034671195  0.87859883997378785
  0.88690525148885935  0.89538763751563433  0.90370092414975767  0.91197097170563501
  0.92090459873196429  0.93121756796451394  0.94169035554917602  0.95365111647236922
  0.96570967727695312  0.97743832201591196  0.98902380841836535  1.00000000000000000
 -0.00205434524581072  0.00878939235790389  0.01794856166660775  0.02787603746629300
  0.03785686877323476  0.04780267320402169  0.05810521050822158  0.06880995585220741
  0.08020350192265395  0.09086359258912070  0.10112834703542072  0.11136623591967511
  0.12132656683941359  0.13156089420144218  0.14181369401957905  0.15377152856758858
  0.16614368397616691  0.17814637251686091  0.18899272413874446  0.19832802262762736
  0.20826589606304546  0.21870363150747443  0.22910448040661202  0.23872415643120701
  0.24804630448510911  0.25810821902226061  0.26868731177855476  0.27926584839874741
  0.28935906787459914  0.29908932231393787  0.30872115913336623  0.31880927616056093
  0.32918071677236588  0.33963203731571623  0.34985245228100470  0.36035380966239294
  0.37114489420270069  0.38192227206901624  0.39312919358431886  0.40474193738063241
  0.41676174455752674  0.42881020687943239  0.44030533463961807  0.45091923793672412
  0.46077710162652685  0.46960713970806012  0.47791156666523898  0.48632631296224910
  0.49518948622375047  0.50474800390406038  0.51464839268838414  0.52440805348385877
  0.53443217325116443  0.54465336422294741  0.55481416488933344  0.56454983127884095
  0.57333418330469010  0.58161346306046935  0.59028041450576807  0.59919648213216292
  0.60852603564860175  0.61826584202189105  0.62850712476486259  0.64007464472415032
  0.65201073618076077  0.66401521954853759  0.67643542952304581  0.68887217395859990
  0.70173424102658211  0.71478556769978019  0.72704031519633316  0.73786802845461485
  0.74783672421352199  0.75807365299778728  0.76852947063251342  0.77921665129960227
  0.78998411023898585  0.80151850853044238  0.81426416570081683  0.82641622810610127
  0.83881964076053850  0.85083167675515292  0.86256407943260505  0.87471262655239101
  0.88823561530369688  0.90069695605180899  0.91207171979789847  0.92258080649825691
  0.93263714000405784  0.94251024233257163  0.95248913948336789  0.96228638269567834
  0.97189097854664885  0.98204575451460996  0.99124253546947649  1.00000000000000000
 -0.00254913450553947  0.00997094381678558  0.02049491897085423  0.03155117006942273
  0.04323089069122463  0.05539058799555551  0.06794904954611324  0.08000303967660978
  0.09109832655809548  0.10137453358364715  0.11118232331328928  0.12138148342896367
  0.13102798797238910  0.14034646152680738  0.15011216238413877  0.16041965482788773
  0.17095334165362774  0.18155051632511579  0.19239794992533471  0.20334989787446375
  0.21410924389373628  0.22480806130030492  0.23578056913877354  0.24754822471703228
  0.25949284357506713  0.27083515369027600  0.28082295840388205  0.29032551871880752
  0.30026486661124341  0.31066596331782614  0.32076183737402786  0.33060760062958294
  0.34102452334619837  0.35204356379874907  0.36330867016376622  0.37492470406719969
  0.38701584920041232  0.39873181535837471  0.41015646232593123  0.42081899810344220
  0.43085260506346090  0.44037563417431913  0.44916900910952173  0.45861003541698103
  0.46807580502556545  0.47744617148862839  0.48710676234652034  0.49724106251998323
  0.50794153919124052  0.51869150109139028  0.52807461394684896  0.53694146769159423
  0.54629847575889678  0.55577488336742042  0.56531269007158991  0.57465653347204226
  0.58396809027161267  0.59591715154733149  0.60824896587660282  0.62057768884091935
  0.63251294550864534  0.64398203704677670  0.65424195253813289  0.66409579568210464
  0.67430473219824094  0.68523291210873793  0.69668351748593182  0.70745151860660560
  0.71723409253608306  0.72659587621777888  0.73567312352373260  0.74466846754215288
  0.75381380817134225  0.76293249347139991  0.77186526714778658  0.78195482967493068
  0.79260042527115582  0.80411641934650657  0.81543056337427089  0.82764343529158901
  0.83984502529676985  0.85175874273633212  0.86288557536321686  0.87329876536334694
  0.88274604370010756  0.89191225505976413  0.90120203929418508  0.91022898849197775
  0.91928365793831002  0.92922792688495170  0.94011288717765407  0.95222887875401396
  0.96472223621725417  0.97679387335523415  0.98840776458440305  1.00000000000000000
 -0.00215954569641970  0.00890413774895705  0.01842348339952831  0.02875424080211680
  0.03929177883708951  0.04986999088354721  0.05997454991392127  0.07036289537044817
  0.08026163158585017  0.08975171177622558  0.09924294976733880  0.11024933570855355
  0.12212140908532110  0.13437725424314184  0.14555102022755625  0.15563256115275120
  0.16540439307008001  0.17624863288018772  0.18703470456101315  0.19794586783207960
  0.20861662220358554  0.21918262381902920  0.22947465135132991  0.23933659508027511
  0.24916896892575546  0.25926818357810533  0.26894692109341162  0.27938592034618798
  0.28874808695458060  0.29997840902286244  0.31074291293441103  0.32087703416006752
  0.33074245932682761  0.34024720257782926  0.34979583987363766  0.35945829461897710
  0.36888698461751829  0.37822178225767206  0.38795949398723206  0.39743401286478697
  0.40664498763978246  0.41583875482313148  0.42535878757124845  0.43556496794850286
  0.44690972653069078  0.45889662207135756  0.47029137604896853  0.48136674775707805
  0.49250830567572690  0.50403768562414142  0.51516726887789299  0.52666346981149881
  0.53823261043711701  0.54966790134460342  0.56080891459247706  0.57160584851137575
  0.58236969414177309  0.59312985911234106  0.60378753041182187  0.61414891039221287
  0.62444422472491712  0.63496440945548049  0.64545047715445147  0.65574467968326167
  0.66546498743174431  0.67578223435470808  0.68597721219245034  0.69595902112843666
  0.70610433067814138  0.71684063808259813  0.72771433459398005  0.73824663187761752
  0.74946793474597817  0.76113843614697163  0.77230069166829085  0.78200734177665554
  0.79159323335565723  0.80139021522255871  0.81184603608680939  0.82285756788408004
  0.83337835820793849  0.84569069310120148  0.85730488756905754  0.86873651202249502
  0.88038909877345117  0.89246231976001433  0.90429022868737885  0.91543794718789118
  0.92637249846364489  0.93720083645595098  0.94779460005084359  0.95778572512087456
  0.96786567537409218  0.97808853006372165  0.98904904272954641  1.00000000000000000
   60.885639906745602       -1.0000000000000000     
 F F F F F F F F F F F F F F F F F F F F F F F F F F F F F F F F F F F F F F F F F F F F F F F F F F F F F F F F F F F F F F F F F F F F F F F F F F F F F F F F F F F F F F F F F F F F F F F F F F F F F F F F F F F F F F F F F F F F F F F F F F F F F F F F
  <DiscreteSampler_grid>
  grouped_processes
  1 # 1 for a reference and 2 for a running grid.
  10 # Attribute 'min_bin_probing_points' of the grid.
  1 # Attribute 'grid_mode' of the grid. 1=='default',2=='initialization'
  0.0000000000000000 # Attribute 'small_contrib_threshold' of the grid.
  0.5000000000000000 # Attribute 'damping_power' of the grid.
 # binID   n_entries weight   weight_sqr   abs_weight
    10   10   2.539764506604543E+013   1.632686278134712E+027   2.539764506604543E+013
  </DiscreteSampler_grid>
