 -0.00246650186442667  0.01023600388223806  0.02028154113078974  0.03103681315949633
  0.04224497198065041  0.05297713563422150  0.06399080525250320  0.07548889903613572
  0.08730455466600298  0.09888216735356647  0.10942411261097933  0.11921594097322816
  0.12926768032909769  0.13923361851428165  0.14899785464671053  0.15845637799274001
  0.16819795986167860  0.17816651542960416  0.18841250943839477  0.19941498171281974
  0.21012132450305815  0.22017255353131512  0.22978138244623256  0.24029515253048286
  0.25098152478782160  0.26090626576824660  0.27114446562566852  0.28170583764876983
  0.29219838780122964  0.30273260824339870  0.31319614685881175  0.32363313296912677
  0.33371103993153034  0.34247938215541807  0.35177256952329039  0.36146057975306789
  0.37150748370972309  0.38111063664062855  0.38976436192778058  0.39811849805370642
  0.40650840479044326  0.41511122456114791  0.42379517547533180  0.43245638078188980
  0.44173351547109291  0.45137615188047597  0.46151763294607312  0.47173385944651214
  0.48239028689668473  0.49344297324091108  0.50492014206505897  0.51674248131977996
  0.52924862296597697  0.54302121826541172  0.55555344359276804  0.56836123290687413
  0.58067472519970620  0.59342145143218983  0.60607780195435701  0.61752887852486038
  0.62837898719814711  0.63919384754772191  0.64987179311577059  0.65989920096899812
  0.66917762126888003  0.67868879095535528  0.68894116740909550  0.69914399194031784
  0.70888263285100406  0.71828466339456565  0.72797261655749457  0.73846888367515462
  0.74951643637631471  0.76133712334573178  0.77283893341029442  0.78365855411926688
  0.79393191772345106  0.80353963360585079  0.81292896446344087  0.82241930462838198
  0.83236246209204834  0.84261898973797267  0.85317213381240709  0.86430841852186568
  0.87534004360861895  0.88573334035403795  0.89610163409738497  0.90694372580367921
  0.91806488246001983  0.92901862735723839  0.94021628303663141  0.95172584922527959
  0.96292618340405234  0.97427717680822779  0.98649581721190527  1.00000000000000000
 -0.00070416349388748  0.00626819026278783  0.01370126271512000  0.02189198007511741
  0.03148377785852789  0.04235174222013770  0.05351896794975738  0.06420186740000748
  0.07435348586469523  0.08454639607568129  0.09464694645892639  0.10475397623368679
  0.11511971991078002  0.12568590788431652  0.13620985472056157  0.14657409632100449
  0.15707773998952837  0.16757994634926246  0.17750060559466818  0.18681347650873495
  0.19628312328673120  0.20527145049489129  0.21404697126388370  0.22274961332712351
  0.23154888016801795  0.24023520465644066  0.24902269718508263  0.25845546092733218
  0.26838034396201993  0.27878677286084824  0.28862166084170082  0.29954610890206196
  0.31114421982539869  0.32236446387497608  0.33384993567951149  0.34547603963022394
  0.35713967728036766  0.36827946611684825  0.37895388074301417  0.38833719114944842
  0.39863428059854278  0.40997770620963475  0.42010154863143934  0.42970919543515124
  0.43912457889644968  0.45077609017102838  0.46225144892611114  0.47328172856281775
  0.48355903981112741  0.49303761094715076  0.50266630202081142  0.51216642037405935
  0.52169625900610994  0.53139999217773859  0.54176178561623844  0.55286393830940450
  0.56326974180395240  0.57284086560806791  0.58256582881080554  0.59272781230640703
  0.60286428354327759  0.61282296028395833  0.62327670863131290  0.63526661394163464
  0.64795320348865226  0.65996958308396314  0.67148114243710533  0.68308267145010937
  0.69440552574592684  0.70594933995731424  0.71648169497233416  0.72691852385057909
  0.73734737829611730  0.74827008154942587  0.75864051037222979  0.76918837549238628
  0.77954656476147222  0.78963611581257598  0.79962025269950410  0.80956036492458028
  0.82059654404285187  0.83257121982022475  0.84448091134646253  0.85619448819782462
  0.86798502799269506  0.88063250890134548  0.89305278906274499  0.90378891436102315
  0.91343642546905024  0.92410476800969910  0.93564843668770536  0.94682178082805291
  0.95821948804835044  0.97068010541253036  0.98428167116113496  1.00000000000000000
 -0.00877275770238396  0.02047227179942755  0.04470593039025652  0.06901823857483307
  0.09267696196242035  0.11508914231268136  0.13558930755856527  0.15472734008077477
  0.17450815188488267  0.19427796058546121  0.21377680016015066  0.23518659928030006
  0.25792947143051559  0.28023864582947755  0.30245903050030815  0.32448562837100048
  0.34632420850574347  0.36792530818125152  0.38950487228485808  0.41107499104413497
  0.43284787701197525  0.45474668317288125  0.47708495090064817  0.49942877401954638
  0.52177882726381053  0.54435050448787270  0.56700117222747914  0.59137660942832027
  0.61602586961947658  0.64233146158799270  0.66328428419221108  0.67511405858504081
  0.68654419330379834  0.69024338109012739  0.69183056150299072  0.69558093865017101
  0.70043767828370018  0.70516533549314964  0.70985963388329809  0.71458402743209237
  0.71934367896969731  0.72410580457307838  0.72887086944898793  0.73370648984144304
  0.73856950129143684  0.74340104519838612  0.74817860576968154  0.75292440351031420
  0.75771492756559200  0.76256856363560521  0.76745033005205632  0.77238848340077926
  0.77734803776305716  0.78220410261024487  0.78699436153810509  0.79182313723295350
  0.79675464817777930  0.80168507327878036  0.80666171450963942  0.81167486774632669
  0.81666725563186149  0.82169073541972781  0.82669336028699170  0.83178305546535369
  0.83685156804816141  0.84189922401279582  0.84691009642215354  0.85196832713546855
  0.85706220309861525  0.86220129426767977  0.86733232584544384  0.87245950441523568
  0.87761896950967333  0.88279576102794521  0.88803178331899280  0.89329501411660250
  0.89854480571806594  0.90380557285865959  0.90905077095792419  0.91427621764229816
  0.91951664013013201  0.92474149430856611  0.92994017732784595  0.93529111979544544
  0.94068558999877083  0.94605295550333035  0.95142545259288425  0.95674558996039194
  0.96204334276935888  0.96743115218523168  0.97274644412507350  0.97806263905573843
  0.98341189101249993  0.98884639975637101  0.99436560555490405  1.00000000000000000
 -0.00261693521149744  0.01015719091614743  0.02041140630693640  0.03053827426603261
  0.04097857957739712  0.05138687056794394  0.06211044672243114  0.07272083256276234
  0.08269308317606845  0.09254319425020432  0.10249409225978576  0.11351455842387360
  0.12450800752643257  0.13467309215821183  0.14440850169186384  0.15424480464653212
  0.16416377182956587  0.17478384592618121  0.18573568834173354  0.19678137635615986
  0.20763675070811083  0.21838614785035504  0.22969118788515155  0.24138549959135319
  0.25341285369357236  0.26488441965870141  0.27668192364743049  0.28856733050301736
  0.29970630477656912  0.31025078056719568  0.32008815145787944  0.32946072026942791
  0.33897367487881763  0.34847932577201413  0.35869571282091067  0.36902089048305176
  0.37915444842562529  0.38856547378558942  0.39783923630309365  0.40696731712078948
  0.41690892059335860  0.42665400951479610  0.43666583192201402  0.44747839893779945
  0.45844769062084301  0.46859589637812149  0.47824077797626474  0.48824193094476498
  0.49873097692891077  0.50948416429629484  0.51969336383338294  0.53107144772898696
  0.54276241562793559  0.55499618042650667  0.56740283454032980  0.57956908201072543
  0.59100681708424563  0.60158772440328800  0.61143595191090594  0.62110259814064939
  0.63104382573937301  0.64151573252108340  0.65301618123295369  0.66529700278494563
  0.67698544237322544  0.68786716940598691  0.69831341343548969  0.70862784436108672
  0.71888907872049634  0.72864507443657867  0.73883557450793158  0.74873851083435516
  0.75964298929666296  0.77029275782239903  0.78107416114485084  0.79161523033940662
  0.80217431217736501  0.81248615818906134  0.82252878700054788  0.83244770979934435
  0.84231577365957599  0.85211144505952530  0.86214091930010428  0.87278351913610508
  0.88351755948618393  0.89439676946139257  0.90544561464785700  0.91716474026874739
  0.92885069716917357  0.94052492664791332  0.95077147877179358  0.96125602368235874
  0.97135102959053732  0.98127131734867723  0.99070812007886511  1.00000000000000000
 -0.00255268522249844  0.00965479577762121  0.02015053993883473  0.03062269314526848
  0.04185623418834024  0.05245668071444345  0.06231591368402647  0.07185525478694582
  0.08100929870996955  0.09118850419874172  0.10133764911599293  0.11179186583787053
  0.12198366754042882  0.13255144647809727  0.14301792957642673  0.15331798094727447
  0.16380232418482130  0.17475744533271451  0.18636443137744305  0.19744568597194370
  0.20870687331682161  0.21911788632305762  0.23000728865306461  0.24154947575680813
  0.25283144860142270  0.26369775901377107  0.27424648347083636  0.28460676205128554
  0.29493975555520868  0.30548453453838192  0.31630181064414753  0.32726941775503438
  0.33823040015267597  0.34910871174441310  0.36009472884547639  0.37107695005480623
  0.38165795702299332  0.39198622121157450  0.40268959732644133  0.41376381333891754
  0.42416853859546771  0.43426119295363891  0.44497924622224821  0.45629129617944170
  0.46675248086193488  0.47701385969908955  0.48720795993423494  0.49754054190878716
  0.50739522155646577  0.51737576947628072  0.52735328390060821  0.53792669529237191
  0.54891133980820572  0.55975224287384240  0.57050630821038062  0.58148246758040523
  0.59207165951855079  0.60166064941772823  0.61058639573442763  0.61924527350703829
  0.62799993541846644  0.63665343243082262  0.64558702333142071  0.65585654979946673
  0.66679041907907777  0.67846286651741983  0.69048479796410556  0.70275294577778658
  0.71363897432343293  0.72406025269712937  0.73475972649962173  0.74660043906846374
  0.75810070854743583  0.76863798883130086  0.77870294536793205  0.78873791520833625
  0.79877900553352255  0.80867233754077783  0.81841552835998521  0.82832986982772216
  0.83887244293071150  0.84950215051023081  0.85997466091857100  0.87040796560033995
  0.88091111700461788  0.89203876362881684  0.90289097187840972  0.91412828437157689
  0.92532092363470630  0.93671511340756808  0.94807208002171872  0.95956705715508162
  0.97041641628281816  0.98084698200340636  0.99041704965001764  1.00000000000000000
 -0.00214408959952134  0.00842679493760505  0.01853156602226780  0.02851064699930230
  0.03891533862386570  0.04927566611850712  0.05937748105271878  0.07007519222704246
  0.08156769212713531  0.09393987939941272  0.10608038778970819  0.11738933605101035
  0.12824751317225591  0.13905288188504594  0.14982827030669427  0.16073082863717719
  0.17166369934324857  0.18239307765315696  0.19339638989670915  0.20396460979872028
  0.21368555607359083  0.22310544664798104  0.23354154108349470  0.24470743567109482
  0.25479805851301152  0.26444410539882435  0.27508787942161755  0.28599827320345561
  0.29582280822060697  0.30470013657180350  0.31398801778428431  0.32369924970089864
  0.33265832313859822  0.34128804119753259  0.34952405413236010  0.36004417365658747
  0.37213125470248454  0.38397868416672465  0.39586334254157052  0.40654832621580406
  0.41725247186355136  0.42737175523891846  0.43701591724067562  0.44646251947761084
  0.45603227558085019  0.46658341421010885  0.47729007689556602  0.48846689725216225
  0.50003034761595611  0.51196557049944857  0.52395165978402480  0.53546841065070028
  0.54637985050878768  0.55639372883478677  0.56644238638316580  0.57695453547850573
  0.58780415479060988  0.59897298244527242  0.61035611151034852  0.62203152347761081
  0.63391456624810982  0.64562441365994072  0.65704178715157846  0.66857351986403313
  0.68070605749443902  0.69167946226939636  0.70147435791545043  0.71097901195195101
  0.72042719843656444  0.73000893622530583  0.73994514145541090  0.75025811225574945
  0.76022512826365218  0.76985648008815999  0.77935402163401257  0.78906434887346699
  0.79889280436275234  0.80857308303222597  0.81926334702971493  0.83068178273804028
  0.84133074918653394  0.85136994575445901  0.86158419162278321  0.87236715045601676
  0.88325243982153889  0.89357007923094711  0.90359861607672487  0.91369423251740789
  0.92382190504892570  0.93400219604186685  0.94433492375069128  0.95495022781994499
  0.96650602089988269  0.97795528450296643  0.98913695039793537  1.00000000000000000
 -0.00324945097901781  0.01129084042066262  0.02313312117976674  0.03423796780724652
  0.04510673479478686  0.05566506063967488  0.06540737236333113  0.07445478028537347
  0.08377505073834242  0.09438459164198122  0.10594966170676307  0.11736432085331157
  0.12784354080172824  0.13758580686052488  0.14742702083491932  0.15766329463695414
  0.16851518747369357  0.17924404774744110  0.19025216791317973  0.20152171140947384
  0.21324452644876227  0.22539460246246484  0.23761717585603653  0.24925905768888923
  0.25983551483685924  0.26999524495007726  0.27964969167410475  0.28897767308171968
  0.29841764096046097  0.30844268340724423  0.31940457914734643  0.32990180606420877
  0.34051395150053465  0.35185343207106545  0.36268137243666004  0.37370946372640484
  0.38482311820167653  0.39500837908879466  0.40443869059199394  0.41397291118704549
  0.42587420116430486  0.43892242226212186  0.45186036244960737  0.46305077418270280
  0.47344217130137134  0.48391252952882391  0.49470500215668917  0.50524419738175186
  0.51587231197903238  0.52717734593412879  0.53860778689997602  0.54960934040641252
  0.56075883377458935  0.57274369203627096  0.58445422163542093  0.59500501997630972
  0.60470024991098548  0.61434767310628191  0.62432652815604928  0.63495975270716187
  0.64603176256935579  0.65705518568822896  0.66773440272528817  0.67808296812673863
  0.68816901036654421  0.69797869711552063  0.70780228518129396  0.71781850613494114
  0.72779406238468480  0.73724926948176817  0.74620117426829458  0.75556854317310707
  0.76595387602287468  0.77669752994982633  0.78692304198427998  0.79726947991313157
  0.80818493880264863  0.81971740211148769  0.83092279552702719  0.84227956613819821
  0.85334467277018444  0.86384946928451989  0.87408737821636950  0.88447912188274813
  0.89498540494321221  0.90488317039230937  0.91420472395587693  0.92316647147244590
  0.93220876491927029  0.94155096983652331  0.95131060062124384  0.96112010280327087
  0.97084508890539023  0.98106761558813682  0.99066225188641244  1.00000000000000000
 -0.00341438444999666  0.01133039881689667  0.02381519305480164  0.03550946870316630
  0.04597693837524099  0.05592550243313473  0.06602955719365340  0.07654821076151247
  0.08732370557683874  0.09776796607149552  0.10821069111053959  0.11838006636417371
  0.12862013524702059  0.13916294394632933  0.14880642811262731  0.15796388534286263
  0.16743765563275756  0.17753429814955024  0.18757896201415211  0.19672223033860908
  0.20579752519694214  0.21671615658238211  0.22809111275384328  0.23916252961863715
  0.24916644919964251  0.25999983011124861  0.27096139170294420  0.28185858562354005
  0.29330197595276697  0.30481814108555261  0.31596900192661287  0.32620937841795072
  0.33579900340681179  0.34496424206435350  0.35518019691856184  0.36567759241503822
  0.37602509006359863  0.38621326765422476  0.39656486941421976  0.40778525603428328
  0.41973745612025903  0.43173624609685030  0.44280447729661959  0.45326694355628783
  0.46389455498475651  0.47466467173015425  0.48481440449146157  0.49419772708501913
  0.50387283032929342  0.51346218244172659  0.52319002897124489  0.53273194896193499
  0.54222428188647731  0.55181223501701226  0.56138735432771847  0.57096024283405966
  0.58073366080836919  0.59085091824379676  0.60135213326935189  0.61268169067288747
  0.62426559177908991  0.63480940987108003  0.64483000679638369  0.65493244286799635
  0.66482308839582660  0.67481165945954813  0.68442019331945425  0.69467791044899352
  0.70663932924354877  0.71824761148931626  0.73000996941119478  0.74199720216635912
  0.75315573148128157  0.76319293368331242  0.77388878270583128  0.78503380278941770
  0.79484801323479926  0.80339438453238876  0.81222843728184280  0.82228259517517344
  0.83197002903672634  0.84122581985922673  0.85053642502425642  0.86065563712911952
  0.87084632576987409  0.88064593969825078  0.89051117464264840  0.90072389154089860
  0.91144571921943052  0.92296745764454602  0.93549544765345805  0.94856137637549587
  0.96150644780887640  0.97435954013513304  0.98732623732815761  1.00000000000000000
   62.017340826985759       -1.0000000000000000     
 F F F F F F F F F F F F F F F F F F F F F F F F F F F F F F F F F F F F F F F F F F F F F F F F F F F F F F F F F F F F F F F F F F F F F F F F F F F F F F F F F F F F F F F F F F F F F F F F F F F F F F F F F F F F F F F F F F F F F F F F F F F F F F F F
  <DiscreteSampler_grid>
  grouped_processes
  1 # 1 for a reference and 2 for a running grid.
  10 # Attribute 'min_bin_probing_points' of the grid.
  1 # Attribute 'grid_mode' of the grid. 1=='default',2=='initialization'
  0.0000000000000000 # Attribute 'small_contrib_threshold' of the grid.
  0.5000000000000000 # Attribute 'damping_power' of the grid.
 # binID   n_entries weight   weight_sqr   abs_weight
    10   10   4.747736178714559E+013   4.628641047095864E+027   4.747736178714559E+013
  </DiscreteSampler_grid>
