 -0.00196789291055357  0.00851035957767455  0.01683849512472991  0.02581824045591432
  0.03545938279912804  0.04520660662538594  0.05510371184605477  0.06485409439430924
  0.07477612300730083  0.08458654713809174  0.09433663541120901  0.10475973243344661
  0.11602430175771151  0.12720369165222978  0.13759245360403255  0.14776010441431212
  0.15744560914782263  0.16678977698973921  0.17611723107162527  0.18577478801090516
  0.19584349226434020  0.20586655967030457  0.21665122930087222  0.22719791464047071
  0.23747495815726538  0.24750827521038196  0.25755318890687084  0.26749255917486953
  0.27773982393736563  0.28779328283650912  0.29858936212698145  0.30937754558145891
  0.32011083971687226  0.33082240474711400  0.34219752551451654  0.35400121382266347
  0.36580599292959076  0.37853973621207032  0.39192882872170665  0.40391347747658418
  0.41419294838353199  0.42366804482423442  0.43322353165244148  0.44299072334659784
  0.45262959909593448  0.46203643136313571  0.47155505782688562  0.48093542531509043
  0.49161784539941361  0.50211757873729412  0.51428719251213706  0.52563957000579187
  0.53629571048570890  0.54650638655205952  0.55669791198907093  0.56730434156044218
  0.57718697428573851  0.58731738719970450  0.59802462902412357  0.60922723262610068
  0.62056406784755913  0.63174172372179438  0.64302628122656535  0.65477689338602652
  0.66640795291180410  0.67780141911106395  0.68878147259036582  0.69907086729510048
  0.70876808818962123  0.71786540851550162  0.72689227432714754  0.73598712193712934
  0.74482507398343945  0.75376981005211385  0.76338008879908870  0.77334706617079074
  0.78366752303216225  0.79357179599208594  0.80313206408495386  0.81312583889468093
  0.82360785267777514  0.83408564908683436  0.84450805512377836  0.85550825932842034
  0.86735200199487328  0.87917416013394167  0.89065967389547163  0.90220987206874870
  0.91378600331212501  0.92510412942654663  0.93626450995395238  0.94789855382849686
  0.96008328565409606  0.97275251522644035  0.98611894668056010  1.00000000000000000
 -0.00055289751730783  0.00735848408061244  0.01517739788423039  0.02364597510297887
  0.03217132574778962  0.04055821268518225  0.04881774126795428  0.05693054655970303
  0.06620405139447347  0.07639123127015982  0.08634243215765709  0.09604104324880078
  0.10584654988801713  0.11609798480117985  0.12607869972153035  0.13545214560835392
  0.14535871133182612  0.15580892269454177  0.16619492874049363  0.17643420142599264
  0.18725111102842612  0.19928517389262157  0.21183716305627484  0.22361286700377167
  0.23490765765847449  0.24602793328627298  0.25663576891416268  0.26674859767164694
  0.27685761172838136  0.28609772319966825  0.29580442500938076  0.30609008148710992
  0.31715298358657434  0.32874621182687180  0.33916349838523752  0.34830969730129152
  0.35717727175760527  0.36623484205238921  0.37574804000761503  0.38520387323538685
  0.39431242661325655  0.40409824483082873  0.41457202055931647  0.42552081598930547
  0.43721547772917346  0.44871913486834764  0.45998628166584971  0.47115673650303463
  0.48241737330969886  0.49374424613312118  0.50516255690287670  0.51651692059724996
  0.52766730003943796  0.53899991286306703  0.55075976897533396  0.56249497662153336
  0.57208935421788243  0.58139059481411581  0.59048206339266840  0.60008961972194652
  0.60957669864291408  0.61874171833966563  0.62838121325444563  0.63889942638134734
  0.64959778893775466  0.65987836622267249  0.67051017456376782  0.68192131043047277
  0.69407663960445432  0.70637547630725961  0.71816712090916801  0.72975260917580398
  0.74163544885867316  0.75404057944552172  0.76642187556255192  0.77807371539526093
  0.78872528513030671  0.79999683985528502  0.81119936516402535  0.82148179119792775
  0.83095600643721135  0.84073672155415291  0.85048280738531179  0.86028927823659485
  0.86996080702419709  0.88046003536633310  0.89155494052926365  0.90315342223430017
  0.91493153070447741  0.92589794133788816  0.93660009553516455  0.94719232029169864
  0.95803703888071567  0.96977608376510882  0.98312875325619153  1.00000000000000000
 -0.00819242234289460  0.01883758011427501  0.04203850023919331  0.06561790228599471
  0.08877864272528053  0.11128877743557664  0.13161166941448763  0.15093307601678033
  0.17050805842707989  0.18972262050307226  0.20841834334189163  0.22928975257027301
  0.25106056200090543  0.27253569311466269  0.29409095649811201  0.31592722838289972
  0.33801675696342354  0.36035379942930834  0.38263942321946809  0.40491093163216052
  0.42718811736625451  0.44944049428385963  0.47164213813209666  0.49364531754256485
  0.51552232864779901  0.53849712468621858  0.56171114798854382  0.58545029794757775
  0.60966476678789072  0.63477844354386326  0.65282368886233755  0.66807058743395686
  0.68645964288443373  0.68995347819042818  0.69130452428654232  0.69405165392084400
  0.69891632705139040  0.70376763460073744  0.70857900605345414  0.71332707276875151
  0.71807746180724075  0.72283954880692214  0.72759116290005543  0.73234060998073736
  0.73713233184267724  0.74193054880961895  0.74674373668019234  0.75153428245259657
  0.75637929210285160  0.76129227938385713  0.76622727765785648  0.77115227917892759
  0.77603909113564451  0.78094434561005543  0.78584170839649503  0.79071755788344444
  0.79566933053138367  0.80065308346998554  0.80557211255438710  0.81044800397643590
  0.81542801633399054  0.82046952638355186  0.82548760589892056  0.83046294398378084
  0.83544704596192543  0.84053477659215736  0.84573922325137685  0.85085263517829335
  0.85591215959146782  0.86105986486614250  0.86631626496520753  0.87160341948640596
  0.87680850206580219  0.88200302829799837  0.88722913945677528  0.89252427195344142
  0.89782216574580742  0.90315366493742355  0.90849967884740201  0.91379880641591660
  0.91911621113086717  0.92448821605692244  0.92981483334746762  0.93516960423349338
  0.94052712734040256  0.94590717689554304  0.95128417195488635  0.95663706711936858
  0.96201994851199069  0.96742979980780575  0.97289791180360830  0.97833508995981744
  0.98374135524929895  0.98912996025093347  0.99454021068615983  1.00000000000000000
 -0.00378261300384073  0.01333435400129693  0.02557185794872091  0.03665373442743460
  0.04628225045646642  0.05598981525942213  0.06552894076040429  0.07552008320752575
  0.08562236693214934  0.09547364439914643  0.10512464917660073  0.11505509818251761
  0.12531995242672000  0.13593464494975799  0.14636572659381528  0.15704886628039239
  0.16816437636150888  0.17980121447146866  0.19197051809484691  0.20426769604576803
  0.21621992599031101  0.22784892418523750  0.23853493960348615  0.24912290883730107
  0.25914040908733049  0.26927591106827442  0.27908836539224202  0.28930870465972836
  0.30022245843609069  0.31110069412718844  0.32192451133374711  0.33299856528810062
  0.34459191913852483  0.35621225566188780  0.36699324439306064  0.37769541453536903
  0.38831233566457241  0.39962658055590017  0.41055517503259914  0.42091482920526352
  0.42999427637692200  0.43895568465021068  0.44728959966791870  0.45570194107183365
  0.46460898331268230  0.47362310418387765  0.48308575996476316  0.49257213731543470
  0.50241822931233315  0.51284527159068816  0.52351687232545374  0.53401724088764102
  0.54463365751509385  0.55534932992471886  0.56676897148026040  0.57838678667930543
  0.58989895006490645  0.60125354463275438  0.61281605002998329  0.62484963753069356
  0.63742903824815500  0.64953884266513295  0.65975971977109793  0.66995796137144847
  0.67992126663697738  0.68988139671506221  0.69950008366899696  0.70982058569670814
  0.72168484109639330  0.73492407181617270  0.74796467089931717  0.75917001302720555
  0.76932984425902573  0.77976409571848093  0.79064420890044018  0.80162214115265940
  0.81279263900214693  0.82432821495732944  0.83601535565765883  0.84602797281885023
  0.85553601587208328  0.86463260478102955  0.87377970522606696  0.88269008775717028
  0.89173959555263083  0.90115243116568733  0.91086056560475392  0.92036824948235452
  0.92984075946090816  0.93952499021229197  0.94963907077917309  0.95992458698592698
  0.97006583873911889  0.98007089522096258  0.98998357663271963  1.00000000000000000
 -0.00357497739038805  0.01090618394443150  0.02407731317543317  0.03729069654856266
  0.05082286862615164  0.06438584367943109  0.07714669455565347  0.08768153128285094
  0.09644967196721957  0.10495468104028302  0.11355962579021223  0.12249606497962966
  0.13169488122200826  0.14020257046339205  0.14954448745929722  0.15979512807166465
  0.17001007149324562  0.17987585157701622  0.18955265711902622  0.19919216765496392
  0.20927152893659365  0.21893940593920033  0.22840768430606195  0.23726869367653264
  0.24654464067135390  0.25653274931518100  0.26671446590509534  0.27643640095515315
  0.28600718653098356  0.29579538663240235  0.30598112258059501  0.31626203106173756
  0.32645548223138166  0.33652811020828233  0.34673493192314964  0.35736228415743176
  0.36865752979700861  0.38033274235181858  0.39197506331730231  0.40298217942187214
  0.41392020929795464  0.42564046108434622  0.43735292112210433  0.44820649636816173
  0.45926355635212629  0.46923041628458168  0.47991054634183261  0.48944066109422829
  0.49913141059183491  0.50858290006017881  0.51813877992079704  0.52796058345418995
  0.53786723491999544  0.54789865604169230  0.55827083919432841  0.56870177778724085
  0.57909814373185065  0.58975644868335175  0.60027021007820158  0.61019921036675340
  0.61963164290506167  0.62959287545507370  0.63989065959241387  0.64989537054955648
  0.66013721214793664  0.67070198118665370  0.68175190603043900  0.69296380936487989
  0.70408725762800539  0.71424266186826413  0.72385119708371293  0.73370822922921319
  0.74399443668059140  0.75413600216403853  0.76419703660552751  0.77508213881354227
  0.78684432292064899  0.79792679550242773  0.80810538709980939  0.81834410561028470
  0.82849614383416537  0.83873560461786456  0.84884554100585397  0.85915470317206710
  0.86980471563741513  0.88059120158593518  0.89117001066796875  0.90148301644103190
  0.91164527993931677  0.92210742498833576  0.93321499328359814  0.94602138227534460
  0.96045074204396397  0.97466125872667075  0.98749708529590263  1.00000000000000000
 -0.00319718095106219  0.01189625037122261  0.02408800505584555  0.03663847513551462
  0.04759294878931724  0.05793185861571293  0.06796867485160726  0.07806461195459853
  0.08827513138070420  0.09826404903668921  0.10849067452494970  0.11912968421884147
  0.13012898504199072  0.14122595768548485  0.15235075025937908  0.16351487802837750
  0.17379344309302411  0.18388069399688300  0.19323750604075635  0.20248444737142318
  0.21164539595771623  0.22052166298664480  0.22962356281323112  0.23911581223193321
  0.24869706633309774  0.25820466663968966  0.26779740723604778  0.27725056422110073
  0.28667439103685788  0.29648344009638394  0.30602426319671816  0.31581040517773229
  0.32509150507154005  0.33389780100113131  0.34335993606444798  0.35282850382675551
  0.36270539629460907  0.37267552357425970  0.38259733672745855  0.39242969394949517
  0.40242324332622720  0.41255287807502339  0.42290669137454423  0.43354748607526983
  0.44509846599399810  0.45662607603360689  0.46733050636366930  0.47795534883036234
  0.48885399439826283  0.49990442592128309  0.51066301677421289  0.52138037428993456
  0.53187525942188474  0.54238415861042455  0.55366900934297159  0.56530833082435972
  0.57750061573242262  0.58784177545619432  0.59725333658159119  0.60688688253433198
  0.61636882099579571  0.62578986213561238  0.63517446268668487  0.64504236004399385
  0.65641135975965692  0.66798184004109729  0.67800167265160305  0.68806897839553161
  0.69855224510021452  0.70873532774037140  0.71821073516705591  0.72699825261137152
  0.73650338618912681  0.74682853415741435  0.75777258028052585  0.76939290741592026
  0.78098687409809842  0.79221064658042784  0.80314913244625064  0.81432073988236764
  0.82498570713120434  0.83571682893538257  0.84723725469132971  0.85953474187295376
  0.87196036237765329  0.88391664902122147  0.89539274442133432  0.90669397761354309
  0.91787332956386281  0.92874146680233371  0.93951831288752963  0.95070122815875213
  0.96237558092966735  0.97445956273303147  0.98720150659766126  1.00000000000000000
 -0.00209801765332724  0.00804224280708237  0.01729599040600645  0.02701355405580928
  0.03712197428984303  0.04755849577997397  0.05846447467525480  0.06837931257929872
  0.07809480740651729  0.08804893047590867  0.09811419944571333  0.10824996782347762
  0.11918583639408172  0.13057652748518014  0.14365162223817685  0.15613054587571487
  0.16846461473137747  0.18038141662672832  0.19172261681430172  0.20304311348150039
  0.21385054999323033  0.22479743303232080  0.23598536954695032  0.24726595921689379
  0.25879383250123400  0.27024385217729496  0.28105853674148351  0.29146649726594998
  0.30155226358446702  0.31160766917770255  0.32171095713290948  0.33216121477552146
  0.34312947713693082  0.35396723039173678  0.36439724036785387  0.37458378807970388
  0.38443042460291554  0.39427019154964255  0.40429613494122790  0.41441523445733736
  0.42491560927063027  0.43596232823046138  0.44766854462681704  0.45914024597370384
  0.47004703094219907  0.48105376020365614  0.49238227289562936  0.50311154568087191
  0.51309929359352624  0.52364281198277207  0.53469425114935010  0.54556149357333139
  0.55540936695021670  0.56545423284182006  0.57622610016622189  0.58666506874069546
  0.59721126493626708  0.60779774664188901  0.61914138547665354  0.62988673400313366
  0.63972939654329497  0.64928316074994019  0.65798949251917194  0.66717647110858291
  0.67612082795523376  0.68518872178877410  0.69408236522029765  0.70316172848939995
  0.71301015796607481  0.72432503543767557  0.73548142602654765  0.74558433418028458
  0.75551673128745589  0.76569406972329734  0.77572311425110285  0.78556081395785071
  0.79575638496458978  0.80669014943740769  0.81753132991066313  0.82814987264749063
  0.83959620365453547  0.85131253117810113  0.86267600514049558  0.87439377546423636
  0.88743871322230927  0.90010972259222133  0.91147236628349848  0.92191972689351143
  0.93235708698556008  0.94169505869453507  0.95083445823279922  0.96046073890144601
  0.97083944095740893  0.98082396320006437  0.99046109688738071  1.00000000000000000
 -0.00186873536821366  0.00785224989322169  0.01638300203853359  0.02569607063149632
  0.03495299244339733  0.04381556154755834  0.05307962764217523  0.06262891374616421
  0.07290606543690674  0.08314783642123502  0.09300604314927234  0.10267124592142288
  0.11234101503123624  0.12212898105597694  0.13252000306133369  0.14336944546392233
  0.15485445190514624  0.16676632391290502  0.17880114722596288  0.19085033513159008
  0.20251592728932405  0.21411781540647848  0.22544246300511750  0.23593131319412630
  0.24580304566505273  0.25599079176491457  0.26647282245483450  0.27634854281312721
  0.28588669642560005  0.29568561041421626  0.30582825447285589  0.31599977730289658
  0.32665160495664231  0.33883839554356104  0.35208561423760759  0.36515632959546029
  0.37709391421229055  0.38779177948360039  0.39842430961415065  0.40918096364545037
  0.41968217090570237  0.43061418511448701  0.44224157476619391  0.45386501677552499
  0.46474337833795010  0.47508931624344980  0.48503259906599527  0.49470981198422287
  0.50472694015290476  0.51504306640356834  0.52510196668985754  0.53510134410281895
  0.54584395900426586  0.55729926377247696  0.56842270855682209  0.57902552060748735
  0.58949948193524537  0.59982183178559112  0.60999448897239972  0.62061109275283999
  0.63159803552869220  0.64165271273268909  0.65172257378971321  0.66219758129491246
  0.67285164916565043  0.68302540818494561  0.69311676485563090  0.70320397435158921
  0.71391115099922209  0.72409581969990111  0.73547667884879009  0.74832165141536433
  0.75999397394963764  0.77113289537712604  0.78256622706196277  0.79386322209233595
  0.80553317749850717  0.81748209064958244  0.82907389799835640  0.83993438946459054
  0.84985822761979601  0.85952911526973641  0.86920980027708905  0.87936162437773902
  0.88994171318685567  0.90037750301770003  0.91072994770013305  0.92082297126585522
  0.93048654341574299  0.94014067423904024  0.94947924656137439  0.95943111294416938
  0.96984578129394894  0.98003549382755850  0.98981022863068746  1.00000000000000000
   61.217133326290266       -1.0000000000000000     
 F F F F F F F F F F F F F F F F F F F F F F F F F F F F F F F F F F F F F F F F F F F F F F F F F F F F F F F F F F F F F F F F F F F F F F F F F F F F F F F F F F F F F F F F F F F F F F F F F F F F F F F F F F F F F F F F F F F F F F F F F F F F F F F F
  <DiscreteSampler_grid>
  grouped_processes
  1 # 1 for a reference and 2 for a running grid.
  10 # Attribute 'min_bin_probing_points' of the grid.
  1 # Attribute 'grid_mode' of the grid. 1=='default',2=='initialization'
  0.0000000000000000 # Attribute 'small_contrib_threshold' of the grid.
  0.5000000000000000 # Attribute 'damping_power' of the grid.
 # binID   n_entries weight   weight_sqr   abs_weight
    10   10   6.727606973531598E+013   8.266862772218710E+027   6.727606973531598E+013
  </DiscreteSampler_grid>
