 -0.00193361495436751  0.00767942074062282  0.01637158427880900  0.02601009060393725
  0.03531901562509816  0.04465188170755366  0.05450504454267637  0.06424872103710265
  0.07403433588653016  0.08444051972500401  0.09576219540282127  0.10690759263837642
  0.11741494602461444  0.12854118545591614  0.13985862440668881  0.15040642479351313
  0.16028436984495767  0.17017493447625548  0.18064032028392546  0.19161634178406081
  0.20278130275405221  0.21388058423179312  0.22445852506700656  0.23453403902347089
  0.24451413038592495  0.25495830128048019  0.26513495517214997  0.27488208010755083
  0.28463815108510387  0.29521201012163556  0.30595987035264272  0.31699764209240383
  0.32833454162842413  0.33929049704556502  0.35021030280515159  0.36106885397464433
  0.37122136725808758  0.38121163184361206  0.39140909724953143  0.40224034756975052
  0.41325553304010593  0.42412073585584564  0.43523894149526987  0.44598655080725136
  0.45659270371481242  0.46613982958202255  0.47555537912148199  0.48553544614413841
  0.49599767810081596  0.50627170623964546  0.51658156997002103  0.52734286459344915
  0.53871220164324995  0.54894822335636417  0.55843427250137145  0.56736546433452362
  0.57645569556703058  0.58656771931124330  0.59745010765519302  0.60848379022701837
  0.61956751531318488  0.63114975088041947  0.64367247833827246  0.65571398973036954
  0.66795812961392298  0.67946717870162820  0.69086194513315990  0.70021637236466339
  0.70993132297754702  0.71959701914666874  0.72909855126266232  0.73857008579856798
  0.74806672309034450  0.75848964429726584  0.76980337203095073  0.78123493458627502
  0.79272659904405829  0.80371117980778006  0.81455219037473070  0.82542955422191466
  0.83627465856698713  0.84643511011937245  0.85598037670149985  0.86637799161338902
  0.87688429091401210  0.88767913214279026  0.89915947235369242  0.91046131690244048
  0.92149845104858275  0.93158005444022063  0.94142294108293556  0.95118024198779183
  0.96112657174322769  0.97224626541747505  0.98525061733179942  1.00000000000000000
 -0.00052880752653671  0.00654100083323283  0.01377184431897318  0.02161327492469012
  0.03026537341946606  0.03949560095417007  0.04914802250222498  0.05922616281889080
  0.06976998864576868  0.08020492191202766  0.09007034507284120  0.09959630521544854
  0.10901702439023080  0.11848154695516920  0.12832503611118345  0.13853409635749878
  0.14900550607635027  0.15985997940014410  0.17094301725891575  0.18205167422980348
  0.19308627140492246  0.20339345151902122  0.21363062209318531  0.22474688974903034
  0.23619911588363701  0.24729315723795650  0.25715900745408554  0.26636656585001856
  0.27577999843057083  0.28533519219896153  0.29510884078982585  0.30413936366088584
  0.31296424795464689  0.32173107249970917  0.33067969834765870  0.33968498833242738
  0.34834614436488953  0.35703518892323366  0.36615071064442672  0.37622964634517447
  0.38673020931706548  0.39709207152065579  0.40667362946080388  0.41638395313761251
  0.42684519106732288  0.43797041278129162  0.44851144627370609  0.45908506267535099
  0.47026988739584974  0.48111163061341622  0.49157524456383656  0.50198950106185369
  0.51257297872827334  0.52293134843991285  0.53309957597510582  0.54334289811770853
  0.55357706788234140  0.56387894917394688  0.57440476815891683  0.58509399057147415
  0.59619470578482847  0.60784802291004913  0.62020689395614736  0.63205417504852612
  0.64311251926285240  0.65427621635333255  0.66545952619232551  0.67669688363476799
  0.68797818581104997  0.69939820337213376  0.71088553762011397  0.72235583259201197
  0.73380429739010800  0.74548363599614842  0.75704725899752978  0.76902157813913719
  0.78016120540936573  0.79160507941529801  0.80181345658188108  0.81242218561526380
  0.82281124203979150  0.83366770116487399  0.84349733544136241  0.85331867705644449
  0.86312296975736369  0.87302877518193966  0.88306160464671302  0.89332624130686689
  0.90464214814632604  0.91612948566516039  0.92719753978742769  0.93808997875374533
  0.94974508129397095  0.96357471460918442  0.98071101290042428  1.00000000000000000
 -0.00877346906758138  0.02245899428135967  0.04605980350016319  0.07000212002451939
  0.09354273992087501  0.11603175725700754  0.13716260727620022  0.15689597997147636
  0.17704760764691674  0.19726606545651076  0.21710325178525236  0.23815059645707579
  0.26093626215460580  0.28344375018126933  0.30581801670429193  0.32814410370184460
  0.35045178228103291  0.37267651122651663  0.39483656168341741  0.41688936463797233
  0.43899247372605155  0.46112948814679433  0.48327037599341049  0.50541008130859733
  0.52751445678730091  0.54979154808979347  0.57251507398290491  0.59628921380357436
  0.62133582408031363  0.64805648618250222  0.67597578152262106  0.68448062545777077
  0.68910276524617975  0.69099252933523236  0.69340389610251307  0.69785476508111921
  0.70252738940673387  0.70726184797113933  0.71203385441450440  0.71682442498687071
  0.72164058260248820  0.72639887284668192  0.73112809728780881  0.73584896136352895
  0.74057941031156693  0.74538744302128146  0.75019464499559319  0.75502263303843531
  0.75993337134877359  0.76485070036774228  0.76974792643151291  0.77460787311290591
  0.77948716580598643  0.78435059853196698  0.78930964668751535  0.79431539235916004
  0.79926101986906717  0.80418465654164961  0.80906417277121656  0.81388026472269548
  0.81871358106736492  0.82375177149895029  0.82885385908048814  0.83394558925607531
  0.83907272843728387  0.84417168672412946  0.84925968095823634  0.85437277814989010
  0.85951078518314161  0.86462245953597805  0.86972939615703715  0.87483516843334841
  0.87990941914446086  0.88494464169861664  0.89000018236855416  0.89505187383476492
  0.90015191037917419  0.90531159819360274  0.91055995250865052  0.91582168233321659
  0.92106011375643182  0.92627302818944457  0.93145181914807862  0.93665596899818404
  0.94181344826395952  0.94701361815186891  0.95226565164710486  0.95748218218783621
  0.96269498799298825  0.96792849009005033  0.97319025929109049  0.97849931155553505
  0.98388566483785600  0.98925485549183190  0.99460407928647243  1.00000000000000000
 -0.00231579921035476  0.00998511436145211  0.01989297684039574  0.02944267965995327
  0.03894030312437884  0.04815736310163221  0.05709725332940994  0.06593757050603591
  0.07517217445245793  0.08465250406287027  0.09514499790040037  0.10626593488435650
  0.11805530298696651  0.12965924348035626  0.14072254746384591  0.15150593019593320
  0.16246281837002746  0.17361948313350559  0.18468497361363992  0.19553059428253794
  0.20623604995275360  0.21611630039183266  0.22600786731213907  0.23624493100875177
  0.24621198868776165  0.25605633857308002  0.26607770343737192  0.27705265122640382
  0.28842637212872990  0.29906176380545418  0.30984715204723384  0.32000430965062365
  0.32965589888392377  0.33914469412586573  0.34892360492511731  0.35871228179818104
  0.36825892012952338  0.37812778041639789  0.38834163402827832  0.39836425055734104
  0.40748863179770173  0.41719575160202954  0.42847213722338012  0.43982019343526152
  0.45081363960704735  0.46190372071054281  0.47285149357048545  0.48298062737818614
  0.49304433031268258  0.50351931929130267  0.51502598046576853  0.52686204761321409
  0.53897851824193865  0.54993595854023114  0.56085628885979422  0.57133916591761580
  0.58200697312125615  0.59346250618547547  0.60497047607336896  0.61583684942113071
  0.62637621808066080  0.63675218452538973  0.64653773201978859  0.65507203623369670
  0.66352993343410160  0.67261756857471677  0.68189520104460455  0.69119925227599721
  0.70045917172171568  0.71065662882701719  0.72255166934185500  0.73478743606455588
  0.74657665457699307  0.75770476936533804  0.76831722320676477  0.77911964893005714
  0.79014525972938188  0.80163530088923851  0.81365741240321787  0.82577366052304557
  0.83814600678672913  0.85051056126834679  0.86208408366660105  0.87312372602343347
  0.88373535212268028  0.89386880400255253  0.90352778083150131  0.91327893539135796
  0.92361452316820447  0.93398124187619613  0.94486848362443554  0.95634048989605835
  0.96809284347560554  0.97946013138605237  0.98987912051475835  1.00000000000000000
 -0.00229159951415070  0.00950942810677043  0.01860996028352253  0.02810443388687600
  0.03816277860337317  0.04871362119121109  0.05912751481239573  0.07016295597283227
  0.08185603577166403  0.09383578602985612  0.10591082460751811  0.11773054509858781
  0.12934641265465299  0.14051147124109195  0.15212090710764598  0.16391949062255637
  0.17593546573523738  0.18728165386215900  0.19763540764901061  0.20766395315210989
  0.21739211430908023  0.22684091844641960  0.23593829255385707  0.24469959004598257
  0.25418685109705069  0.26429655880898967  0.27473213825031134  0.28484383004067293
  0.29490955183061779  0.30493565822202484  0.31532052187007720  0.32563330132375845
  0.33589921920486498  0.34621280412240357  0.35672736495496593  0.36749206869051204
  0.37847686007835502  0.38907344444211889  0.39911988744804305  0.40864423942796746
  0.41814169572789101  0.42736347711966982  0.43642540457245838  0.44516597768375932
  0.45409147509557823  0.46316784917331755  0.47216928446805895  0.48160434919733441
  0.49138090664032663  0.50030460413095912  0.51033010670653411  0.52106943481657986
  0.53300102628236612  0.54575895146224929  0.55860001490521183  0.57131932358194948
  0.58364829868874446  0.59511629161877744  0.60559851662770758  0.61550311784633782
  0.62549834472452348  0.63639729544024692  0.64731187419671288  0.65847218086859050
  0.66946279293774058  0.68110903419116153  0.69338266900218004  0.70624551417508741
  0.71726766649475604  0.72724758878050255  0.73813811410317787  0.74911972702293073
  0.75946584506839265  0.76968939364406008  0.78034630022798668  0.79127787776550895
  0.80234065704702784  0.81396388806043052  0.82612126862677027  0.83695819961934015
  0.84661482851891556  0.85589198789537424  0.86557050124156198  0.87541618413190769
  0.88520648040947758  0.89410416257404013  0.90345485489780275  0.91325068457114855
  0.92328119145710186  0.93346244129473199  0.94398948196181331  0.95469656661731972
  0.96533495370177269  0.97636987857830526  0.98784825006787569  1.00000000000000000
 -0.00222723045431340  0.00906577517548974  0.01899830181008573  0.02874067536104171
  0.03868329103436374  0.04865048925589240  0.05852768436458885  0.06849051870171313
  0.07881136206783819  0.08999632222178458  0.10205738202613181  0.11476236782039884
  0.12743217792163006  0.13879543618677775  0.14968126326722925  0.15964805941456170
  0.16987349085492234  0.17966137849979855  0.18970750641382333  0.19952496880138712
  0.20954749140755372  0.21952034781945956  0.22945923798169690  0.23902356657853019
  0.24849146635077402  0.25806388462447100  0.26763635849421757  0.27767099693468561
  0.28807854091052271  0.29932497794727903  0.31092678218545333  0.32331661588756594
  0.33531146963310021  0.34477170463572965  0.35450205159628917  0.36462310392578334
  0.37550628265700836  0.38571993288759160  0.39584209041102431  0.40743410920114381
  0.41919890251308645  0.42984074583816106  0.44055611286181973  0.45106442273627301
  0.46186831184170279  0.47212669452677397  0.48223535544667812  0.49238098417605181
  0.50267141617555389  0.51337750702699669  0.52444071673588688  0.53554107622237834
  0.54624663960848885  0.55687238123649718  0.56814763096492094  0.57963258875028023
  0.59064521610914456  0.60115241062735991  0.61163609159153254  0.62224194140980005
  0.63294077275409777  0.64381101537901453  0.65450137318693868  0.66549257665810591
  0.67696028411572662  0.68862621857203854  0.69995459640835800  0.71151353775663673
  0.72366101278135486  0.73506815376927681  0.74593150298694622  0.75530845211670805
  0.76442552488501903  0.77351830285332623  0.78356397734885774  0.79315945748016148
  0.80221990283175448  0.81140945486319216  0.82026106301936708  0.82866765594843939
  0.83752419964732516  0.84688744082800671  0.85667122138229579  0.86653428431371737
  0.87684570606311363  0.88797731497548216  0.89936781240802266  0.91102212350386313
  0.92285391051299881  0.93464615769313164  0.94606980580949074  0.95720359020109202
  0.96856375662889060  0.97935266408304078  0.98989633306547709  1.00000000000000000
 -0.00203620055574921  0.00795669505021175  0.01746745357666703  0.02761573193982232
  0.03834026386431179  0.04989148550558790  0.06221671343892424  0.07393117215165183
  0.08517447885223781  0.09602451667350034  0.10668201962013922  0.11655806053659969
  0.12663869685003953  0.13763044476248973  0.14828087184062289  0.15907466256556466
  0.16956646425770100  0.18003866393229076  0.19007948765984373  0.20083632778665486
  0.21161325575389622  0.22152598389026135  0.23147238564020167  0.24194157183701634
  0.25251726068593550  0.26296022071904401  0.27351866079079618  0.28465072314376133
  0.29646346271691887  0.30852103090595928  0.32103251575265979  0.33297085378975816
  0.34404172849233589  0.35455905037786023  0.36469261958450000  0.37430437048000259
  0.38399131281537052  0.39393414377200842  0.40463529966940404  0.41530615182917885
  0.42545517394330801  0.43512832583563205  0.44512250284797089  0.45538128170501291
  0.46615107134955375  0.47693237492672985  0.48777140558273585  0.49847309455929567
  0.50783139998088200  0.51666464947241986  0.52543780135557672  0.53409400777445848
  0.54285866255418547  0.55148752019370129  0.56014554895280766  0.56855605737193560
  0.57719443967528916  0.58609832588467514  0.59511212293104621  0.60397945974322154
  0.61326436960289077  0.62284309658970560  0.63388600597548528  0.64546948655997305
  0.65673791448580088  0.66786329236373942  0.67908258271168565  0.69021183932782038
  0.70142750723141289  0.71331592624103413  0.72529789237097009  0.73680261227008437
  0.74780413541254631  0.75918067236462961  0.77060380233484493  0.78119689950679527
  0.79165278835007469  0.80190269471890907  0.81202478428408076  0.82180139277729891
  0.83146440151780809  0.84184976012707213  0.85276028352137356  0.86364410645819323
  0.87429068877451122  0.88461437296064216  0.89506637948309609  0.90592225040476304
  0.91697721934674303  0.92842063424960397  0.94039441519390421  0.95259947444620374
  0.96478467726486916  0.97664541822201323  0.98834073293682878  1.00000000000000000
 -0.00209030125910589  0.00854472886624313  0.01710853768891530  0.02646825923531053
  0.03561712346238792  0.04604963305257404  0.05773934330718272  0.06986063579653223
  0.08188339111442126  0.09401759833142831  0.10579108711071220  0.11661221736771259
  0.12707900267639954  0.13771098104904209  0.14815398078882028  0.15809867536345609
  0.16796678037029203  0.17823233847589015  0.18794986896984298  0.19690393283638891
  0.20587023259533174  0.21619480977200306  0.22772054788955623  0.23763115557005943
  0.24868489233901664  0.25866641727406997  0.26809476863689319  0.27667422808007724
  0.28468178924457865  0.29317526674595695  0.30259758632781780  0.31264455909199063
  0.32343666844037666  0.33462936948191896  0.34662849188720218  0.35933572216234883
  0.37193319095909150  0.38374567784780961  0.39453966038856020  0.40478321921968391
  0.41470552007711309  0.42434663654774968  0.43358035863178468  0.44285322685928880
  0.45236219917183235  0.46231625457783199  0.47212568632642771  0.48193799977885265
  0.49214266682099178  0.50359264902637069  0.51623687510715610  0.52833557547825971
  0.53943870637578362  0.55068030402994239  0.56251642556414172  0.57507080679195022
  0.58790760744490955  0.60093671074808364  0.61179158746887641  0.62220935155931678
  0.63241297254812334  0.64238386092123811  0.65190185617380425  0.66108320999924375
  0.67150715167191877  0.68330981313811601  0.69591614764911858  0.70840602685492760
  0.72086873831609444  0.73363326526327355  0.74593893517623688  0.75711716093631187
  0.76760498975656499  0.77800530487029762  0.78845450110836612  0.79809661540866228
  0.80718439863069413  0.81674296495664300  0.82669217499137460  0.83677966044841456
  0.84643431272782832  0.85682309378420518  0.86791492196953690  0.87925074466598885
  0.89036296610127685  0.90130940555098271  0.91216193372741972  0.92273054487795114
  0.93297872719054653  0.94258821061450060  0.95185220067713228  0.96112391775023631
  0.97096220763102559  0.98077227479392293  0.99049938530247772  1.00000000000000000
   62.028635450180353       -1.0000000000000000     
 F F F F F F F F F F F F F F F F F F F F F F F F F F F F F F F F F F F F F F F F F F F F F F F F F F F F F F F F F F F F F F F F F F F F F F F F F F F F F F F F F F F F F F F F F F F F F F F F F F F F F F F F F F F F F F F F F F F F F F F F F F F F F F F F
  <DiscreteSampler_grid>
  grouped_processes
  1 # 1 for a reference and 2 for a running grid.
  10 # Attribute 'min_bin_probing_points' of the grid.
  1 # Attribute 'grid_mode' of the grid. 1=='default',2=='initialization'
  0.0000000000000000 # Attribute 'small_contrib_threshold' of the grid.
  0.5000000000000000 # Attribute 'damping_power' of the grid.
 # binID   n_entries weight   weight_sqr   abs_weight
    10   10   5.515884402716389E+013   6.578830459246767E+027   5.515884402716389E+013
  </DiscreteSampler_grid>
