 -0.00265204159725037  0.01046965542401702  0.02042304771107786  0.03030677757204074
  0.04047436598006594  0.04971850022133053  0.05892880096616236  0.06826046346433805
  0.07808452390815912  0.08767511243276219  0.09771099260506932  0.10912316952695825
  0.12287372875129440  0.13580069566494540  0.14855514466016478  0.16120408046169771
  0.17187187823873779  0.18229644640830339  0.19268555809228746  0.20296815435645610
  0.21281114885494679  0.22283739349251838  0.23321504169770935  0.24395639449230722
  0.25453282895954293  0.26491428924088473  0.27497486951409533  0.28476206271560744
  0.29433389928750819  0.30446565696408506  0.31501994859956478  0.32575920594928987
  0.33625556097070003  0.34730781559863727  0.35843500531501393  0.37048541202586499
  0.38122254416239776  0.39242487132821985  0.40319125664064748  0.41456675498291279
  0.42599412317587204  0.43666232938818550  0.44686437252153161  0.45644822084525716
  0.46610184085239625  0.47545547589352177  0.48464098891680951  0.49335802346184471
  0.50220671850335674  0.51077336532603757  0.51920920192277764  0.52768761110825158
  0.53625315778940941  0.54547707306995097  0.55465020494573691  0.56376483699209279
  0.57456822110443240  0.58552833664624282  0.59829475384935871  0.60974239388568385
  0.62055255857951097  0.63149114285769037  0.64270131020638843  0.65353445236592878
  0.66429035327456243  0.67518974339649529  0.68635852795296859  0.69712681865469506
  0.70759927286030511  0.71819804644043628  0.72911750100907669  0.74020077703639098
  0.75125757342058885  0.76189071375056194  0.77177492938637948  0.78094440145007582
  0.79016937604957382  0.80024345765022198  0.81149980046215642  0.82338994278125521
  0.83510017777377687  0.84632733623615075  0.85705245168200483  0.86716023702611855
  0.87696561333200374  0.88734771043261595  0.89856614126518708  0.91004879259077376
  0.92141045547745393  0.93264639313706277  0.94419720401805285  0.95610324678997993
  0.96747862538576423  0.97819395967334888  0.98911124495943359  1.00000000000000000
 -0.00051387589710411  0.00591185046104311  0.01271387951669053  0.02004669345005339
  0.02835642345889589  0.03741754638107020  0.04791800316028855  0.05918947138762154
  0.06971230575038441  0.07966556834994963  0.08965633207153939  0.09988420768927890
  0.11021073538177659  0.12041484818613138  0.13127824734543111  0.14320532304477188
  0.15551609591669524  0.16793715074801321  0.17906473934632175  0.18882274043465652
  0.19761028502635880  0.20619070441099469  0.21475185596201601  0.22295001520437452
  0.23129453366677868  0.24011082466779329  0.24931178735501466  0.25875883691680907
  0.26860351047046416  0.27903208227033066  0.28945953379274625  0.29934274461304000
  0.30919976392303988  0.31975567491934415  0.33053188242076614  0.34049229335457964
  0.34957664417304868  0.35945261271927420  0.36945295298886210  0.37890996677376221
  0.38734266361546027  0.39648688963519518  0.40797892292915766  0.41909622339250424
  0.42822680762256693  0.43785694777919054  0.44819844773070250  0.45846141363170173
  0.46751708104543060  0.47628136643144875  0.48549438848824794  0.49506397386016521
  0.50458195817672868  0.51436452839704039  0.52459500607745746  0.53505550437591454
  0.54532210257678071  0.55565092681160977  0.56591991236297079  0.57648360583309877
  0.58743770174464638  0.59819201190319671  0.60998957262171571  0.62180454715235700
  0.63414805808332009  0.64570238889554277  0.65723372568039429  0.66880091269973929
  0.68007392206811146  0.69059692850797672  0.70005743796212205  0.71007386728900146
  0.72117053980012624  0.73255499950961489  0.74374513037228918  0.75529820265858316
  0.76801046816884633  0.78093794120026960  0.79375395522666292  0.80633903369893356
  0.81861925219089771  0.83108954437731264  0.84399983129039946  0.85607004106765316
  0.86762740234114422  0.87915474678494332  0.89052925153884344  0.90127415863751903
  0.91110589128133745  0.92153471400807330  0.93233821021748964  0.94356375330435105
  0.95486189099152108  0.96779728271885823  0.98285667394833420  1.00000000000000000
 -0.00872120165036353  0.02282658180276030  0.04680900854348817  0.07117243509249126
  0.09458658783909231  0.11647397475678369  0.13704106985045156  0.15685674152019061
  0.17685610742262944  0.19705040122698170  0.21767056684375963  0.23964005081886799
  0.26247154298163211  0.28488177677124138  0.30721071197972449  0.32935342894134734
  0.35144080331912003  0.37341953176789894  0.39554180839353109  0.41777278830824649
  0.43940841774085432  0.46091578417644763  0.48244554779172000  0.50395550219456620
  0.52542746267244267  0.54807094701702563  0.57147305253345537  0.59502015771990313
  0.61830276596318257  0.63987057692956006  0.65798321200070997  0.67286974213273254
  0.68770899614279846  0.69024827968056435  0.69187599087486629  0.69535468442520909
  0.70017118497002795  0.70500814929983791  0.70979863545332378  0.71455330048931709
  0.71933096811511577  0.72409016052691033  0.72889759688713041  0.73369048841990769
  0.73847079684488803  0.74328536396369904  0.74814427088262037  0.75302596009160461
  0.75800682676810438  0.76300989544571340  0.76795072589743096  0.77290531094805226
  0.77784269713085075  0.78274075342522675  0.78766678203109730  0.79264921005421329
  0.79758472965884453  0.80251618388840640  0.80754759561460832  0.81252953134099770
  0.81741410010553062  0.82233152228831841  0.82743678536843490  0.83257148920735802
  0.83762834034119871  0.84264925012996494  0.84769686200860517  0.85285202221681555
  0.85801142683904441  0.86316014996542600  0.86824609085401372  0.87333352262438835
  0.87846374226506840  0.88367078386907982  0.88886761411833393  0.89408674684862044
  0.89927560547882535  0.90441712830488374  0.90960748468631569  0.91483411526605629
  0.92001616991403468  0.92512120523476127  0.93027000688405337  0.93554004998419993
  0.94091919274745883  0.94629263141463882  0.95165918258105253  0.95707281173875436
  0.96247569769074470  0.96787262966303167  0.97322062006210730  0.97852008679301861
  0.98381982919134192  0.98915826755844471  0.99452950565042675  1.00000000000000000
 -0.00244693661603664  0.00980225634057801  0.01928360558384127  0.02974330703315668
  0.04068743859222890  0.05140158219613903  0.06158446066678903  0.07136788269612040
  0.08141198755425094  0.09112458207261921  0.10095780362585283  0.11088531224885151
  0.12157606923948432  0.13238348933366384  0.14367600635974095  0.15509080676388989
  0.16640121017609608  0.17670102439830684  0.18668655131302314  0.19683160190631296
  0.20661191712205890  0.21598745338926692  0.22518334032106485  0.23488763970118712
  0.24516882394681469  0.25615832826502066  0.26729245316432015  0.27771630813865655
  0.28765643036835692  0.29817461664192346  0.30932094592157211  0.32019553445930049
  0.33051352910119347  0.34120348805953571  0.35232693050393488  0.36310095228201272
  0.37370931745757824  0.38401292138005610  0.39390297179878503  0.40348368205324342
  0.41309758144302478  0.42310975920385463  0.43349231999998444  0.44430494680671245
  0.45536504284298723  0.46642282088055598  0.47760354446383457  0.48907207866973945
  0.50081917043270396  0.51298065218919020  0.52565301504832007  0.53792265345281720
  0.54960939175089285  0.56073943944817339  0.57091761161420806  0.58155387286613569
  0.59264279746718018  0.60394468721634986  0.61470924622457213  0.62520129822992676
  0.63453360015044236  0.64388392659788041  0.65334470440119452  0.66299069307269864
  0.67379858519449509  0.68422417745356634  0.69420255375341311  0.70420394676965781
  0.71481072797015954  0.72560426230326258  0.73570198984111868  0.74559757098135060
  0.75715844096003038  0.76993497204148287  0.78208236044184143  0.79399251143537353
  0.80585264432278292  0.81695065520283983  0.82752123225616858  0.83788902963659484
  0.84799576127359733  0.85760076667169549  0.86722640400040651  0.87732412522922876
  0.88737045284470140  0.89695211941607733  0.90612371757090848  0.91585722629659194
  0.92707498999664317  0.93865209027724184  0.94926203374841600  0.95910209685501246
  0.96885382639733886  0.97909473101015487  0.98915109009196167  1.00000000000000000
 -0.00227251719117580  0.00886011348667651  0.01874256381423956  0.02948074208130688
  0.04036681537778245  0.05111530852226678  0.06162450777213049  0.07460385217883643
  0.08646068190759899  0.09775545353710530  0.10780439504924175  0.11663515358516126
  0.12599299755378732  0.13457354151169840  0.14294823884546948  0.15145722759866637
  0.16007561973896434  0.16892091791630862  0.17811859433597002  0.18735225124393445
  0.19696392652773659  0.20689529544938129  0.21713674682255685  0.22710509519965269
  0.23844102576535620  0.25044847237944728  0.26288953491732558  0.27547937141907303
  0.28801894111493320  0.30033737134026078  0.31199094281243378  0.32280654104113699
  0.33337833433815017  0.34394534669403831  0.35415942109522824  0.36437780176489060
  0.37494102775028543  0.38607544073660488  0.39781307316075787  0.40851733446905436
  0.41896878270730975  0.42892652194938719  0.43966561246091068  0.45111762952069923
  0.46234655564131177  0.47344861398378157  0.48472937167482494  0.49683114655737648
  0.50924683035968699  0.52139823291206833  0.53275268077670823  0.54377035575537758
  0.55511186324186712  0.56576345672978157  0.57562875346236630  0.58520330231621909
  0.59477754400410499  0.60425990870639890  0.61361190902876184  0.62274280411551242
  0.63257528489359227  0.64291521028220733  0.65442834044555009  0.66531647866376120
  0.67671420927185599  0.68772361503871848  0.69826723514752154  0.70898510849714558
  0.71997079823233812  0.73129502141908787  0.74301195463575753  0.75497217162690811
  0.76689609230282108  0.77833479804711470  0.78929242293771762  0.80081910235779097
  0.81215502971104636  0.82298001809790322  0.83315626252910135  0.84299880760183443
  0.85268108943020837  0.86240095884546220  0.87241979728495533  0.88292273929040532
  0.89373579752116983  0.90443644951282309  0.91457196022266263  0.92387320320996369
  0.93279175124740177  0.94183388994409112  0.95074188435916041  0.95978136583877571
  0.96938790642257389  0.97936624906027048  0.98980368305559729  1.00000000000000000
 -0.00236999171805921  0.00852885647335058  0.01880182973249764  0.02927890019971090
  0.03974983627673020  0.04973724007123052  0.05925786057637896  0.06853456100794635
  0.07757689558405623  0.08732760544573266  0.09711674783236728  0.10702986500662971
  0.11756736237643696  0.12855437821774340  0.13914171497798419  0.14908224325240091
  0.15875226502910800  0.16875803790632501  0.17923576763316432  0.19013526334084982
  0.20116587162360328  0.21165575249629126  0.22139248954504470  0.23194938551123589
  0.24353225344366961  0.25537575347556196  0.26629204817537649  0.27732824325196470
  0.28908824372553282  0.30010489247475691  0.31113619128194459  0.32197860959795627
  0.33325725778649984  0.34336679811880200  0.35316686887718890  0.36282142116820021
  0.37334193781796043  0.38310107874187599  0.39249998241681150  0.40182397251558138
  0.41168044568990869  0.42271516101336215  0.43387019598309334  0.44526307848883245
  0.45657993189917634  0.46688228914539132  0.47757693575597293  0.48723086401325932
  0.49665779703041824  0.50601869244361641  0.51516825974001879  0.52467835997712031
  0.53403481064776726  0.54325908381462895  0.55294882151674773  0.56356724853103246
  0.57502993374298306  0.58700109048891780  0.59864261423291720  0.61127478565785043
  0.62410908476150262  0.63681026708967370  0.64912362186822714  0.66120330079438960
  0.67309947680969240  0.68488303348135637  0.69693559890090573  0.70897568447300130
  0.72075513711806327  0.73259893882182692  0.74416083483127349  0.75504812895095563
  0.76540001075287589  0.77526891495850159  0.78474418149431557  0.79440088358703120
  0.80432243058541086  0.81496980720465373  0.82595615294233704  0.83769128146950866
  0.85004251753432858  0.86179674885852686  0.87288540156032535  0.88286915959005874
  0.89235559936721476  0.90195273146906096  0.91151031170927477  0.92103461295004541
  0.93025470022469559  0.93993512751233743  0.95101732422778951  0.96120530094314538
  0.97103900406793409  0.98079890033780426  0.99055471027678710  1.00000000000000000
 -0.00257075284834352  0.01038507688748397  0.01921254658854563  0.02776508498372177
  0.03617884112319922  0.04563286547396413  0.05610125637815527  0.06622354280265498
  0.07664911540387369  0.08714335827177266  0.09733749175305419  0.10706097665080412
  0.11689775788723036  0.12661414273159291  0.13585790371740641  0.14493790498254230
  0.15473108372690719  0.16519705352241390  0.17566988421876295  0.18586063000371963
  0.19590458951392420  0.20587839301205463  0.21611340245292601  0.22647173420423589
  0.23676660986092271  0.24673019914880098  0.25616196883470571  0.26565774334458114
  0.27578320756106250  0.28603206772054085  0.29602867541990718  0.30624257572387342
  0.31656679696632217  0.32724801521428121  0.33751671674005818  0.34768529421615341
  0.35847372425489910  0.37021958851424824  0.38164813386123553  0.39298126853416954
  0.40483407258629028  0.41648659114906894  0.42728288405183490  0.43774618433039325
  0.44841586484848689  0.45949194528523990  0.47044240180172264  0.48068168013216578
  0.49043891845116772  0.50020968410591915  0.51046887367547333  0.52204803095907637
  0.53288724980862578  0.54359166102544243  0.55412607878248243  0.56462110542247956
  0.57514411406366717  0.58537867155090417  0.59513115264776528  0.60496859524953095
  0.61429094829425168  0.62325691618408885  0.63266942109627111  0.64269694469351857
  0.65470351834226936  0.66577242640355383  0.67767982859111675  0.68969813514095857
  0.69962207566693302  0.70908292816539553  0.71885742023540455  0.72919043343144685
  0.73985221789367117  0.75057662603369479  0.76246126424978378  0.77393661965225324
  0.78518019160207475  0.79685382412449857  0.80827079813363878  0.81854798925833494
  0.82849341519481634  0.83893252721495115  0.84998886705466992  0.86112560221399592
  0.87283658091304084  0.88558078856938471  0.89909143202200870  0.91275607436301320
  0.92587040103659923  0.93767646400667448  0.94818853491539012  0.95836558937211469
  0.96898370129687450  0.97966784618219194  0.98968217973303652  1.00000000000000000
 -0.00313324953379689  0.01075729906824489  0.02351801515669128  0.03616082087597939
  0.04852875091033295  0.05991630278182969  0.07081714786864997  0.08162072789138067
  0.09292241011124827  0.10494836848255253  0.11759186331858580  0.13031156593313215
  0.14226309343145929  0.15303528694663451  0.16323869514547654  0.17301996279029949
  0.18239008268327214  0.19153643201529885  0.20103941604157105  0.21041482678417467
  0.21957424350291566  0.22839290708266921  0.23849072947049293  0.24896997194790743
  0.25775036483228692  0.26657552722871858  0.27539634380252509  0.28445449724609612
  0.29350350478314630  0.30232589432776852  0.31114700231432013  0.32060423735744431
  0.33094823333354351  0.34208191321660314  0.35333866732076968  0.36527390411236793
  0.37765101819243391  0.39049168238454474  0.40277177961162186  0.41446107410856425
  0.42550212472290722  0.43584349318467058  0.44611038019361637  0.45615314562702758
  0.46777276188024819  0.47963615827610878  0.49317061670774037  0.50629550930242839
  0.51911540310817739  0.53178990074318500  0.54388749398503200  0.55528607404485031
  0.56636461111119230  0.57732852574623350  0.58870955551454296  0.60029319422647809
  0.61132450935572902  0.62238154596071338  0.63226536049640913  0.64221404855432829
  0.65179660393940320  0.66123283342923822  0.67104327381562445  0.68091549388935846
  0.69091782582021544  0.70162213126075645  0.71295715491906864  0.72465157409185688
  0.73662800719962218  0.74794685154364748  0.75845352531753940  0.76905545912652828
  0.77832600750825720  0.78780854017949753  0.79705453983652785  0.80650713514100347
  0.81639780586359600  0.82668549759232535  0.83668738741748561  0.84706531482234104
  0.85701601487287515  0.86658921062459993  0.87592963225819709  0.88470098873901581
  0.89316186276977683  0.90122767133435777  0.90952390326534283  0.91842309402439481
  0.92796413872157413  0.93758238127376248  0.94770802866447834  0.95763800469915128
  0.96781447136583232  0.97885439675443142  0.98940406120421609  1.00000000000000000
   60.993246484423935       -1.0000000000000000     
 F F F F F F F F F F F F F F F F F F F F F F F F F F F F F F F F F F F F F F F F F F F F F F F F F F F F F F F F F F F F F F F F F F F F F F F F F F F F F F F F F F F F F F F F F F F F F F F F F F F F F F F F F F F F F F F F F F F F F F F F F F F F F F F F
  <DiscreteSampler_grid>
  grouped_processes
  1 # 1 for a reference and 2 for a running grid.
  10 # Attribute 'min_bin_probing_points' of the grid.
  1 # Attribute 'grid_mode' of the grid. 1=='default',2=='initialization'
  0.0000000000000000 # Attribute 'small_contrib_threshold' of the grid.
  0.5000000000000000 # Attribute 'damping_power' of the grid.
 # binID   n_entries weight   weight_sqr   abs_weight
    10   10   5.969719755032360E+013   8.693546131731724E+027   5.969719755032360E+013
  </DiscreteSampler_grid>
