 -0.00273648610684682  0.01050917965442193  0.02108414821547850  0.03135289839059525
  0.04143360039125274  0.05066811581814644  0.05925202252487340  0.06862678371221707
  0.07903519086908332  0.08992905210502931  0.10023139303041236  0.11033812354675762
  0.12044312234302276  0.13010699229635275  0.13913346417464614  0.14821940051224161
  0.15755215177794324  0.16696093948872154  0.17642425000756962  0.18584846582948203
  0.19614187989910400  0.20759881317745635  0.21963243168230073  0.23121853712745735
  0.24321684292840245  0.25584926310753725  0.26954053503642428  0.28146928863541681
  0.29225699006023315  0.30302069722514380  0.31369568102253453  0.32427819120774842
  0.33544785375359232  0.34734075934963204  0.35867194887788084  0.36894830481396140
  0.37914808805012468  0.38984026024820462  0.40066306786038175  0.41125207066628883
  0.42164090309086633  0.43219700854412840  0.44277286469080029  0.45292481982728267
  0.46273155312203684  0.47223267563200771  0.48161945162014308  0.49089296505897301
  0.50027015476702785  0.50984239497193140  0.51988931781334446  0.53041784279902082
  0.54146398220744540  0.55286430581063262  0.56450685408795087  0.57558860017643210
  0.58716248709805141  0.59882808979500057  0.60983871849261018  0.61988483065641375
  0.62989548670982987  0.64046044916453448  0.65116360369981607  0.66189280976892040
  0.67432363283901275  0.68670014895658604  0.69823851298410489  0.70903880007618236
  0.71885494633228764  0.72876068278218487  0.73797151395614824  0.74713009097485694
  0.75622871391075985  0.76509050606638151  0.77413853023349188  0.78420314282990100
  0.79443639814023248  0.80446572758290258  0.81410331265279712  0.82431941216332416
  0.83472988990780483  0.84557896805169230  0.85620119872726508  0.86727271967684805
  0.87818571940515588  0.88876036626154187  0.89954292882891362  0.91043145975892892
  0.92132236955695512  0.93305578413009715  0.94470840121645505  0.95722410751928055
  0.96861608275754041  0.97944422410609389  0.98992174124833499  1.00000000000000000
 -0.00116813092040813  0.00778293015731343  0.01633437524424944  0.02476711877357808
  0.03337329647016092  0.04225176985885796  0.05127539524323145  0.06029143036603578
  0.06922133772659657  0.07810839855308171  0.08686978098432047  0.09547929745061511
  0.10431915323153323  0.11340396020737707  0.12250721844197787  0.13185930185715883
  0.14143276856815168  0.15179311887792288  0.16310528191480569  0.17429151237267876
  0.18550974287839056  0.19699467025445649  0.20844360568575662  0.21905128573528337
  0.22956959388534706  0.24079570395402819  0.25156578712193167  0.26233041570450605
  0.27231943616744186  0.28172939120470530  0.29096512529994545  0.30003337617666387
  0.30958022512406125  0.31943876371136903  0.32973607675156213  0.34037628980381224
  0.35083592719715012  0.36096582202577449  0.37076629329183325  0.38074345937317872
  0.39098506887565637  0.40106605905505810  0.41081648384837716  0.42039520665191227
  0.43002671201285730  0.44002011688807957  0.44974107316343842  0.45966874608963593
  0.46938228567956147  0.47913794217511163  0.48852357745656227  0.49792149266464281
  0.50773882333724274  0.51802366969203595  0.52891901052358758  0.54001883055930022
  0.55036269197113596  0.56007499793418014  0.56997109573192295  0.58021004155810263
  0.59107709627948268  0.60229840627226039  0.61379053859667188  0.62536274881335485
  0.63681830706490072  0.64815141469968596  0.65926008217962007  0.66986234565130975
  0.68074957331501318  0.69197523402753180  0.70388270895312610  0.71521460458333685
  0.72673361019868576  0.73927321951107861  0.75139274301851111  0.76217774407457217
  0.77266361941964534  0.78339656077726572  0.79414204214215478  0.80503754461505861
  0.81722830717977002  0.83015275362422081  0.84171012827927072  0.85215931343811524
  0.86248530350676800  0.87275786373763642  0.88317585235605234  0.89407766403739286
  0.90562540691439086  0.91774011202013317  0.92920700699259617  0.94118550754193897
  0.95386814037667089  0.96733404289850911  0.98252507215936835  1.00000000000000000
 -0.00841823876944236  0.01897106685230754  0.04242801599405623  0.06614989300016207
  0.08941493492423003  0.11206403616758703  0.13239354940263934  0.15180497780263255
  0.17166432107883550  0.19128072363489612  0.21061814214889923  0.23241461010983308
  0.25475299304115906  0.27710995907539271  0.29946117016297225  0.32180389579608559
  0.34418197981207643  0.36657668179466946  0.38884943191057675  0.41111447190612560
  0.43337094736016668  0.45553085727373382  0.47759280592410669  0.49975304757206629
  0.52195320010034163  0.54485841031172866  0.56807497729833456  0.59225595356042149
  0.61704084809597382  0.64249913840140738  0.65890034720517887  0.67337290646579639
  0.68799815074485571  0.69035629977669677  0.69172854394278549  0.69539347464430179
  0.70029477571394805  0.70506184578198139  0.70987111775223755  0.71469906219495460
  0.71951548752808336  0.72433329946206870  0.72917320746593939  0.73406803625714490
  0.73896840823234744  0.74378590929568866  0.74859883913856984  0.75342140211197184
  0.75824721958104502  0.76313336794798303  0.76803271488841196  0.77297091788510941
  0.77791451024116742  0.78285521595173768  0.78779829108837329  0.79269513916579648
  0.79754446257288780  0.80248312949164124  0.80750708164906571  0.81248783457954032
  0.81740616401680877  0.82239446184993792  0.82745632069808228  0.83252011907577905
  0.83756148857762958  0.84261320061557299  0.84764354034667289  0.85265403817842123
  0.85775969244423755  0.86289086803896986  0.86792403620624670  0.87294445276270494
  0.87797701673506345  0.88307359779473193  0.88817294950994907  0.89327505777341887
  0.89840788755514722  0.90356077755911002  0.90878044987506146  0.91409268825869849
  0.91943201631465699  0.92477944966484948  0.93007107257185062  0.93534547033236703
  0.94066716716812049  0.94597384660037309  0.95127839574337214  0.95660500649098867
  0.96192531184279073  0.96725644136762001  0.97266600613323762  0.97815697908883070
  0.98366508926889507  0.98916097252442647  0.99460064889151667  1.00000000000000000
 -0.00275668224077787  0.00977710950247078  0.02073483188439649  0.03192005208732236
  0.04372593132007906  0.05581382512056253  0.06675553109326154  0.07711013877736246
  0.08788497624650034  0.09902478541030925  0.10986866717067206  0.12030977284548718
  0.13100866376850501  0.14214274151531514  0.15349276564409964  0.16472608983881537
  0.17574900813474803  0.18634124015186757  0.19653596318392036  0.20642693094075493
  0.21578858036471082  0.22460029654324279  0.23411462490316362  0.24381315071695484
  0.25296913763422407  0.26168690818687446  0.27062438615022516  0.28084680225520087
  0.29100941981215672  0.30010328322204777  0.30929167335880720  0.31831929156504846
  0.32728893586757513  0.33597336838030717  0.34482545272422399  0.35402835914753461
  0.36363936964301968  0.37347964970342362  0.38365754577395661  0.39388243290149832
  0.40355616016975038  0.41284342058274320  0.42224250734641511  0.43216453590529791
  0.44308127807378572  0.45464234697132450  0.46543480676368482  0.47563297109986191
  0.48544507804399312  0.49508237320264054  0.50506384991455111  0.51510317829624441
  0.52474154821632879  0.53616701227560537  0.54751240762089426  0.55877694946325762
  0.56977156636743687  0.58053262337587885  0.59146380008070354  0.60262779027788571
  0.61292495275717118  0.62271632109553776  0.63240637713912462  0.64244921444490333
  0.65364798657765788  0.66496349664048016  0.67649616572175186  0.68793872373372700
  0.70017119444905906  0.71233616314491366  0.72413037025480920  0.73548316709037032
  0.74648804483674791  0.75737823721769049  0.76835960384426882  0.78007749234804991
  0.79163880505636031  0.80283767439007858  0.81356350671420674  0.82381241078700063
  0.83406231071090797  0.84401120558155684  0.85373914070291723  0.86332790335409715
  0.87308238062205590  0.88362254583762190  0.89473500903037340  0.90617825996000223
  0.91802310285593047  0.93020195048341070  0.94214624059834418  0.95380071658157095
  0.96520152989664121  0.97680347691962366  0.98843799165579038  1.00000000000000000
 -0.00256887895196365  0.01028451973689921  0.02062524508156098  0.03173258987267124
  0.04272628159942952  0.05480213745729692  0.06624196716122906  0.07639267496687932
  0.08565113418946697  0.09399115979856029  0.10214021418879592  0.11058410876147658
  0.11931860547170610  0.12883646224269873  0.13925027228040310  0.14925368164570116
  0.15901250127139208  0.16873396708262436  0.17849634443460494  0.18833855577015579
  0.19791841555797962  0.20741371826968069  0.21806586884116641  0.22963244907752797
  0.24296453805231569  0.25488146801998629  0.26548110981661460  0.27525033138868732
  0.28451428693862180  0.29352179284107932  0.30263068144836180  0.31187493731918342
  0.32183215981958174  0.33215556770548504  0.34290949653635683  0.35402069637665307
  0.36507351833266050  0.37570271421159096  0.38583917070701895  0.39624787621574636
  0.40749636364720404  0.41910762637357779  0.43037694325706682  0.44155879587939101
  0.45291201444246521  0.46397638248410661  0.47495445309133466  0.48639845245503344
  0.49830998401575294  0.51021965921883405  0.52193868255271625  0.53342042113430499
  0.54427177000556803  0.55440137676345713  0.56449857866073649  0.57433958301307675
  0.58401261871642696  0.59363414746733023  0.60299289810913692  0.61249135015771472
  0.62217444095468111  0.63286600645482816  0.64400891456229825  0.65527034676324247
  0.66672427947302626  0.67818829247137313  0.69007974599424460  0.70243564199957542
  0.71466770459268858  0.72611696251683233  0.73606917736598454  0.74510282435407460
  0.75400796577273088  0.76258959216681677  0.77124829055190092  0.77999356004591380
  0.78861775709117388  0.79858310857153314  0.80984396673091619  0.82190060859080527
  0.83393321887588445  0.84563826279232979  0.85677195984739163  0.86755183491463772
  0.87824681494432888  0.88898754465285290  0.89990422832305350  0.91055509674985535
  0.92092824045297650  0.93179690531188630  0.94291839295460111  0.95454185871195019
  0.96629101837899944  0.97808638614391874  0.98923626481158022  1.00000000000000000
 -0.00229966087358834  0.00949143585289166  0.02000538658297926  0.02958611402501287
  0.03984221069999547  0.05009052680179576  0.06061580401028095  0.07064601405167902
  0.08085322832817533  0.09305239076069104  0.10675325014048262  0.11988789417178229
  0.13154654873308122  0.14179091720637585  0.15212593810702604  0.16238316099379640
  0.17274666737652822  0.18272096926330320  0.19242042639517801  0.20238706461142966
  0.21296301009323029  0.22368688636697412  0.23395420240499065  0.24431799897415288
  0.25491067718886240  0.26538857084452161  0.27501880637535037  0.28416986190032822
  0.29346248071607406  0.30323356952417890  0.31370011717258717  0.32492803791863434
  0.33607274046850560  0.34648536685126835  0.35677369370624690  0.36720900722563760
  0.37712968109406642  0.38640062349887350  0.39577835425486507  0.40625755493349125
  0.41687033332172441  0.42766340883889581  0.43904141820194070  0.45198708938287291
  0.46475993105025126  0.47679111470455504  0.48844849445917682  0.49967523386851803
  0.50985883343298055  0.51952182846172068  0.52905514349783533  0.53869475930990185
  0.54878469269687269  0.55902911523739218  0.56941841823754580  0.57946318304520716
  0.58909642415827146  0.59866685548355814  0.60851803680869820  0.61860156942288391
  0.62849153891531195  0.63831738113223735  0.64849462638641120  0.65904245253286609
  0.66936112861632269  0.67932509997763302  0.68992262705038632  0.70144646463610949
  0.71306816518420424  0.72495315299333407  0.73643648952814567  0.74753255257836881
  0.75858871525503457  0.76961219369602207  0.77985899893750277  0.79040631030767650
  0.80080494460138230  0.81130946565838413  0.82220591870139181  0.83288391579953236
  0.84437595079895078  0.85635107813394495  0.86877123228886033  0.88023932787425407
  0.89027252929109768  0.90019004500795741  0.90934312569308129  0.91864853960100024
  0.92796957034459149  0.93753736713487046  0.94720160566390199  0.95725993286708888
  0.96734852264873328  0.97786429660477991  0.98846051780298638  1.00000000000000000
 -0.00294048430191267  0.01074276993525391  0.02178659104084104  0.03135681178981231
  0.04097610738126303  0.05113907637781711  0.06180994303561446  0.07300271888999810
  0.08407067266109042  0.09511298611076023  0.10657620205160268  0.11701071252146845
  0.12723858790161940  0.13759237420086251  0.14875276582536642  0.15993551880103307
  0.17180349678247150  0.18393923548654648  0.19528575159606806  0.20617944055078158
  0.21722723435229205  0.22803704701573096  0.23769418221227967  0.24650342667241279
  0.25540599331976793  0.26489136889595172  0.27431180900148183  0.28364518478096201
  0.29326309165668107  0.30352638902970458  0.31434614996072863  0.32515611024222885
  0.33620202290292323  0.34696433203572413  0.35781348297433735  0.36900628910530808
  0.38007821301311390  0.39183476836846293  0.40212342833884934  0.41259379205657692
  0.42266034803660191  0.43279441928208190  0.44303153213099961  0.45336861702816722
  0.46354611114859795  0.47411162587972222  0.48430996717706759  0.49528041527443806
  0.50679671486636269  0.51810694608453822  0.52909075028999120  0.54007854660903121
  0.55118269017125521  0.56223611357707903  0.57303042741471244  0.58516722418044553
  0.59949436291990454  0.61356500669271496  0.62645717087481967  0.63842665289325340
  0.64957547734794940  0.66010933645009973  0.67033321673901625  0.68070407566498015
  0.69082671340319035  0.70083690565707646  0.71070884064529427  0.72074947540447942
  0.73046323261271018  0.73942540508422971  0.74818958936973601  0.75733795823013006
  0.76701641514127594  0.77705907470152213  0.78731615579929692  0.79792244840049609
  0.80884433672960820  0.81969705530492432  0.83088228976403677  0.84111167361919281
  0.85084544243911453  0.86027848991705202  0.87017681642122080  0.87992988294416496
  0.89027458509877266  0.90071452732073154  0.91190076228677308  0.92261370454237379
  0.93298546197595544  0.94362944522097270  0.95404946264030943  0.96352290839153987
  0.97229297831125627  0.98158083700169163  0.99078576006218766  1.00000000000000000
 -0.00270194341068346  0.00943483587787506  0.02051837931451818  0.03113003592706685
  0.04149044134466341  0.05163798812558315  0.06163874922036962  0.07224841157165054
  0.08355583901493688  0.09484696246949426  0.10537474291602740  0.11522073697112149
  0.12570723273786175  0.13728069766481776  0.14831808133465729  0.15847816640866316
  0.16873556866178402  0.17961296720336054  0.19046853890949780  0.20134608072475438
  0.21220662418034719  0.22313495485632587  0.23423242576107337  0.24535674686766315
  0.25649314757860991  0.26776570037726793  0.27926348852370692  0.29068220524934024
  0.30194591231663465  0.31279661885570403  0.32294711126673614  0.33295141313883569
  0.34378886424519478  0.35535839997836433  0.36663228412194621  0.37806416783632607
  0.38994453108722771  0.40216860962889184  0.41457930604083321  0.42676387916439928
  0.43862560711327059  0.45015634679444733  0.46052110985514610  0.46888714432488920
  0.47805051448758534  0.48819888011920642  0.49870231372032753  0.50853840431962116
  0.51851837771398268  0.52963018768895820  0.54145587960072505  0.55205216694925119
  0.56194695474977974  0.57114437515959504  0.58008054768333805  0.58923761539704067
  0.59838627394368460  0.60764977271685461  0.61716246141652986  0.62761656498365903
  0.63924238532422062  0.65091011630333173  0.66228687540543596  0.67379187038040933
  0.68538556439784615  0.69647649430720016  0.70698361588994740  0.71754088570132957
  0.72797312153622185  0.73860741303771815  0.74924030970529587  0.75957748983425477
  0.76996880350391483  0.78134847841382682  0.79292735950334736  0.80383656603395703
  0.81454612476907640  0.82521949792447657  0.83503201657141068  0.84413938257989074
  0.85309092479238913  0.86214335585206714  0.87103749375315576  0.88020205285249142
  0.88961349057982952  0.89940615402744772  0.90953434339149619  0.92007383890061445
  0.93134024746645472  0.94168969225939569  0.95167752493051638  0.96177232581545058
  0.97223043727681724  0.98196301499710803  0.99118503733375374  1.00000000000000000
   61.491582201392468       -1.0000000000000000     
 F F F F F F F F F F F F F F F F F F F F F F F F F F F F F F F F F F F F F F F F F F F F F F F F F F F F F F F F F F F F F F F F F F F F F F F F F F F F F F F F F F F F F F F F F F F F F F F F F F F F F F F F F F F F F F F F F F F F F F F F F F F F F F F F
  <DiscreteSampler_grid>
  grouped_processes
  1 # 1 for a reference and 2 for a running grid.
  10 # Attribute 'min_bin_probing_points' of the grid.
  1 # Attribute 'grid_mode' of the grid. 1=='default',2=='initialization'
  0.0000000000000000 # Attribute 'small_contrib_threshold' of the grid.
  0.5000000000000000 # Attribute 'damping_power' of the grid.
 # binID   n_entries weight   weight_sqr   abs_weight
    10   10   2.540997300992301E+013   1.789622973914113E+027   2.540997300992301E+013
  </DiscreteSampler_grid>
