 -0.00235856747637891  0.00934413162832430  0.01863750707025637  0.02880564217912612
  0.03873812771402214  0.04880589369898401  0.05917117762612131  0.06979563065551403
  0.08016576710125561  0.09016544937862113  0.10023764487262281  0.11032063948815253
  0.12067652237954714  0.13138571068336932  0.14269506628999210  0.15402336411940901
  0.16463994584885921  0.17481404170850470  0.18491273168099709  0.19503517230026005
  0.20517317771128113  0.21449059108343260  0.22325942581249134  0.23218708604664690
  0.24099645976689621  0.24945325989207817  0.25827676571757968  0.26739369022599813
  0.27655304074050502  0.28606004801141915  0.29604014510040055  0.30852868084791840
  0.31997554091967206  0.33171236639786206  0.34164598919741573  0.35183099967971093
  0.36205948694489659  0.37187868910700478  0.38163059287690032  0.39107472655603182
  0.40094279658354393  0.41105540201063695  0.42068205029695821  0.43009264042095502
  0.44014516417724259  0.45050765102092860  0.46073418187760612  0.47052220177815429
  0.48042852116597351  0.49099831731389471  0.50204705086798840  0.51354927024258079
  0.52456304224184025  0.53526322570347817  0.54653727325958235  0.55892001935015179
  0.57176461022163216  0.58430705235891112  0.59535475137299620  0.60660928048008333
  0.61701475584720833  0.62700877917751718  0.63567345694498489  0.64423927126747249
  0.65299519800091532  0.66203248878025134  0.67105919211608889  0.68082177494030338
  0.69110518661622322  0.70194964637855384  0.71252937591191812  0.72300473678649235
  0.73343905516148089  0.74386750115368294  0.75465826228534016  0.76629872902162843
  0.77883657393816097  0.79215100201815503  0.80575133892388762  0.81897885429551553
  0.83171928014767116  0.84311083433704337  0.85360967311133251  0.86319185652257846
  0.87276277595344987  0.88261717626588465  0.89286002763845529  0.90366828639021657
  0.91517451961183560  0.92746434525296317  0.94013264658744944  0.95282274791815391
  0.96533781235453353  0.97720862630418415  0.98889340581279883  1.00000000000000000
 -0.00043375573296973  0.00606860779299671  0.01284473348067203  0.02036288625432998
  0.02857137065728355  0.03749922084545636  0.04744583786651152  0.05857743962137069
  0.06966591792041908  0.08008102665398718  0.09004863222323553  0.09953080363435281
  0.10921196809739886  0.11946284768854787  0.13026810718093781  0.14172811810710090
  0.15328657516395547  0.16477385666332323  0.17607775705165901  0.18722360043767530
  0.19797072896702761  0.20846978795006646  0.21979548659140619  0.23125210691724432
  0.24268771943683690  0.25401451567572925  0.26546757823327699  0.27566294897429089
  0.28524025672382070  0.29495376223242803  0.30537203710819893  0.31565544023834002
  0.32509753105225803  0.33427763010166028  0.34445993069351943  0.35487753803557820
  0.36525454400490892  0.37582766954453639  0.38675955552249058  0.39796716591043646
  0.40888601288501242  0.41917253896029283  0.42850225197725939  0.43726821744787686
  0.44681859503335514  0.45643973310945885  0.46548261006329800  0.47430778571992449
  0.48348504569290479  0.49310221462127762  0.50295843107718741  0.51276155712618643
  0.52420791088428254  0.53665719490218555  0.54819885202592800  0.55888396468119128
  0.56946023861569284  0.57945268257613580  0.58899393534559075  0.59815991904061250
  0.60808224620426155  0.61871052618241085  0.62966807716048490  0.64092216188570417
  0.65200958064894110  0.66282260976451257  0.67351202257642417  0.68408034355733016
  0.69379198624410254  0.70332196438720984  0.71337625226163814  0.72384821746949446
  0.73418337809022671  0.74424093596291430  0.75411922485236971  0.76396084303334166
  0.77403558916506343  0.78407896219358308  0.79363026822756522  0.80280147154245807
  0.81245691056664537  0.82341180606461839  0.83515579230448656  0.84625127231290964
  0.85702780614866403  0.86757032383152377  0.87850664415887658  0.88993300530682751
  0.90254141954170564  0.91578259804572126  0.92868491400051600  0.94123050546608034
  0.95417700318682142  0.96806801366694895  0.98356545994913214  1.00000000000000000
 -0.00839113952293468 -0.00090815147244645  0.01002067483060377  0.03389130798062608
  0.05801807051798117  0.08249942491574479  0.10562841924484069  0.12810086740070506
  0.14890978537314206  0.16975067899019500  0.19071596111587882  0.21180775311425862
  0.23305249843406856  0.25568156050451130  0.27824686920575403  0.30070956426120565
  0.32350201240711690  0.34644828346078377  0.36953604508686799  0.39263403149165449
  0.41575459393219921  0.43843925431830555  0.46085918453442160  0.48284502408815916
  0.50474603027843290  0.52646699335350233  0.54899090668665096  0.57246879211078550
  0.59678898618757892  0.62145892251201162  0.64753768435909986  0.66745145343842727
  0.67671189796097631  0.68933816251777502  0.69055976839459332  0.69216602717691000
  0.69684644922837990  0.70178962853657501  0.70668968343208738  0.71163879035988364
  0.71659879602169063  0.72140439849459292  0.72621069508279334  0.73112136866509214
  0.73599781749960291  0.74075707458669349  0.74552135040571976  0.75035243982271249
  0.75527779913266524  0.76023515132714292  0.76518799079714828  0.77018308131586666
  0.77520183772999429  0.78018174203425927  0.78516569454717977  0.79019457854934583
  0.79526577854235270  0.80027928082744282  0.80531782175077604  0.81048269104282500
  0.81570937986872727  0.82088917070959710  0.82605580970625636  0.83124098956018921
  0.83641624681113991  0.84151444318855884  0.84667867505958783  0.85182002463389161
  0.85687143396296628  0.86196447300689416  0.86710426424899045  0.87231765509243808
  0.87757776013769617  0.88281920972382788  0.88801529426432646  0.89318434062788676
  0.89833971042351568  0.90354920569420405  0.90878183772869159  0.91407080458818302
  0.91936706133914126  0.92467672398185141  0.92995735971794125  0.93531227357161106
  0.94068129400575384  0.94600572544371941  0.95132683075891855  0.95667826831695379
  0.96208839467548180  0.96750484924279845  0.97289093904216861  0.97824256476498184
  0.98360937433600915  0.98899066693372506  0.99445598863683138  1.00000000000000000
 -0.00212589228371905  0.00806811099791045  0.01750725383717894  0.02796318793487311
  0.03844481487253456  0.04873092240369527  0.05904248870556093  0.07018211848636907
  0.08160779141217951  0.09228667163269923  0.10286182269137341  0.11207526908588775
  0.12177841535491166  0.13072877794055221  0.13979161434220988  0.14875709909360396
  0.15785211941290850  0.16769811003487395  0.17800820164974343  0.18821460130304218
  0.19925007739082753  0.21043085346966023  0.22124713537036364  0.23183509878244890
  0.24267018412019559  0.25381578665308885  0.26522227860383496  0.27621708778844989
  0.28682974909201475  0.29722927100273644  0.30767956442855038  0.31815210864936044
  0.32800056092195196  0.33850284435977779  0.34935915882188684  0.35983096819026611
  0.37010230101245700  0.38089168457414507  0.39262146095784017  0.40476776078713889
  0.41642518853636801  0.42677235763952864  0.43609561841494981  0.44534277310688514
  0.45484825019155223  0.46461088136916434  0.47413072559633418  0.48366126627908484
  0.49308033142956897  0.50244317830434815  0.51220857093412397  0.52261851134717352
  0.53378321019697361  0.54484790035306419  0.55660817415716402  0.56824072838639417
  0.58054276139137939  0.59228487756908932  0.60363998698429788  0.61399755836693604
  0.62399847280594167  0.63423963977020592  0.64431045598662229  0.65431530742652877
  0.66441196137922043  0.67543646120302558  0.68688138806112720  0.69790458629420216
  0.70859746860833561  0.71982950511363186  0.73059930072870982  0.74096875766902581
  0.75116701811316533  0.76123512446177755  0.77131686946372457  0.78149389381502443
  0.79194666802549929  0.80246505239889399  0.81302657556446589  0.82408709804118796
  0.83520083891448982  0.84600018759166140  0.85664892014814531  0.86792831626454481
  0.87931220567325319  0.89022783966488117  0.90125983042033564  0.91214502556067578
  0.92288928040334683  0.93388537509521863  0.94487010477230049  0.95575547223016688
  0.96616984480410217  0.97684723180663613  0.98806340260571279  1.00000000000000000
 -0.00334160657483350  0.01030353042556762  0.02154741170321677  0.03238401612983639
  0.04350821446961196  0.05401297857785486  0.06401345823228578  0.07369734822205584
  0.08416447417191306  0.09666304567189896  0.10992706205458826  0.12319820744232279
  0.13387807148779116  0.14421948183411623  0.15430459863439344  0.16365151273908554
  0.17301460909887595  0.18258353072599759  0.19290368116450582  0.20421761166044017
  0.21576712123210470  0.22856799333099403  0.24121444253782340  0.25404731747522252
  0.26605960446858579  0.27787093508550220  0.28894561338058589  0.29915201776564676
  0.30860191751753846  0.31852411931416025  0.32871907656542071  0.33975212658126330
  0.35160527988287821  0.36408294451615320  0.37593529801979264  0.38711924841306000
  0.39767798572417445  0.40788631830983957  0.41841583458304316  0.42870124723492831
  0.43907104956516330  0.44934377286405219  0.46012919384604656  0.47112656800762187
  0.48228915084651458  0.49316254585171404  0.50369299697798409  0.51371138108328007
  0.52439914049991587  0.53520982847687748  0.54667322687378350  0.55826939822720556
  0.56897305355663264  0.57937189738223394  0.58987650099171074  0.60035223169423724
  0.61067347594725274  0.62099284431019297  0.63165201004287908  0.64232588376391619
  0.65253070363382815  0.66254219750149101  0.67247966837096351  0.68230258634609786
  0.69189517626013219  0.70127440258072116  0.71093803538307998  0.72097123516437434
  0.73091857982151531  0.74037941084731929  0.75016833700053642  0.76026926733970590
  0.77036956709868765  0.78006878488656661  0.78986681737849518  0.80080432479443220
  0.81245242300605214  0.82352019647162367  0.83407453939250487  0.84521707687248282
  0.85616517308455364  0.86669213556302083  0.87702694950908922  0.88743313595121043
  0.89731460802795115  0.90642089912900092  0.91528087113988021  0.92471358493773015
  0.93416117743679328  0.94340842371201539  0.95277441714306399  0.96229568205321003
  0.97164098644573871  0.98123604658242825  0.99074054650896415  1.00000000000000000
 -0.00263573177471427  0.00950937777718256  0.02034612870987341  0.03074306843646363
  0.04157123790239233  0.05217600627861654  0.06291662892072827  0.07377089901258260
  0.08491553933685173  0.09581882613529366  0.10672654407920591  0.11788333301935676
  0.12924528906948277  0.14086742881480541  0.15334580655262911  0.16663506911558715
  0.17731579469637887  0.18824465678346841  0.19792533869396292  0.20842008243921029
  0.21835040426060939  0.22804644305099589  0.23724886358656100  0.24604774604484922
  0.25489758663777201  0.26405760420225804  0.27378730458622369  0.28422187180529984
  0.29540752589752306  0.30725582524647738  0.31904199344800338  0.33041409988106368
  0.34155756947665261  0.35301593741705228  0.36547166888334964  0.37780910721422889
  0.38909189177252418  0.40051007777644859  0.41146558935453098  0.42189603875156523
  0.43200740721169806  0.44268494612339948  0.45411668821346762  0.46508061622091240
  0.47539972928420526  0.48584915968265380  0.49641566925221081  0.50668381241460891
  0.51714933818511044  0.52735313025314179  0.53765637490063922  0.54726977849513425
  0.55580796496057872  0.56480869436677450  0.57393269269686642  0.58331485325839560
  0.59301487244340356  0.60258963004764421  0.61295575027690496  0.62424130196004424
  0.63661357153072373  0.64906311391003935  0.66052362472055981  0.67074619652107248
  0.68041723817702360  0.68997031169601220  0.69946106948750664  0.70907717316904950
  0.71875979312996663  0.72861236483152836  0.73822543818681796  0.74763336583963425
  0.75733070919776280  0.76754013675259836  0.77750942712014992  0.78707165824054581
  0.79698429919965141  0.80690285900392023  0.81681788574857928  0.82788307997027233
  0.83893699555542434  0.85082242784731787  0.86205042492784201  0.87279237150161715
  0.88276016331556417  0.89248393237800927  0.90337134216173565  0.91465371784041860
  0.92590573564850109  0.93688294097401614  0.94778658050496400  0.95870943525995411
  0.96913014803166342  0.97953829251533109  0.98939293517240268  1.00000000000000000
 -0.00274982053151003  0.01030317781695554  0.02072129804452062  0.03152196181611391
  0.04246332478367884  0.05337232265145581  0.06395664917827992  0.07386853554289474
  0.08309043300135238  0.09157194492705287  0.09997385262736330  0.10852766484374993
  0.11739956026646546  0.12657431274423500  0.13620878621164909  0.14565292894492723
  0.15598881763899691  0.16678927334405497  0.17778356269281492  0.18836303855383441
  0.20065196605431559  0.21283501623600934  0.22573628380740726  0.23852568194483917
  0.25073212477348461  0.26187121679572978  0.27239719193528700  0.28278476457222995
  0.29329789390289102  0.30346293556333481  0.31350552759720751  0.32438357107197918
  0.33591905032432168  0.34870081350902038  0.36145821476802503  0.37435340861588429
  0.38658550691847249  0.39866035818927142  0.41099804220291392  0.42284221167589187
  0.43381455419831361  0.44473356529556907  0.45531682544738283  0.46606472137361515
  0.47683665320816832  0.48685497199941069  0.49662476587268983  0.50677276597329046
  0.51737216115840889  0.52829052184224823  0.53962558357106227  0.55175237428732338
  0.56442620439921221  0.57679617620495294  0.58829248762060860  0.59923497965752293
  0.60981634027901577  0.62026811057697373  0.63112194198320981  0.64226288211079896
  0.65292209762312825  0.66348087137149470  0.67438183464031054  0.68543653918317082
  0.69539538350977248  0.70508265886255084  0.71540419377367714  0.72645889936178565
  0.73660844314099816  0.74695668762131573  0.75794600433965298  0.76938408585805729
  0.77996891686916303  0.79019267363424694  0.80031790207594844  0.81047808292548240
  0.82050184135801174  0.83036247566992594  0.84027800151839516  0.84993040978183909
  0.85984126060190469  0.86999078179024136  0.88018569570137217  0.89044704825037913
  0.90058561476951904  0.91075180270369549  0.92081111299401996  0.93042373763769748
  0.93954181988670638  0.94805063866510986  0.95635374214306201  0.96475726050150845
  0.97351419805351469  0.98241792191186383  0.99133051433174757  1.00000000000000000
 -0.00231194162495642  0.00896423474958650  0.01791718225705244  0.02755476271475218
  0.03681567135711611  0.04748313417672092  0.06002582434571451  0.07030050694237064
  0.07990131870679108  0.08966409822641722  0.09909034796354700  0.10888036803812026
  0.11884097802506766  0.13013364911654648  0.14393765409730372  0.15687911727247844
  0.16949319734160970  0.18158837055108759  0.19345557842628378  0.20484023388057723
  0.21632674762582166  0.22806737111104600  0.23964812585253073  0.25089571394007626
  0.26137488654973989  0.27135560127518821  0.28083846833953374  0.29000709588706713
  0.29922311303113575  0.30862664490131997  0.31861071272704555  0.32927576169544248
  0.34006609969340024  0.35122549048835733  0.36230631192770779  0.37395923734222258
  0.38497665440062578  0.39627417732708126  0.40812534136375450  0.41964605528048821
  0.43035464769370368  0.44061957728603929  0.45143352911508156  0.46173028263660859
  0.47150190937749331  0.48128350580623608  0.49110415022455262  0.50159051700294544
  0.51270930370317347  0.52369718995436820  0.53464706732349265  0.54591527554047159
  0.55777576069848733  0.56958749646113005  0.58075045685569626  0.59209517305455828
  0.60349521542433127  0.61472542606823088  0.62558748029349520  0.63606597122467756
  0.64632350364167257  0.65592936598169016  0.66592356253932317  0.67616007150011004
  0.68648952507290073  0.69656982346451379  0.70632803535222755  0.71590699025186222
  0.72564127959474112  0.73549667267924712  0.74534994303268109  0.75518927329575725
  0.76528294104012373  0.77611950955540232  0.78765927194956287  0.79877365379946097
  0.80958908785223815  0.82004064156456946  0.83037393639495505  0.84070532937612619
  0.85087171830009245  0.86083611803521354  0.87073139824164980  0.88083329457052340
  0.89075727120527248  0.90070857453631370  0.91059434433406061  0.92070302063293474
  0.93070834058372920  0.94039243740251599  0.95000931120273324  0.95966307248203886
  0.96979223588507146  0.97992202499459813  0.99014326770654115  1.00000000000000000
   60.678778928702584       -1.0000000000000000     
 F F F F F F F F F F F F F F F F F F F F F F F F F F F F F F F F F F F F F F F F F F F F F F F F F F F F F F F F F F F F F F F F F F F F F F F F F F F F F F F F F F F F F F F F F F F F F F F F F F F F F F F F F F F F F F F F F F F F F F F F F F F F F F F F
  <DiscreteSampler_grid>
  grouped_processes
  1 # 1 for a reference and 2 for a running grid.
  10 # Attribute 'min_bin_probing_points' of the grid.
  1 # Attribute 'grid_mode' of the grid. 1=='default',2=='initialization'
  0.0000000000000000 # Attribute 'small_contrib_threshold' of the grid.
  0.5000000000000000 # Attribute 'damping_power' of the grid.
 # binID   n_entries weight   weight_sqr   abs_weight
    10   10   8.186565408738799E+012   1.788529363196663E+026   8.186565408738799E+012
  </DiscreteSampler_grid>
