 -0.00203432520538233  0.00808201099939686  0.01684428094479598  0.02607265212527689
  0.03587225767774270  0.04559924728055509  0.05589697054014520  0.06680725145505952
  0.07814283766561424  0.08897930386373135  0.09931938276730758  0.10970873017810404
  0.12020520029007312  0.13094762347739003  0.14197182904312125  0.15309183304959664
  0.16408469168150905  0.17520350481695018  0.18707139103426471  0.19953353127952500
  0.21212481194212743  0.22362447544025579  0.23457263175401721  0.24573058203933976
  0.25778105338205204  0.27000225288890761  0.28156735073603795  0.29244349710952716
  0.30323785619430577  0.31378071750200615  0.32398055050305291  0.33460466347716250
  0.34566991953806420  0.35625784626298079  0.36589469384517948  0.37542440376950592
  0.38542635796362751  0.39555355573359297  0.40581703754475251  0.41616277616795688
  0.42671320430810333  0.43694361052150704  0.44719976058233180  0.45749851206474895
  0.46865251790209683  0.48021476250894390  0.49144024499188382  0.50194882092057624
  0.51192091084715263  0.52175929760511264  0.53153597476529901  0.54102876062238869
  0.55045830116511363  0.55978264159075164  0.56926697930564263  0.57863142721400429
  0.58831902066296837  0.59787345647616796  0.60727456385888035  0.61628417375253519
  0.62586608015756429  0.63517565252509056  0.64423008068729870  0.65304854065299844
  0.66206597579759796  0.67232664391921371  0.68429639109705853  0.69707554797017879
  0.70934184971513603  0.72058204071985965  0.73096215925962060  0.74198677580931527
  0.75290584744648914  0.76430181191626911  0.77528575018679735  0.78617598869277283
  0.79681856882741109  0.80729834046627225  0.81768590812199127  0.82784406473970451
  0.83859109939351717  0.84932052436513028  0.85963617308897822  0.86957672744067060
  0.87860109408703035  0.88727459571986123  0.89583001798159390  0.90489629292511220
  0.91450417562188058  0.92477766779011805  0.93599461106271797  0.94834655908106091
  0.96192199102906817  0.97435198014392765  0.98713533334688797  1.00000000000000000
 -0.00059610757013934  0.00625129726380254  0.01333983239733650  0.02123804473233502
  0.03023280773185964  0.04059203421731655  0.05217599559028444  0.06381365447949228
  0.07483736560074596  0.08547747671774517  0.09490074540195718  0.10481985904313471
  0.11369340745200046  0.12265804829260005  0.13182136152218532  0.14113392268428770
  0.15050201395523050  0.15961986462593711  0.16936636408921568  0.17968525804198962
  0.18998254418885310  0.20011972565073138  0.21035156492429369  0.22108272532511070
  0.23168632449243245  0.24092453909367528  0.25085328262115064  0.26075279929543993
  0.27075247336427727  0.28032182520892635  0.28958443816766277  0.29907222707498371
  0.30896459222541756  0.31911042240615833  0.32972977745046816  0.34076585150425964
  0.35222818711829590  0.36448918148946691  0.37740003658319815  0.38994507630665864
  0.40181252012599361  0.41235029922517552  0.42302671254642910  0.43386583412771257
  0.44440608934023756  0.45386246563774141  0.46312929329395908  0.47222873148986294
  0.48131689849698950  0.49001407204717390  0.49907092268850756  0.50909727932454518
  0.51922032262351780  0.52931325665763973  0.53934004498098176  0.54938723136689394
  0.56030068664325172  0.57199068852431867  0.58470347368120457  0.59662762158419513
  0.60746821066745371  0.61783279072207098  0.62821378971684916  0.63881050307657361
  0.64929885646136476  0.65972499305538423  0.67084690950271242  0.68265578602202326
  0.69419694845692625  0.70525168391994608  0.71604351511683062  0.72654478068290562
  0.73671957395375087  0.74676539673412690  0.75720244009588578  0.76768122669159733
  0.77999581376013627  0.79326573902082986  0.80601497260223187  0.81834070583524854
  0.83000514937130021  0.84124264053743969  0.85206501032931248  0.86224862798616864
  0.87214881651659226  0.88226825796061958  0.89262300194870037  0.90332844331894946
  0.91419570627897062  0.92495801783166121  0.93569431118254098  0.94633855970202507
  0.95743648449906993  0.96899449536773241  0.98265211000391206  1.00000000000000000
 -0.00827834774071575  0.01845441778562531  0.04189834877065857  0.06542438184213838
  0.08858257855774368  0.11131146151793594  0.13133019313323102  0.15058475483180325
  0.17063275955857451  0.19036198721051617  0.20983954685112596  0.23147563347733241
  0.25317121886149102  0.27473785156847980  0.29642543239337815  0.31821118665350723
  0.34025882553360337  0.36236033704398279  0.38448323896344982  0.40646008815231688
  0.42820046636696391  0.45021980811722861  0.47240918904006529  0.49445299225915224
  0.51652443752841870  0.53899013560520015  0.56195349647241599  0.58594252980241146
  0.61067500863207236  0.63608040552415102  0.65388490275935829  0.66994071057270410
  0.68567019025050124  0.68996771789751299  0.69127929661566434  0.69404495498504981
  0.69889106139203250  0.70358181479669779  0.70822027065616855  0.71292676469581628
  0.71767365780275783  0.72239954462911127  0.72720463833766602  0.73201323558603393
  0.73684271641778398  0.74166945848129051  0.74651208705846739  0.75141421243403106
  0.75629349394956846  0.76119421505071772  0.76607472789786801  0.77094478557658319
  0.77582905894746090  0.78078678692661130  0.78579769856187109  0.79081169824399156
  0.79580928856560107  0.80081166478902943  0.80585720442028952  0.81092472423218320
  0.81603312142899853  0.82108975165143616  0.82618299138100848  0.83126219445353555
  0.83632548927508077  0.84139002070561675  0.84649413725443878  0.85164578480517417
  0.85675902521157754  0.86188251943658056  0.86708486792971584  0.87234221973851145
  0.87760937433766895  0.88290761396788475  0.88820012058047149  0.89345964865530048
  0.89875605397855773  0.90410212721210137  0.90942525979611044  0.91469404325977099
  0.91993128224828014  0.92515531558462638  0.93038188912951314  0.93567651863751122
  0.94100762755910883  0.94638735650807759  0.95172151505457614  0.95707445399611057
  0.96248606673273562  0.96788501800893678  0.97320624531212541  0.97853742703333191
  0.98389955651702599  0.98922556638956038  0.99457899292085961  1.00000000000000000
 -0.00258008936034688  0.01071138822624975  0.02076018642698501  0.02971631166459642
  0.03878189280575249  0.04797606301593122  0.05681660659562233  0.06564344374443572
  0.07435869045147195  0.08346463501462097  0.09357898260306156  0.10368959279268179
  0.11440995445929152  0.12521514118797916  0.13578558578778430  0.14677320357730639
  0.15829520509025172  0.16948130086553259  0.18019860593577108  0.19106469240489329
  0.20229497672987989  0.21345178330131803  0.22422358506555967  0.23485471175233411
  0.24581205279716348  0.25755747234122900  0.27015122267364494  0.28295995119283274
  0.29507592237291302  0.30724084934359713  0.31729751711836596  0.32718843605007764
  0.33709785227905659  0.34696203414932614  0.35641245278727962  0.36542946102066848
  0.37405644250765563  0.38335436367658332  0.39281663992385391  0.40271697044077753
  0.41273602507472051  0.42270852537929171  0.43236103988223101  0.44164052562930145
  0.45095591094920373  0.46073300041337178  0.47129314173380049  0.48214333946941662
  0.49290350399750910  0.50387539992325991  0.51497727762666579  0.52597755114846001
  0.53612399399488375  0.54587892679803662  0.55556121340351039  0.56484424282738521
  0.57430232578843565  0.58442357849418669  0.59532245035932485  0.60653114304485156
  0.61846991431374931  0.63183945582367629  0.64576496379205284  0.65826157228616555
  0.66936897924916972  0.67865850403415429  0.68758259968955782  0.69666377286787184
  0.70645824434881388  0.71666793115391336  0.72696050081073560  0.73814232429129711
  0.74953317938354025  0.75889443048898797  0.76817491019129203  0.77812342894320119
  0.78862653547091910  0.79894825923260870  0.80974242715133327  0.82236053988792979
  0.83608341674896625  0.84856735185698184  0.85986669212671463  0.87022363977467265
  0.88053826082661080  0.89129004755720254  0.90191760102365315  0.91259060499756794
  0.92329852563984149  0.93426743343438712  0.94479904118112201  0.95533733053285963
  0.96627485766566934  0.97796917790061211  0.98900985510997608  1.00000000000000000
 -0.00279759851897432  0.01025603194625338  0.02137214074992204  0.03301166515890330
  0.04391111412707514  0.05476455216328289  0.06557001595466716  0.07632636910753500
  0.08686253338435283  0.09730931642669700  0.10815726392769653  0.11952781003389669
  0.13142800219061740  0.14341847417661097  0.15507566103409268  0.16654636399916595
  0.17775817490530141  0.18895300201688253  0.19939936923120805  0.21072278298649019
  0.22258389940309858  0.23426977625681764  0.24418905349797809  0.25425596964042801
  0.26414456890677440  0.27419948293201368  0.28358298953466132  0.29245536612570561
  0.30165999053173892  0.31104982795510155  0.32090895982720652  0.33141632111603786
  0.34262149190341906  0.35402293252954392  0.36526414532281104  0.37630483894405298
  0.38705726608548879  0.39755343477529398  0.40762400544331401  0.41720524027819916
  0.42645621373347425  0.43624590828860987  0.44718902478224082  0.45887110334444442
  0.47037268883241007  0.48147428260973912  0.49189657504041912  0.50187103823402057
  0.51139262190285473  0.52062964997187244  0.53041830002100665  0.54054079611125683
  0.55142466480088304  0.56232386990218397  0.57274851725239373  0.58336868838878386
  0.59316527945845199  0.60329035103846895  0.61375179738397989  0.62425830693138640
  0.63575686058238878  0.64723266500406296  0.65924776356229997  0.67025196669741061
  0.68088902950743913  0.69157281111377111  0.70222844793795580  0.71294602615753844
  0.72363191976868135  0.73404383560050412  0.74446729883114349  0.75443281250959326
  0.76407172337273488  0.77354092045175715  0.78309397416860016  0.79319585192694575
  0.80419788145394566  0.81548508918262952  0.82608207821696933  0.83630766922008537
  0.84654221614416070  0.85694011030758610  0.86713339782704613  0.87793206841757809
  0.88954884055596994  0.90016237474260785  0.91033917190097358  0.92053143092316592
  0.93048023026630933  0.93974700541274359  0.94876368664487243  0.95791977613351775
  0.96793081890044519  0.97786009196066714  0.98877858926254603  1.00000000000000000
 -0.00227707683205499  0.00877128094937688  0.01823969156356237  0.02883550602699811
  0.03986778233827465  0.05114162616815762  0.06167832085599498  0.07205716947966274
  0.08252967584687960  0.09403814232879748  0.10569907544860739  0.11553651114006132
  0.12578133655561838  0.13621847323965697  0.14703716863559280  0.15680505111524110
  0.16669650272169007  0.17599064217643778  0.18498092770426902  0.19375691451632021
  0.20299717767061140  0.21300286105141139  0.22276689741955133  0.23225590164637333
  0.24188364444107696  0.25190600148050624  0.26260711033313883  0.27386938857018533
  0.28525741983793462  0.29701036868705916  0.30959196267792843  0.32088511293918887
  0.33165407205690878  0.34185659591931261  0.35167320776690170  0.36159856355816955
  0.37188689875265535  0.38362805376918740  0.39449549339373313  0.40497685183653021
  0.41539701358064707  0.42593582504269017  0.43678397840164213  0.44599675065431288
  0.45507091749794859  0.46393762389844206  0.47239445580664191  0.48099135335237131
  0.49012098253230973  0.49961770702312841  0.50996772985372951  0.52094385561845369
  0.53215447059528354  0.54346794049144254  0.55393430318562276  0.56519068626399593
  0.57684231374728823  0.58887836423983297  0.59984378416125161  0.61066877314071266
  0.62187814787212747  0.63322295975652232  0.64469626237339883  0.65639380581815243
  0.66801125687478702  0.67904963733452739  0.68966796710106049  0.70032280607648689
  0.71176743011886412  0.72358515405416202  0.73488632002894771  0.74584099434340001
  0.75621648806262198  0.76673534872725302  0.77660495038384769  0.78682394942532141
  0.79625767415529569  0.80597341022900193  0.81567869845694618  0.82577478615695687
  0.83607909354968624  0.84646064985426261  0.85680955994491603  0.86708837545351103
  0.87747288357357833  0.88866483685487863  0.90051764830740699  0.91204289719324161
  0.92321814258718449  0.93414764694732599  0.94528667723451876  0.95617548967120625
  0.96657111674381435  0.97692560922557126  0.98797191772714588  1.00000000000000000
 -0.00224297862126218  0.00830607347419086  0.01771295698319059  0.02780205466121639
  0.03752829499201642  0.04609791053021638  0.05401075811528988  0.06247307655172613
  0.07181856024476913  0.08188711439419936  0.09250597028498840  0.10356581045383871
  0.11542810665724755  0.12752579008070572  0.13902934779029846  0.15002045070997264
  0.15993296477784272  0.16942503200298323  0.17894954124155010  0.18887981112003102
  0.19924932538606577  0.20927675029570686  0.21898179140088064  0.22851996702330957
  0.23782511843672158  0.24708699679462978  0.25651411854202821  0.26610811004915086
  0.27650995842018172  0.28769846260855592  0.29983763485502835  0.31235912855697795
  0.32401253457815604  0.33536551777098067  0.34708722089725980  0.35850030672802113
  0.36897747575843914  0.37974669124269889  0.39088958553823278  0.40166395634368018
  0.41233945308281189  0.42382171473880981  0.43567973640437069  0.44587419090037023
  0.45539838801792271  0.46533115084022963  0.47600112715153631  0.48664150652556343
  0.49668137214317626  0.50704294667584537  0.51777486266959760  0.52881036568683115
  0.53960826727130162  0.55018404789708752  0.56092399104853830  0.57213527523522001
  0.58339771945461671  0.59430423713752389  0.60535458744791515  0.61609013903492371
  0.62690874646636530  0.63826853515977000  0.64901111802717515  0.65931230241420669
  0.66938982328363072  0.68016095538431465  0.69133764016429144  0.70255477339692718
  0.71420410121146849  0.72623034141001008  0.73741998917280549  0.74757132617917776
  0.75745068456233222  0.76739117796741596  0.77793953709971908  0.78747495134034740
  0.79771548157382843  0.80863796572675450  0.81970385631033893  0.83166777477649312
  0.84468397598469580  0.85671816429460923  0.86767912475562703  0.87828657754272044
  0.88886490431789145  0.89984801097597122  0.91117220751814365  0.92156545393197054
  0.93078497237829660  0.93930389666112757  0.94787077767885164  0.95689466901647335
  0.96657603423591210  0.97618051604895317  0.98786846327622990  1.00000000000000000
 -0.00251856089969514  0.00930569093943493  0.01901304399758822  0.02964635787950345
  0.03998960447329496  0.05043125673842824  0.06094683408357254  0.07106303009398915
  0.08124696459871306  0.09125749051017851  0.10221433308153871  0.11394086716765117
  0.12631887840023975  0.13865957484809829  0.15103619696199694  0.16266620754362868
  0.17365190143090872  0.18418616892724615  0.19389961065974665  0.20360297223639529
  0.21402478121066262  0.22507563859263718  0.23489314129693320  0.24449464742082766
  0.25458761282100778  0.26601711618713303  0.27609565005724396  0.28541473261055517
  0.29483860145858282  0.30437727422974548  0.31385098680604590  0.32337080011420277
  0.33348823795725518  0.34457017220339931  0.35559763057975791  0.36661796041332501
  0.37725920570725380  0.38775747493738438  0.39844866238872234  0.40966093557142896
  0.42032719293733212  0.43019753010229761  0.44012838153357253  0.44987195020543297
  0.45974444106214279  0.46936096160594282  0.47925642103202903  0.49026449282283446
  0.50217816865557896  0.51464880239671151  0.52638115519776474  0.53713909402763516
  0.54757528040114445  0.55735820409960135  0.56684473824153148  0.57636326240324087
  0.58641241209284078  0.59707147315094267  0.60771716544444698  0.61738523851787452
  0.62749549994325526  0.63738229414583047  0.64754202843124731  0.65727215280859197
  0.66789212738280113  0.67815948199024256  0.68764580621282134  0.69697516162770667
  0.70666265378962778  0.71673342390368711  0.72673184531094981  0.73666890481559211
  0.74711450066065421  0.75833499010576944  0.76961979495778365  0.78095600763733963
  0.79207358507902792  0.80225335923524854  0.81273660405576298  0.82344964306194735
  0.83451016139110856  0.84510351144391993  0.85565103042163837  0.86619399074750902
  0.87686247614634960  0.88710083927953631  0.89758513281276275  0.90794765484340312
  0.91941834509424525  0.93193795621478492  0.94506931182525300  0.95729162236226695
  0.96846352801627722  0.97911391260067338  0.98957373789477210  1.00000000000000000
   60.594439108364192       -1.0000000000000000     
 F F F F F F F F F F F F F F F F F F F F F F F F F F F F F F F F F F F F F F F F F F F F F F F F F F F F F F F F F F F F F F F F F F F F F F F F F F F F F F F F F F F F F F F F F F F F F F F F F F F F F F F F F F F F F F F F F F F F F F F F F F F F F F F F
  <DiscreteSampler_grid>
  grouped_processes
  1 # 1 for a reference and 2 for a running grid.
  10 # Attribute 'min_bin_probing_points' of the grid.
  1 # Attribute 'grid_mode' of the grid. 1=='default',2=='initialization'
  0.0000000000000000 # Attribute 'small_contrib_threshold' of the grid.
  0.5000000000000000 # Attribute 'damping_power' of the grid.
 # binID   n_entries weight   weight_sqr   abs_weight
    10   10   3.876790789118026E+013   2.841072606216499E+027   3.876790789118026E+013
  </DiscreteSampler_grid>
