 -0.00322460816493897  0.01087725240612599  0.02271924588149074  0.03468084224480668
  0.04577363522871747  0.05616494446993028  0.06641375027191687  0.07642430809515068
  0.08604450613216941  0.09531670442221545  0.10500030142885039  0.11588043845666476
  0.12766161658993536  0.13936786553999694  0.15029198563930121  0.16024981781645789
  0.16944413055694643  0.17840287809926997  0.18796398145350079  0.19857541527657058
  0.20921859006051938  0.21932103903529079  0.22940467351527480  0.23972945763603765
  0.25043000992262598  0.26075611976982010  0.27122274664111951  0.28120899611985456
  0.29122189474766647  0.30163401308938942  0.31224579519173057  0.32271147042568793
  0.33260605261066506  0.34348502322783059  0.35475407750232435  0.36549018861942101
  0.37570372514323391  0.38570415213937104  0.39564970314185482  0.40584119876157276
  0.41589367018340839  0.42583016606632634  0.43552228524696796  0.44524342164321845
  0.45542302739875190  0.46635182164956174  0.47843305088442628  0.49122702281616487
  0.50409896965955270  0.51680487301983746  0.52949715861064461  0.54247321202471566
  0.55565402261039276  0.56873451975890510  0.58205664085123987  0.59515711727153153
  0.60802301830253880  0.62044517824599654  0.63122980357076386  0.64110950912424147
  0.65079770041344132  0.66054063831643439  0.67032746282991518  0.67998697250391704
  0.68967236469924886  0.69948599790363919  0.70927747551675502  0.71914002182043024
  0.72931614510019493  0.73909485441235290  0.74851130415972889  0.75811805463779280
  0.76787284658489330  0.77762349767784888  0.78732220083961180  0.79688479870283002
  0.80671860012679997  0.81699399319724153  0.82680357148940753  0.83600383944563561
  0.84503167485344999  0.85390995910373957  0.86335748929969480  0.87351142504865387
  0.88440023045907923  0.89561616431127766  0.90597927460710415  0.91650074046999597
  0.92848316577304424  0.93998372552235943  0.95060419146522679  0.96059905607992169
  0.97007681012182523  0.97949715422134587  0.98926540911581151  1.00000000000000000
 -0.00096879745046056  0.00663626689577371  0.01493150660273258  0.02349873604244418
  0.03278427072620539  0.04291136958883512  0.05338752421486564  0.06358917127913470
  0.07302522279778084  0.08218198807134676  0.09209250231734686  0.10216622906058764
  0.11206926940494917  0.12155094908217451  0.13142252133040552  0.14141560067222214
  0.15124089480297861  0.16100567329622853  0.17101559486938139  0.18130723934951826
  0.19159458448304370  0.20147873673316169  0.21098011200470740  0.22019762404619087
  0.22927341504139168  0.23832169212152718  0.24732789395524268  0.25712223218675750
  0.26762296948971176  0.27945566297488644  0.29178998425621255  0.30360761132135922
  0.31433580575191300  0.32411608370756834  0.33368453222727762  0.34353715768838089
  0.35406089346419733  0.36522704322606780  0.37669187642442864  0.38824597722736059
  0.39925692059929885  0.40929815903819333  0.41884901780637968  0.42785816794969284
  0.43630185213447747  0.44508551285676429  0.45405383723290182  0.46403155438526139
  0.47438157022792704  0.48470875678970959  0.49498995817498120  0.50514079901909537
  0.51498803581989461  0.52528992531467489  0.53615835520988797  0.54687188653071706
  0.55759098125398487  0.56846462774752660  0.57999166687782788  0.59075316018202340
  0.60082316757593246  0.61085800198625662  0.62085342192695059  0.63077190466593935
  0.64093848306491974  0.65202867426112832  0.66395798651892857  0.67536279515473707
  0.68668981371455673  0.69779591304243505  0.70881381645022357  0.72000946750735351
  0.73063277609947308  0.74087108611999364  0.75102399431202016  0.76170738752062583
  0.77239544888184963  0.78248368174764937  0.79231829963142275  0.80428593629666179
  0.81589111248781609  0.82755487960428975  0.84007571671555326  0.85280885882431190
  0.86506951380180275  0.87671359803186055  0.88839609471169034  0.89970103339019425
  0.91049127241539063  0.92159403595108280  0.93320953756535707  0.94521736132752676
  0.95766858048953774  0.97071741024808578  0.98481375518791714  1.00000000000000000
 -0.00813831701116411  0.01878487254427813  0.04209616775473349  0.06541784887693941
  0.08878061399282727  0.11218584891679506  0.13228065506362685  0.15175034789402447
  0.17170171425081895  0.19134546470000482  0.21080225691107923  0.23204194842594231
  0.25347398253604581  0.27529729631696631  0.29685772885133632  0.31824536228525135
  0.34004900025927903  0.36193322166262193  0.38384065755187058  0.40575491645033351
  0.42768193194339182  0.44967864966298948  0.47172185226222990  0.49393789354642598
  0.51615148538513689  0.53801596189719059  0.56083647601440023  0.58575278406798736
  0.61115195210855344  0.63703314470384709  0.65715113016712934  0.67386227260829556
  0.68439490427277772  0.69012371050543353  0.69141764242096193  0.69455543693523036
  0.69936549082646859  0.70415657280674637  0.70900258629474378  0.71383726068495656
  0.71866880832104063  0.72347216202337183  0.72825104723315681  0.73309664796061069
  0.73797799324029745  0.74283309866788882  0.74767428562624416  0.75245736599149726
  0.75723779189843621  0.76204540990595404  0.76687934097668708  0.77178278141124723
  0.77673036612450619  0.78167802026490030  0.78663155962047770  0.79153551846468373
  0.79643587569070862  0.80133703055061001  0.80628295741787237  0.81122506674714601
  0.81615757108610187  0.82115150662848313  0.82623611151467236  0.83135239210243128
  0.83655043329118128  0.84176319939165856  0.84683437189679134  0.85182382866071837
  0.85688896252266766  0.86195027846293204  0.86700758492510566  0.87222418720473094
  0.87750141431966799  0.88269777762910373  0.88783245412336143  0.89300059444908131
  0.89824653794933229  0.90358485478283379  0.90888959050416418  0.91412336310615350
  0.91941845102958075  0.92473019075088614  0.93003723224207113  0.93539350639865004
  0.94081856298608257  0.94618033481968389  0.95150114633112637  0.95684266954341934
  0.96221034132009375  0.96753033255481735  0.97291739370403763  0.97832634005144836
  0.98374653794796441  0.98915866222274096  0.99455361685237309  1.00000000000000000
 -0.00264177431693897  0.01034904589684102  0.02126815470741565  0.03155797189839252
  0.04187603062866820  0.05199643178617675  0.06208182391994756  0.07161926021071374
  0.08062041145773795  0.09005901822430282  0.09955112170613013  0.10880342329478242
  0.11811596379276169  0.12772360788348758  0.13790494975607168  0.14861663455948279
  0.15873476486244259  0.16938589087108169  0.17998960042516954  0.19035637702917804
  0.20018597254582515  0.20987512781456563  0.22013645231369075  0.23115525057485883
  0.24305936448033558  0.25517845022185870  0.26717157653791473  0.27910110586553250
  0.29107565882727132  0.30332849441624071  0.31522433915304060  0.32664459846045535
  0.33775530367359613  0.34862062361382951  0.35890917719296589  0.36858504510630707
  0.37897057062790868  0.39069964846272570  0.40223020634468959  0.41284186802392986
  0.42330014219269724  0.43371626276878267  0.44427512119942614  0.45463241179539671
  0.46472601273620484  0.47448084101252885  0.48430250297946903  0.49432085463520625
  0.50453517880911569  0.51503823632848866  0.52590926217170708  0.53714846235276315
  0.54864827984999986  0.56026008083136836  0.57170887421731542  0.58305371075246426
  0.59431509703221486  0.60555572025013604  0.61696463054296513  0.62811575580815826
  0.63948501400597391  0.65136541232650103  0.66345980912801017  0.67558545123516722
  0.68798990968890272  0.70094745837348571  0.71314164859936768  0.72460950610947816
  0.73518978586845185  0.74519380550025660  0.75427574439164480  0.76304389099013437
  0.77189591934134227  0.78047362249904439  0.78872220290862760  0.79672206574705817
  0.80507020972121457  0.81405522746823022  0.82333009733282514  0.83273254654652729
  0.84247199415674590  0.85266934016479046  0.86310911585718442  0.87441099757644514
  0.88611046162400398  0.89809131769094563  0.90883255395485196  0.91957842511884047
  0.92969428597289649  0.93968864326050228  0.94955684115801076  0.95978004934720673
  0.97050498373858607  0.98084412823207268  0.99042776817548606  1.00000000000000000
 -0.00268866848130320  0.00939740593406571  0.01957432228500762  0.03053284191775058
  0.04136998677089860  0.05144041305645310  0.06155183713510616  0.07187233425528608
  0.08226855728928131  0.09279257700374313  0.10262823474587546  0.11309357824236430
  0.12414827515054747  0.13351513216199673  0.14353512386666101  0.15411018613095590
  0.16535285308916398  0.17669566311848439  0.18894504141097973  0.20044134327923119
  0.21149269104968449  0.22247977672180805  0.23327325719199751  0.24392050447796154
  0.25463457738282058  0.26549118287865070  0.27641490335476432  0.28735876409893879
  0.29855989553330342  0.30983219716768351  0.32114376929654820  0.33213801182553715
  0.34213370481580502  0.35174743475557579  0.36172195941205559  0.37197005438538938
  0.38206009060864909  0.39212691662364857  0.40270637771620366  0.41379835713954771
  0.42490470105838657  0.43569050790718561  0.44617019621897380  0.45645844858201667
  0.46627385096450052  0.47617819985968490  0.48599257388543865  0.49606027126166707
  0.50662976103985735  0.51717105752394010  0.52780769758218249  0.53825259143115234
  0.54899474987976482  0.56014726375347124  0.57182395573694800  0.58376344467651209
  0.59532911910297792  0.60640543972109384  0.61724204087101264  0.62799582022699507
  0.63865054743229588  0.64880195510747796  0.65833043048962359  0.66775493199434766
  0.67704315223284606  0.68589735809347419  0.69507899077638602  0.70433441040385181
  0.71499017308996049  0.72633294982572671  0.73814515220243071  0.75010892322395328
  0.75989039613844556  0.76915899771319884  0.77875365461043422  0.78944946667760452
  0.80010507234381245  0.80994950696315693  0.81893462785802706  0.82767642479859094
  0.83687863924975303  0.84550450475730543  0.85406536380505205  0.86274371367090064
  0.87178466100709007  0.88223263287560871  0.89363275385787300  0.90523789263108245
  0.91749064578582840  0.92989090927757356  0.94297297880869480  0.95621550792107979
  0.96737459003936421  0.97836257728807641  0.98926513431895224  1.00000000000000000
 -0.00208383498585509  0.00867541373468872  0.01757938921984377  0.02702436344844601
  0.03698845253240882  0.04733805962676751  0.05796199486164302  0.06975827206986833
  0.08190129190917116  0.09307592245597480  0.10311748014515258  0.11247887723564318
  0.12190754814522546  0.13098912271397931  0.14004337672201356  0.14938473522182252
  0.15900301598319408  0.16806335046017826  0.17682610618346845  0.18575370062163191
  0.19511154743155656  0.20440847464205919  0.21354520827689327  0.22273939032445078
  0.23247688070819764  0.24278368039539691  0.25330686139661912  0.26444919892641106
  0.27584072782742114  0.28612249572105897  0.29627265105707257  0.30636531866510613
  0.31681143120753136  0.32747331202813162  0.33806693193607917  0.34834084656201669
  0.35839166643427878  0.36819949360438736  0.37817209093330334  0.38861745672996034
  0.39974825199341851  0.41137613132471312  0.42315570000040742  0.43459652585820163
  0.44631896755545691  0.45819877970986350  0.46940260384485272  0.48079635452513325
  0.49267461577909755  0.50420843666957160  0.51471016401446545  0.52526053800208561
  0.53604178199116226  0.54639831819104612  0.55621185370446136  0.56654112670597434
  0.57728361252557236  0.58795965013251839  0.59857485949244482  0.60988318643933059
  0.62226575069561740  0.63459265415365151  0.64628912812873196  0.65762741343502362
  0.66828221720029046  0.67823568481959084  0.68852204814025952  0.69973522808246846
  0.71150852358178684  0.72267179762547917  0.73389742644497735  0.74568081739247638
  0.75711637544449406  0.76851485704779443  0.77942961422651558  0.79044223002531244
  0.80194441661431770  0.81294497661905529  0.82255573718499730  0.83159204322386315
  0.84088999017716148  0.85042164545953580  0.86029180267407246  0.87023983267774152
  0.88031631812543065  0.89047181203779646  0.90086449541998370  0.91213614818983213
  0.92250541553106857  0.93247312781363945  0.94296475602820184  0.95498383277639087
  0.96623350743669456  0.97713388959915726  0.98816154820674740  1.00000000000000000
 -0.00242034738549627  0.00992589448786231  0.01968479970450490  0.03010534914587857
  0.04015687449183249  0.05152794677942651  0.06251810353830874  0.07266514458982103
  0.08261678861870633  0.09274755246871423  0.10350825212016175  0.11402193651665871
  0.12441240114868043  0.13393462819954616  0.14374191591245400  0.15358810645884560
  0.16338027873152716  0.17289810888614454  0.18163021013206884  0.19066703032418014
  0.20167653444593181  0.21254935054063495  0.22218523463674195  0.23200475959762298
  0.24355574697097887  0.25429540443533644  0.26378182059135652  0.27377305656793804
  0.28483760582759760  0.29576453115284684  0.30676081413815143  0.31849202678148336
  0.33103765689553438  0.34387677193468869  0.35604151678709151  0.36808938373516181
  0.37964668455579681  0.39024638432593400  0.40083896525940882  0.41151240689099056
  0.42265567658101455  0.43407028288942273  0.44474699654008321  0.45624638144257651
  0.46647296608359640  0.47729153397074736  0.48747010093086501  0.49810126617892381
  0.50768286861106315  0.51669164143703661  0.52510135907957622  0.53326630935598618
  0.54152019749478042  0.55049253354136918  0.56013537250049206  0.57076943471049446
  0.58141733407141483  0.59243052718588640  0.60373745862887196  0.61475139970940940
  0.62568748795219087  0.63605470299751699  0.64608708383252811  0.65601582135038350
  0.66662415308562428  0.67742275324037360  0.68830056628028047  0.69946149423329906
  0.71075597472322860  0.72189060039828157  0.73285353538733233  0.74448506805942039
  0.75614686269988018  0.76814219977020326  0.77991910123169805  0.79119052425118341
  0.80169126653738654  0.81204788372906611  0.82252654374362166  0.83268505018349370
  0.84263336549651702  0.85259366892808064  0.86306936153453717  0.87380340738281626
  0.88470832841927072  0.89584349045191514  0.90784925088231538  0.91940820524186129
  0.92990678807428573  0.94016930864502213  0.94939514094209010  0.95860611110549199
  0.96820109569611579  0.97797385158105332  0.98882207296459568  1.00000000000000000
 -0.00241081646362889  0.00968472006154007  0.01855992247753251  0.02846474891905547
  0.03846990395138103  0.04875335079990128  0.05904402169361417  0.06959314533928496
  0.08130900879414908  0.09319988796674138  0.10566437061535838  0.11792792058072914
  0.12970002031591793  0.14080644775197018  0.15145839846341785  0.16205112828989532
  0.17342994398388914  0.18486680177320233  0.19535385386817158  0.20525191855877462
  0.21526703967354824  0.22572073299617648  0.23648914455352912  0.24762996187419503
  0.25954698629466794  0.27165023175838232  0.28370919888492635  0.29622386232223669
  0.30909746781879488  0.32136233739576114  0.33234059397256971  0.34221513456065494
  0.35132196309657104  0.36015178157256789  0.36921819200408107  0.37910169431390545
  0.38859436574062001  0.39770381929455267  0.40697829646195133  0.41661273580308178
  0.42668493392280765  0.43656811532043127  0.44596359042118033  0.45560943195738068
  0.46601303773091468  0.47679835410011129  0.48767606952079012  0.49938320892944565
  0.51155341106014052  0.52312251069305338  0.53416472224610556  0.54491797758043470
  0.55630151047663690  0.56794058780444934  0.57854069080341286  0.58866022956366704
  0.59847295971832470  0.60854647641988657  0.61870805689117270  0.62961216990597901
  0.64113592357358673  0.65177361287135138  0.66202787316261991  0.67269652040197137
  0.68324313888515276  0.69307657685370105  0.70207305488844296  0.71130955480483982
  0.72084105256998610  0.73098621259814123  0.74139500468666109  0.75243949895310347
  0.76387166115254712  0.77499095658718220  0.78599118385577504  0.79673259881535929
  0.80715867774279881  0.81817665800896355  0.82930909044903323  0.83945511843068421
  0.84932827003544076  0.85861937777796959  0.86773552229514228  0.87667270495735772
  0.88605932301561607  0.89539383451725874  0.90619977803476248  0.91733004978676858
  0.92986424725913075  0.94124757028578077  0.95180514955438655  0.96178882599378224
  0.97151125543398109  0.98118011829506935  0.99057668519755149  1.00000000000000000
   60.484380602636335       -1.0000000000000000     
 F F F F F F F F F F F F F F F F F F F F F F F F F F F F F F F F F F F F F F F F F F F F F F F F F F F F F F F F F F F F F F F F F F F F F F F F F F F F F F F F F F F F F F F F F F F F F F F F F F F F F F F F F F F F F F F F F F F F F F F F F F F F F F F F
  <DiscreteSampler_grid>
  grouped_processes
  1 # 1 for a reference and 2 for a running grid.
  10 # Attribute 'min_bin_probing_points' of the grid.
  1 # Attribute 'grid_mode' of the grid. 1=='default',2=='initialization'
  0.0000000000000000 # Attribute 'small_contrib_threshold' of the grid.
  0.5000000000000000 # Attribute 'damping_power' of the grid.
 # binID   n_entries weight   weight_sqr   abs_weight
    10   10   4.613449208489896E+013   5.720250673586725E+027   4.613449208489896E+013
  </DiscreteSampler_grid>
