 -0.00288445879809665  0.00994669752967038  0.02206440505368120  0.03423000168092553
  0.04690185593215207  0.05953837328631088  0.07148850300059863  0.08277903258567806
  0.09337347394740841  0.10346789059297548  0.11337189501825548  0.12339517179669145
  0.13335115690537294  0.14297416905450197  0.15327652177586579  0.16407633261006627
  0.17459583283262603  0.18469883718152114  0.19474124973344714  0.20503746937548387
  0.21546844555476902  0.22586096367141992  0.23639807301926016  0.24703899109353375
  0.25747829937729899  0.26757236690289149  0.27744698635237736  0.28732807871097366
  0.29743043240467892  0.30781630710976027  0.31768487335336015  0.32721117980395031
  0.33690925005040462  0.34697417219933685  0.35715722594458538  0.36709799896447187
  0.37741828724485510  0.38827279984171414  0.39955148037395183  0.41033582333283047
  0.42051391784671888  0.43037493614837030  0.44055385582957912  0.45130166337891703
  0.46171798658549656  0.47182273277671632  0.48233861305001019  0.49310698733549629
  0.50338597991304024  0.51355587907557176  0.52452492116833382  0.53620459498387851
  0.54801079234441852  0.55962141982088742  0.57096254364679044  0.58211086049960248
  0.59296033201727416  0.60375029773203504  0.61487183722958549  0.62589526236868664
  0.63686626764522780  0.64785069061286282  0.65904926804410557  0.67107077575945773
  0.68360080768610054  0.69536493843963099  0.70588018439157407  0.71638877860414996
  0.72694227840722225  0.73708059182049224  0.74713063692965009  0.75802193893791892
  0.76948867749042427  0.78000313974159186  0.79055422913413831  0.80109466489665682
  0.81137608698837105  0.82050432817735797  0.82949371402262762  0.83868903196894085
  0.84901996541202562  0.85966813008705423  0.87053550481386088  0.88100922265684745
  0.89124534303813652  0.90138271789308289  0.91147625740803551  0.92108386766221617
  0.92995188570053000  0.93885529409041846  0.94846265874095603  0.95803066801405989
  0.96758446961474343  0.97688483619407618  0.98800730946453419  1.00000000000000000
 -0.00039953015563243  0.00560781748222454  0.01215543675272934  0.01975630221994941
  0.02800691495355548  0.03623854410262676  0.04412627863546252  0.05205262673528819
  0.06004028377721189  0.06830191336569809  0.07669130372840641  0.08552837015595902
  0.09504505011792094  0.10471353112479594  0.11454713067275824  0.12401673723892578
  0.13304867904576453  0.14229553140441109  0.15208242611513753  0.16309140536654740
  0.17492377452766955  0.18579942012697756  0.19526887416603825  0.20411156480492113
  0.21354974172847377  0.22256757427854443  0.23143566974071542  0.24039048631505222
  0.24969374065510994  0.25967001483654184  0.26987376472989727  0.27973111533904821
  0.28964919572585557  0.29980660570500856  0.31044700260781705  0.32128933743086907
  0.33203454943033389  0.34298998394750446  0.35402387508768790  0.36500812328695736
  0.37624501549908529  0.38801142176178832  0.40013386445657467  0.41364798421290738
  0.42622717383461367  0.43856268233437579  0.44941984883423364  0.46023480331595207
  0.47018246525756180  0.47994470138324757  0.48953350064260109  0.49888136447428905
  0.50830509374878063  0.51798486888051232  0.52814307353033674  0.53848119929441252
  0.54839702272927848  0.55783858715537771  0.56745657627904278  0.57744824615707180
  0.58799887075396018  0.59916010374292517  0.61094317067457260  0.62285254868826267
  0.63468867886046199  0.64691852493645985  0.65968557674462880  0.67278915404638240
  0.68565087284762005  0.69557721743148460  0.70555704456147794  0.71518828663590395
  0.72488453548052290  0.73450046242991684  0.74440329902547164  0.75537792223521072
  0.76714921535094849  0.77919570719250142  0.79161799758183216  0.80433406399851259
  0.81694033954082435  0.82936013079698245  0.84189738425462124  0.85428632544332983
  0.86565162618468317  0.87693598917636095  0.88703051043723435  0.89789058150923085
  0.90850871515161380  0.91928385271366042  0.93021635977529604  0.94166829532789231
  0.95422206260539177  0.96808441281923774  0.98353418884287513  1.00000000000000000
 -0.00839934382782060  0.02025406486446896  0.04366264784472568  0.06713564227487273
  0.09033294412757314  0.11305320845865441  0.13358888891746523  0.15281015687210725
  0.17257384504202852  0.19226617971972554  0.21163645691877234  0.23291343104771423
  0.25558412816875659  0.27812282265205940  0.30065673968544943  0.32339755925986219
  0.34605766918450920  0.36855632380077230  0.39116672472026093  0.41384604044297690
  0.43620556453666054  0.45846177604784843  0.48040665815412409  0.50232296660912878
  0.52420461194328904  0.54658093104300209  0.56916374976892115  0.59333356946369342
  0.61786995645400111  0.64387991667295652  0.66388253739875713  0.67753537928398611
  0.68714313028450535  0.69046879969049602  0.69191935235734525  0.69617213979911408
  0.70105137664753425  0.70582689585810487  0.71054549315768767  0.71524668499200006
  0.71999865233173299  0.72475778365110521  0.72953346308362399  0.73432838549013424
  0.73914211011529518  0.74397866919294420  0.74881544652914911  0.75361418866333219
  0.75839240327778901  0.76318365645115072  0.76795092272505328  0.77274494734362054
  0.77759664721795718  0.78251099738860219  0.78744232001944858  0.79233196821578955
  0.79726444543846064  0.80225951328609257  0.80721789570293112  0.81219091435620205
  0.81714240095171042  0.82220315018668577  0.82727955668433639  0.83237083643800169
  0.83740043922748364  0.84242370671309774  0.84753501303790157  0.85269892582002471
  0.85790363646147316  0.86306169226201845  0.86819971693835596  0.87338442494832436
  0.87852798731893644  0.88357914772737478  0.88869544964670677  0.89388980837407928
  0.89907658171731342  0.90427325869152941  0.90949877998594764  0.91476197511132518
  0.92001522947191805  0.92526064720243661  0.93051323933531560  0.93576639781875981
  0.94107843135227998  0.94636259152532987  0.95164234406222092  0.95699084940595802
  0.96231812984391929  0.96760938359094095  0.97288456330536344  0.97827179630851213
  0.98371062629243955  0.98916113081700341  0.99458568342435394  1.00000000000000000
 -0.00287450411476782  0.01098941284088921  0.02204441670613074  0.03333085561739892
  0.04452997910458095  0.05690958673054792  0.06805874502675131  0.07833253705070116
  0.08782071070990630  0.09709988913093705  0.10621363387113435  0.11436128160222825
  0.12276908282994972  0.13173711272555230  0.14105572638581926  0.15026319974066440
  0.15959146690031659  0.16909058759593001  0.17878464664237911  0.18845134065097574
  0.19767528471591331  0.20647007364868586  0.21623640586124257  0.22642920123007657
  0.23675737414746065  0.24722258935173130  0.25773970002419438  0.26851897763987148
  0.27933708242502414  0.29020451324291874  0.30129035788470304  0.31258704572979740
  0.32404314908363618  0.33584266790082906  0.34831439571199591  0.36101698050444514
  0.37308186582538733  0.38370667589166052  0.39379520866987461  0.40410923930538539
  0.41372914967774888  0.42285576667397501  0.43192605627904085  0.44218700686468010
  0.45347272765551144  0.46452798477036145  0.47529544958874415  0.48593038904587027
  0.49632813214283855  0.50707778731856812  0.51822375638874729  0.52957442941843269
  0.54074686239450809  0.55122326030899260  0.56157172113704890  0.57258298016996856
  0.58398393290533079  0.59517326354008726  0.60647151238265162  0.61839044780673935
  0.63002906754455390  0.64167621619491910  0.65351025522045225  0.66586710278080508
  0.67899787931739686  0.69171288026338040  0.70355441830287146  0.71383427857814374
  0.72355439793393228  0.73389053813100047  0.74469044054660893  0.75498295082560452
  0.76480420884659328  0.77440512258934702  0.78351363240825744  0.79316298263801388
  0.80239369944215655  0.81245706096410542  0.82244352433214041  0.83172233935647033
  0.84225917574852127  0.85304851230936363  0.86390070406719899  0.87447692266087740
  0.88572172849318609  0.89698609519466144  0.90831742016080619  0.91931251851556528
  0.92966698243248069  0.93984540933753513  0.94987554548911834  0.96029592863580915
  0.97022122634846730  0.98030995258173181  0.99000424883783322  1.00000000000000000
 -0.00262462671491363  0.01026060061649895  0.02152375570231361  0.03295511062536706
  0.04364334318227766  0.05318926686255067  0.06292322087963939  0.07248676421950428
  0.08218520996361967  0.09236896162256278  0.10254542326676611  0.11260380519795612
  0.12259158382590091  0.13310720781221935  0.14380829129292955  0.15378329290026285
  0.16369641698613999  0.17344563744467986  0.18350661422975070  0.19302127808127026
  0.20208234841242492  0.21140707211117094  0.22106040933439916  0.23148922819027198
  0.24251606769571879  0.25322757966921405  0.26362196066387011  0.27367881766193669
  0.28385520819142313  0.29435208016515102  0.30518127431296244  0.31664344514211273
  0.32835571603151276  0.34044618679166327  0.35220645937001710  0.36285799756453274
  0.37325413132999036  0.38437623538049287  0.39593505380814920  0.40615856028621616
  0.41638475616337861  0.42571102841455793  0.43497843562647293  0.44474634686881098
  0.45572653815992659  0.46736391855626802  0.47942812127719397  0.49189319795581793
  0.50362868061752109  0.51461564459924669  0.52507690391990813  0.53542992544786283
  0.54594646952150239  0.55722444980376762  0.56819425489646336  0.57931089248663548
  0.58996928793020176  0.60031743919340108  0.61083667082716941  0.62150935658271855
  0.63243014718932977  0.64388762262911547  0.65606837481202651  0.66841132754221733
  0.68034031855794452  0.69183789939875284  0.70286772138090536  0.71389605445995286
  0.72387662908733064  0.73341506262182010  0.74288773686964871  0.75263123832713152
  0.76248259120831152  0.77216954612378230  0.78160961684532060  0.79099472532136905
  0.80030196311936397  0.80976387626333446  0.81943650162886672  0.82956427799143662
  0.83999740425529756  0.85132288883247376  0.86293527197549424  0.87491921373335990
  0.88667728347728902  0.89811981855602041  0.90961404527078360  0.92040727752375828
  0.93026160284354575  0.93976119456335749  0.94989158001612772  0.96013105701242107
  0.97026258651206521  0.98012067534289116  0.99026682533668520  1.00000000000000000
 -0.00223524299602529  0.00863094028274056  0.01782686736539877  0.02808635079476687
  0.03793920280236049  0.04839011611940926  0.05945193551098819  0.06993849422748576
  0.07985096751240993  0.09082147158904355  0.10235785885278641  0.11380633571175867
  0.12533810570848386  0.13589707191607325  0.14619157772775121  0.15640888007617165
  0.16686927837421642  0.17721023855020285  0.18764252845191784  0.19923402660709227
  0.21077069340565260  0.22118194233999233  0.23137351243436680  0.24137003226914666
  0.25211916283003583  0.26236424065498076  0.27270272435809256  0.28333515631931977
  0.29397219526774798  0.30475105342152425  0.31630295041715756  0.32866598085288273
  0.33980617899911181  0.35022969717225388  0.36099546190168458  0.37230583200883749
  0.38383192852258846  0.39547298812988829  0.40715554423033834  0.41839591506379370
  0.42850393484609828  0.43894415147498334  0.45015954403291419  0.46071212849362353
  0.46969188817625762  0.47854113267639103  0.48772227269139967  0.49753752140356627
  0.50705006537500297  0.51565383817462640  0.52459847455459108  0.53424752888230431
  0.54500669985985550  0.55699671373274873  0.56942529900266425  0.58220590327893817
  0.59526275492156611  0.60727503913154435  0.61769489405775846  0.62803629459934918
  0.63854607903453431  0.64869910703360756  0.65846151636377781  0.66853791856515021
  0.67873119688220462  0.68872340082458838  0.69830598946636657  0.70822675544026437
  0.71903443752495089  0.73026315693153909  0.74197055409168267  0.75362290792823450
  0.76509224598331638  0.77581488174875624  0.78615210675212688  0.79643471735082316
  0.80635652654520606  0.81567643362415543  0.82430466087941801  0.83339444167235865
  0.84323502536501072  0.85338544352258361  0.86348713090539742  0.87304763649836448
  0.88412143507752061  0.89526724992937567  0.90536534234700616  0.91555642153766603
  0.92535200536176743  0.93542105534241526  0.94543492496340742  0.95472501362197593
  0.96456678297429710  0.97507931631259936  0.98685864800940470  1.00000000000000000
 -0.00358486726690756  0.01248312856910254  0.02517575157801216  0.03693309709506495
  0.04839352897996661  0.05897656243338335  0.06923408890206248  0.07949716169905748
  0.08973778483154861  0.10020488624393169  0.11091752084030536  0.12172433022764317
  0.13242786711607282  0.14320653344278134  0.15413307536977416  0.16522088867654081
  0.17641189060889514  0.18743586026136233  0.19828043709345738  0.20911313592466577
  0.22042141461567413  0.23135510133732237  0.24138470252091823  0.25154085046104591
  0.26203419204238193  0.27275979815093171  0.28327313044212798  0.29452929454365551
  0.30759191099031946  0.32076806422712639  0.33334730928913986  0.34473856137078573
  0.35564412059707223  0.36786303586376401  0.37844230085506941  0.38763086491474058
  0.39633798173623996  0.40610851668195358  0.41628042617612127  0.42558280051212938
  0.43474015223487517  0.44443250852977567  0.45429887010463987  0.46387861791381652
  0.47362606831591741  0.48390880408188403  0.49474435292173952  0.50659222780223279
  0.51903989333472644  0.53096622875001354  0.54191520317891195  0.55187653384542035
  0.56157126352174569  0.57140648459391330  0.58102400118024811  0.59073257954967684
  0.59955389701309225  0.61079360258411719  0.62307982719133659  0.63552332918234311
  0.64631601048056331  0.65488158601186086  0.66300959401871074  0.67178889445047441
  0.68089256556023958  0.69072281783140144  0.70071588951951258  0.71129580340305043
  0.72192873564742199  0.73194405212711300  0.74182700220264652  0.75221618421862291
  0.76287746636071385  0.77325507675605287  0.78384891795788503  0.79479281864161522
  0.80579349033339265  0.81566485970743441  0.82475635306961015  0.83412371429788312
  0.84511525453674297  0.85544579766489837  0.86569396041361779  0.87582867606924097
  0.88648396858282108  0.89710725775189948  0.90755665274574826  0.91865984122882849
  0.93008194967605562  0.94116749809747258  0.95132348593303273  0.96168032263547487
  0.97170235095344593  0.98188678075252844  0.99102034189855648  1.00000000000000000
 -0.00232032273965681  0.00832839410307146  0.01794040416919248  0.02875023481865719
  0.03984913832993746  0.05067382847872978  0.06148488646417551  0.07307251598625655
  0.08563787408507455  0.09827878684103118  0.11007042898685818  0.12090570811226525
  0.13126780579933714  0.14138602756086882  0.15154154849105350  0.16146418865812473
  0.17123888024268810  0.18074727393496209  0.19067853189060413  0.20132563435735074
  0.21246002507714892  0.22254837891862286  0.23219787511363624  0.24150522751142797
  0.25112925024999955  0.26153368704992652  0.27154125162020415  0.28044282125794573
  0.28902542389851354  0.29808587149745025  0.30801923556220773  0.31839743994444408
  0.32862186986906344  0.33931765125037672  0.35023993617479487  0.36158112820269978
  0.37295699601481336  0.38394156907082971  0.39479420497182360  0.40603293279126579
  0.41761792596176628  0.42983323290445108  0.44143599087761842  0.45226376191720052
  0.46298226289581795  0.47310611875209951  0.48306706987358183  0.49314167595928077
  0.50329028148506716  0.51394620316055339  0.52464691291655552  0.53583585846372439
  0.54683234563372818  0.55708432743645397  0.56786572271469726  0.57911421304336141
  0.59073900237385757  0.60308290675574439  0.61560429132158279  0.62786095207255666
  0.63979172015084707  0.65159643050693505  0.66346444174332664  0.67492215669042432
  0.68531927815588223  0.69531893418664625  0.70479921077385499  0.71424318057871417
  0.72375716096871412  0.73421193466285528  0.74567395008006643  0.75700291232386074
  0.76750512078403998  0.77745489453910321  0.78753962266048838  0.79834305108125037
  0.80907367346202619  0.81940050092433192  0.82951545765737766  0.83953156464696155
  0.84988867105907928  0.86057100919179563  0.87099404237215106  0.88063641685854710
  0.88976300508149131  0.89944124981822549  0.90957154930315931  0.91947421021086295
  0.92902646552196211  0.93896865902333981  0.94989878367831893  0.96072328132099361
  0.97089408836247526  0.98081269970466944  0.99044530171480749  1.00000000000000000
   61.630589908688933       -1.0000000000000000     
 F F F F F F F F F F F F F F F F F F F F F F F F F F F F F F F F F F F F F F F F F F F F F F F F F F F F F F F F F F F F F F F F F F F F F F F F F F F F F F F F F F F F F F F F F F F F F F F F F F F F F F F F F F F F F F F F F F F F F F F F F F F F F F F F
  <DiscreteSampler_grid>
  grouped_processes
  1 # 1 for a reference and 2 for a running grid.
  10 # Attribute 'min_bin_probing_points' of the grid.
  1 # Attribute 'grid_mode' of the grid. 1=='default',2=='initialization'
  0.0000000000000000 # Attribute 'small_contrib_threshold' of the grid.
  0.5000000000000000 # Attribute 'damping_power' of the grid.
 # binID   n_entries weight   weight_sqr   abs_weight
    10   10   3.106124164822102E+013   1.702655682272983E+027   3.106124164822102E+013
  </DiscreteSampler_grid>
