 -0.00272658856597637  0.01091107026280101  0.02174440640303082  0.03179732542804877
  0.04185608139677937  0.05247995472350809  0.06383007257714818  0.07380757093486308
  0.08289572361959263  0.09210099573452704  0.10124886835956384  0.11206250206775560
  0.12296251666930753  0.13666285956131982  0.14897824621799924  0.15976077803847960
  0.16982607175007997  0.17957838211509503  0.18909372193180121  0.19887298648718232
  0.20791530527918420  0.21799364415948669  0.22823569764415219  0.23927147191972514
  0.25000454624342422  0.26066891974778383  0.27209965013995324  0.28499085313870343
  0.29807454167693598  0.31064113795549347  0.32271332649354906  0.33471591208148499
  0.34632971885830888  0.35756893894747505  0.36874958149007442  0.37875639727317717
  0.38843588517661476  0.39883965445701708  0.40921460417598465  0.41927710982720007
  0.42878892745953928  0.43927095943479444  0.45141847670876434  0.46383549746416647
  0.47556779186473386  0.48682903967293933  0.49800505748484336  0.50901462738883219
  0.52066826658336063  0.53281506141220725  0.54524259635934280  0.55846108429016161
  0.57035733000189326  0.58188767779291584  0.59284877511316392  0.60376974970962460
  0.61340996517406232  0.62292816111343685  0.63294486697668639  0.64367827490743623
  0.65296421410960714  0.66189313074633860  0.67106598103446913  0.68067826790568042
  0.69012991966816262  0.69921053969854596  0.70867239602132082  0.71852806310281192
  0.72857089868602631  0.73818713649376633  0.74787728531149134  0.75752803475940089
  0.76724749394013025  0.77676376269307879  0.78632844293954340  0.79588544600201883
  0.80539133016571141  0.81538342911755790  0.82576828344761188  0.83691030231506203
  0.84833827466912937  0.85930096186575455  0.86979199562083032  0.87977853212727730
  0.88947065739203179  0.89920514667546569  0.90884780961483835  0.91849837504834897
  0.92809089902854214  0.93794820427488401  0.94793395818413484  0.95805638234775292
  0.96795038119016552  0.97794695399882836  0.98841103018749432  1.00000000000000000
 -0.00090519332703462  0.00748305942076054  0.01520088761622168  0.02354265155867461
  0.03254210205235096  0.04229241596314274  0.05276163652550479  0.06331609986664676
  0.07362183779418459  0.08358100090066503  0.09299479406204257  0.10236008772517916
  0.11201000399349557  0.12187239559048277  0.13162509512082732  0.14145089151223303
  0.15185513747869908  0.16315051603270384  0.17418704439181742  0.18525396165654803
  0.19643038161122528  0.20759345620799044  0.21766580128840499  0.22801988711483523
  0.23762146366329717  0.24795297346157130  0.25784586379602070  0.26809643930921140
  0.27823446431119431  0.28773911621883780  0.29673943138287112  0.30578025515319229
  0.31536126140086440  0.32611186519109597  0.33656487505891081  0.34649528798223500
  0.35621270174380781  0.36655160302861317  0.37651836637232561  0.38645550843295018
  0.39629068855199578  0.40678970900324879  0.41721050096008200  0.42697941543780388
  0.43664405733645145  0.44646301549062106  0.45661850446288194  0.46851167422624396
  0.48051471971488219  0.49250778190375138  0.50348572966352290  0.51322771689831426
  0.52322755818524358  0.53371031346678521  0.54483927874201032  0.55581876472496894
  0.56657123696790623  0.57658175509658105  0.58636393531625963  0.59585931640048129
  0.60542084483781111  0.61447017337348164  0.62414676253514045  0.63431321775061045
  0.64502166669341165  0.65573445996837776  0.66678077680915593  0.67798042477079867
  0.68883869365139183  0.69969198086768658  0.71052134803030231  0.72056878472313768
  0.73049924965014357  0.74051441346304636  0.75125368501375989  0.76176421691500196
  0.77257176652487436  0.78373582679626153  0.79468295309462478  0.80584610951073143
  0.81788957377521754  0.83120812570152813  0.84492710730193843  0.85818204976025536
  0.87053884435581763  0.88222569904310977  0.89349686533217676  0.90465863878450126
  0.91595176686233215  0.92660327756412797  0.93739070553051451  0.94855565270555198
  0.95984976965575386  0.97101046679331005  0.98412951314118713  1.00000000000000000
 -0.00836871544245325  0.02253508174804034  0.04667084383898210  0.07109999723818421
  0.09508145603488946  0.11834098261272534  0.13950341553994991  0.15940672279972065
  0.17963448324728887  0.19978647848488440  0.21964213850829861  0.24086587405221832
  0.26319786482905427  0.28578214309350980  0.30843532150060754  0.33126640855295791
  0.35404898708635307  0.37674205693024643  0.39936461022159103  0.42194441693282103
  0.44437838463776386  0.46684204015868164  0.48960696771435175  0.51238679484540950
  0.53518985334765112  0.55757192174002690  0.57972009210677544  0.60354861471473853
  0.62771716461743077  0.65355089718669013  0.67554887569620747  0.68859373631293797
  0.69002748594511432  0.69161796641347328  0.69496983921532118  0.69985487888173958
  0.70455628759497957  0.70929556773267377  0.71406389481772592  0.71880184526813018
  0.72355765052419341  0.72828380726327580  0.73297224162234542  0.73765326921231122
  0.74235417001039805  0.74714414697572773  0.75195921992579995  0.75676019047909926
  0.76153590521402947  0.76634002637587317  0.77128541389188576  0.77623923751786106
  0.78120968007145186  0.78615999426579830  0.79098597575292540  0.79581292935566850
  0.80062145209573365  0.80545880062430075  0.81036882980316316  0.81537064881713339
  0.82034515096580896  0.82535247905765829  0.83039828954855333  0.83538695525046480
  0.84031582416433626  0.84524970028432000  0.85022127422069460  0.85520937706797318
  0.86025258742694088  0.86533124690953234  0.87033381959181766  0.87534108492083318
  0.88035736415088706  0.88543602567603485  0.89054729632707219  0.89566995961409701
  0.90072833448564527  0.90582020397692631  0.91087694802737185  0.91599983331024415
  0.92120275494938964  0.92641273682112646  0.93160056674892511  0.93681827119778971
  0.94207268862651905  0.94731563520625039  0.95254467877414606  0.95776384763006950
  0.96296548956413730  0.96818349629186362  0.97344011279313336  0.97868824391851172
  0.98399594180493799  0.98934040375113996  0.99465756408922090  1.00000000000000000
 -0.00276339507910953  0.01023149985814050  0.02103742120050282  0.03213793125340140
  0.04311418878892109  0.05480234441048500  0.06586567386280454  0.07612319862601746
  0.08578576273391172  0.09545417884460945  0.10570793381008892  0.11663193542965807
  0.12768371887475985  0.13811540072232839  0.14869928572301194  0.15949622129635052
  0.17051488667954462  0.18160059333058037  0.19305039560328233  0.20483307110051996
  0.21668639439418028  0.22825853741264895  0.23925448767476681  0.24973896424207878
  0.25982438754845838  0.26977477664723248  0.28008654900821339  0.29103531245978764
  0.30220202334304680  0.31312890549349254  0.32391700892260611  0.33449121637527152
  0.34480776818686154  0.35481494851082207  0.36452255339123119  0.37435933610872157
  0.38444165828099680  0.39487262463963352  0.40554439958399086  0.41642893512756751
  0.42808658217228540  0.43952623945340957  0.45006671623205768  0.46035493199036431
  0.47067292591265536  0.48115482972721962  0.49142866779181521  0.50124737836448852
  0.51072143145660298  0.52021295189018846  0.52955975365593144  0.53900572507737010
  0.54917028225928077  0.55920327798734792  0.56847916509161156  0.57751679275933721
  0.58681644059196481  0.59610406594263188  0.60545384070498109  0.61535697746514739
  0.62610135437437964  0.63801539599816637  0.64901516660300840  0.65947417713217071
  0.67015258008294587  0.68099852112440384  0.69156677900787300  0.70165665678860101
  0.71228922333533495  0.72348198751234682  0.73499728444759860  0.74686343665753807
  0.75973449054329178  0.77303566124020540  0.78640810748993295  0.79973289233274059
  0.81275261201085636  0.82531646736936137  0.83757083787548792  0.84972473854720243
  0.86083367563839663  0.87105713472323842  0.88054748769566671  0.89013885386598757
  0.89923346274173299  0.90813241231589559  0.91746270794141604  0.92701835305296265
  0.93627546066723644  0.94473569011494707  0.95294035892543050  0.96142093184982891
  0.97038635346527335  0.97980725065131202  0.98976890209207968  1.00000000000000000
 -0.00271936225936680  0.01014915585140438  0.02069876788560340  0.03139248346639997
  0.04267002108205491  0.05407807220806968  0.06493255691141750  0.07563578738763627
  0.08629353965205899  0.09756391172729542  0.10912003433676723  0.12032481649461819
  0.13114348022622194  0.14186382827280822  0.15244611803029515  0.16269318249771755
  0.17251427215850060  0.18216260090461470  0.19198185187125910  0.20182123210940714
  0.21221107525558197  0.22320574733176268  0.23399336363176038  0.24427022520752228
  0.25506996149361272  0.26654777194179047  0.27738272722188156  0.28775510872186161
  0.29768295086732977  0.30733681423547593  0.31679861033889761  0.32609772616894589
  0.33602666573058171  0.34669211892616536  0.35796218096890731  0.36993066318629692
  0.38194781123853433  0.39362037083772056  0.40557415197859320  0.41660237800279415
  0.42708458253767784  0.43744214978096879  0.44851507468784846  0.45947389780632769
  0.46886735957227915  0.47833994701618937  0.48773083672565992  0.49736150248398375
  0.50742906157370682  0.51832857407885025  0.53004407530778430  0.54155555342263140
  0.55253716275150200  0.56360506851959957  0.57467821657320017  0.58528370619955616
  0.59540103729443572  0.60564452043887007  0.61608605229834545  0.62641139743562035
  0.63655024876289745  0.64675220559766622  0.65709893656653762  0.66751484618356027
  0.67787096233111899  0.68832906396783633  0.69874538217905491  0.70913656786962875
  0.72015251894276877  0.73182415966617742  0.74394563657909540  0.75572391546136142
  0.76647806850245659  0.77694354038419933  0.78700931891204606  0.79700674865096333
  0.80743189125035009  0.81871124646568771  0.83029395214472979  0.84166302243451396
  0.85250785476482971  0.86324299589808018  0.87289317159366731  0.88243219131615946
  0.89188096534109551  0.90120881808778130  0.91013048716087874  0.91949448708995929
  0.92952206979950702  0.94010210444911824  0.95041209340686850  0.96042971536303900
  0.97052691461175644  0.98051969422892837  0.99038910532144830  1.00000000000000000
 -0.00235455746950666  0.00915421182926685  0.01874835060183339  0.02840883741411454
  0.03882735659147035  0.04932554166450628  0.05979350754193976  0.07080650322914081
  0.08146345840517237  0.09100256502282394  0.10080131971665503  0.11019492211154765
  0.11976059828952806  0.12913193034293549  0.13866201180226498  0.14825002326547543
  0.15836416658707461  0.16850677054814200  0.17906030226356945  0.18938375754655998
  0.19941318237616662  0.20991825533016698  0.22142420397417586  0.23343702794410601
  0.24428441263566014  0.25562977882247639  0.26796781325592733  0.28009881722301588
  0.29232964500174180  0.30484176170857125  0.31745798084361282  0.32950068473341343
  0.34118628246480293  0.35270511427334850  0.36413568460248202  0.37559563781368954
  0.38705019237027061  0.39841925647928439  0.40927241398904063  0.41981674917732975
  0.42982808445260551  0.43993270785910421  0.45034666015795516  0.46099596661292036
  0.47173577757341356  0.48275250292427935  0.49442138075333836  0.50553180507083983
  0.51542748125043969  0.52580540598889736  0.53672277282583469  0.54737507646100880
  0.55699856065372921  0.56652358534640956  0.57650290882639688  0.58679841974284697
  0.59619548646634346  0.60509720959078961  0.61393773856388967  0.62300819614211322
  0.63221877795841941  0.64174546135128629  0.65165861142585912  0.66180662579434046
  0.67218518625621126  0.68234627814344517  0.69426603030052048  0.70748279811739156
  0.72164162337914628  0.73411033329018516  0.74505999573538495  0.75569381936390900
  0.76633567321513785  0.77685617767060311  0.78728580606379317  0.79754830665189191
  0.80753574431846697  0.81680203077129865  0.82589453904217602  0.83488350410789836
  0.84414117325542171  0.85318093596904465  0.86271246513458866  0.87237925015221440
  0.88301821171748851  0.89423959470909953  0.90545808232558611  0.91633705157575884
  0.92644037454309192  0.93633396905791022  0.94635808988037384  0.95596723611644208
  0.96590779843526531  0.97662341971457578  0.98792330676925422  1.00000000000000000
 -0.00281773478648063  0.00918304893218774  0.02094857927848283  0.03321963252353347
  0.04592371110859668  0.05800545550369731  0.06944018055484287  0.08066214677039486
  0.09127480579782839  0.10110515137323664  0.11028732751470456  0.11930786118312912
  0.12902595475448619  0.13875595481796918  0.14870700431595713  0.15886389801006340
  0.16922794726268581  0.17935322988700925  0.18874484066370908  0.19790136522376145
  0.20745687007880606  0.21751604355839602  0.22740311278177514  0.23713056569630339
  0.24702724274337681  0.25735794180948507  0.26798431971457737  0.27858661523207290
  0.28891590720254623  0.29882504038691271  0.30857886417764935  0.31802939360842564
  0.32727626655463310  0.33632455343211548  0.34537872554331539  0.35452899246830100
  0.36354487932666746  0.37222498332695214  0.38164445302540817  0.39172254316113386
  0.40202663212567402  0.41231948844175714  0.42235686462460298  0.43237582050009654
  0.44256079415156319  0.45256265356176983  0.46236493611243129  0.47267402522836083
  0.48363271555805404  0.49534200578424575  0.50832335684429897  0.52068625685695147
  0.53239798410839601  0.54356836698644673  0.55407551034228952  0.56412057740014598
  0.57403964047724676  0.58436013980113721  0.59486655345797712  0.60472601038398877
  0.61491089400995746  0.62583995347523191  0.63812052653057616  0.65027351049677096
  0.66199031211906956  0.67331378209295978  0.68421709802464259  0.69516741089187528
  0.70627943472188603  0.71785659012690128  0.72947865762342079  0.74150091023054820
  0.75349056151973648  0.76491739113516588  0.77703693354887660  0.78889892832449160
  0.79959083275547649  0.81017271921263567  0.82224494574972318  0.83493009679497643
  0.84623281540553452  0.85770462345759801  0.86908907504482869  0.88018436140204315
  0.89082696552547103  0.90148283590366907  0.91260083797772229  0.92261239287328511
  0.93193872972338210  0.94111480741190989  0.95025300285474934  0.95980782965970435
  0.96931568062988160  0.97852983872547827  0.98923588922855088  1.00000000000000000
 -0.00264706213776444  0.01016389861139582  0.01997307007534668  0.02992304613091118
  0.03939756545281115  0.04884394036278854  0.05784660506652572  0.06701132695696102
  0.07637289563589911  0.08598267941904852  0.09585771910722796  0.10528315513850678
  0.11483684964358845  0.12462536810403853  0.13447233107282719  0.14424184244311633
  0.15354324672288766  0.16244094884371521  0.17118070166755381  0.17995614383923600
  0.18933304265900106  0.19910493395735412  0.20880536292929797  0.21856351755721315
  0.22870495637932400  0.23945539074013494  0.25084197564857386  0.26303054792371544
  0.27565812111019877  0.28797348211487961  0.29940315883236140  0.30994970306939018
  0.31992826241923800  0.32951812730826974  0.33900084015246912  0.34819990580780968
  0.35785429414981168  0.36759338374384881  0.37688286951065508  0.38573377334406628
  0.39495455068361990  0.40513328215361072  0.41582125367245770  0.42626670921804632
  0.43699710198428321  0.44832300313787310  0.45980503598943262  0.47064889565144341
  0.48168662195802792  0.49257007813172421  0.50315985843888100  0.51384286601520224
  0.52527942390447568  0.53724705456489952  0.54818148605426553  0.55789559589297066
  0.56724751266373152  0.57684920524529126  0.58719563626851956  0.59789658670965473
  0.60907604704433571  0.62051280394927943  0.63164230989387971  0.64254582936573890
  0.65352897132920373  0.66487919107033733  0.67663505932306911  0.68799911858117990
  0.69874970719890506  0.70900682435227813  0.71932943053310494  0.72984314837420516
  0.74165187113951359  0.75366812499733460  0.76542583260136043  0.77756133948999695
  0.79052768016842778  0.80379482189521823  0.81580262462187281  0.82621863524918704
  0.83629429399063404  0.84690106820368960  0.85721479273068568  0.86836083853353729
  0.87954701579471350  0.89100788133764053  0.90190792669727204  0.91296856404776638
  0.92389233991220565  0.93425352103446424  0.94466873990737132  0.95501796895354585
  0.96550928378735956  0.97646686002016791  0.98798234587457556  1.00000000000000000
   60.644930054699714       -1.0000000000000000     
 F F F F F F F F F F F F F F F F F F F F F F F F F F F F F F F F F F F F F F F F F F F F F F F F F F F F F F F F F F F F F F F F F F F F F F F F F F F F F F F F F F F F F F F F F F F F F F F F F F F F F F F F F F F F F F F F F F F F F F F F F F F F F F F F
  <DiscreteSampler_grid>
  grouped_processes
  1 # 1 for a reference and 2 for a running grid.
  10 # Attribute 'min_bin_probing_points' of the grid.
  1 # Attribute 'grid_mode' of the grid. 1=='default',2=='initialization'
  0.0000000000000000 # Attribute 'small_contrib_threshold' of the grid.
  0.5000000000000000 # Attribute 'damping_power' of the grid.
 # binID   n_entries weight   weight_sqr   abs_weight
    10   10   5.542441746199634E+013   6.265822361950087E+027   5.542441746199634E+013
  </DiscreteSampler_grid>
