 -0.00227460437666321  0.00910166508081225  0.01881933855720437  0.02802267675957916
  0.03695421342488449  0.04615710939421050  0.05558429888326249  0.06508433664726215
  0.07473657303763218  0.08484491566062467  0.09767615374645031  0.11027965003374893
  0.12107698714856832  0.13283596799958886  0.14448894667040305  0.15621364533792767
  0.16644622826607433  0.17564656774164425  0.18505997484310643  0.19464277260609900
  0.20428892519818678  0.21392875648845433  0.22274732851339848  0.23142261109213497
  0.24071843141395349  0.25028373704619988  0.26104163109851319  0.27265981032894193
  0.28521050000796083  0.29742658776305692  0.30892291568464469  0.32047279082872432
  0.33212013739346752  0.34353869214330768  0.35470163653153169  0.36430232481360786
  0.37365489052441697  0.38225009588402492  0.39125701430761384  0.40030824389657915
  0.40948763898326040  0.41898248075843103  0.42940097057548393  0.43997079861602822
  0.45005162573305157  0.45949135361236348  0.46886991521465926  0.47862464216288320
  0.48943576215434909  0.50105498904280665  0.51254802463929827  0.52407634506796785
  0.53549612090811827  0.54661320208406250  0.55734511612478332  0.56789326021508157
  0.57812708905318622  0.58844114293145533  0.59864534802521741  0.60821429471647104
  0.61718026687027383  0.62663831817334148  0.63666976185489765  0.64675807781372863
  0.65657490764414184  0.66682160212894470  0.67793643768001155  0.68926294676568167
  0.70043901621800109  0.71108428372022536  0.72105177709855406  0.73148956771247176
  0.74230831218788917  0.75314790531875986  0.76309482148046726  0.77293097413071821
  0.78239888878270414  0.79290752569103196  0.80289210633826824  0.81295663072109769
  0.82296533083931522  0.83282927224570658  0.84336416113775003  0.85486722353253508
  0.86685923584372748  0.87950925604932950  0.89138742630504209  0.90263887075847593
  0.91390020122792637  0.92527417328755268  0.93703328417090426  0.94928613640580539
  0.96106196826972157  0.97364694678859243  0.98637591257102131  1.00000000000000000
 -0.00087020405352237  0.00648892831757254  0.01428455048228818  0.02249797499767842
  0.03118375763551735  0.04051530209633532  0.05076673900856163  0.06126489219591750
  0.07213707681829572  0.08279593563883111  0.09335271255342541  0.10421885908685874
  0.11523412932850169  0.12577015021367621  0.13655514242755012  0.14702845981687265
  0.15835146977286352  0.16972560445940291  0.18110428030669451  0.19203685325608297
  0.20231476305669785  0.21246657530571503  0.22249051779639173  0.23277857686352993
  0.24290097743123060  0.25376527759876405  0.26545485500592697  0.27696257201588226
  0.28834136274322797  0.30008857315394477  0.31197286441264066  0.32348403044586216
  0.33390425767269311  0.34417472454784181  0.35471964250495291  0.36553879067309142
  0.37661316464296185  0.38751609059147285  0.39835124732626959  0.40879788910486142
  0.41898049754431038  0.42898030357133354  0.43882062807362349  0.44808276856510587
  0.45695222534691687  0.46573234978947342  0.47438821855851254  0.48323953862900626
  0.49254621968947371  0.50225859926183691  0.51196165997288923  0.52139929219070857
  0.53093569212374958  0.54043310370915343  0.54997654350482750  0.55942863450115554
  0.56997532991723288  0.58102129352068477  0.59338888158936021  0.60522203964609145
  0.61587483566813617  0.62537285014837540  0.63428660621868349  0.64335154967797836
  0.65170891617627391  0.65975930336858246  0.66811610772743057  0.67683731084888232
  0.68565303476985073  0.69509714357196051  0.70509611112724013  0.71614331978633516
  0.72804023649596061  0.73949678653290740  0.75022256158304679  0.75984010476956687
  0.76996884691688849  0.78076555574393991  0.79153170926102445  0.80178633563180013
  0.81196324420205634  0.82384872132809417  0.83578574582496845  0.84743707690814207
  0.85867421768995000  0.86995297663195004  0.88117596457073810  0.89256664784079787
  0.90455665553478626  0.91724362263213710  0.92973660814575865  0.94282687858238023
  0.95554499006704519  0.96878998463827304  0.98348188999227459  1.00000000000000000
 -0.00816531866436484  0.01545155737196653  0.03860470343952821  0.06177593948949314
  0.08490449974643502  0.10797191416809720  0.12829383867938893  0.14725305791735038
  0.16693750388188225  0.18650623799118801  0.20588807705678089  0.22707724923444086
  0.24894213181159808  0.27163298177304918  0.29428705341384803  0.31687877730028180
  0.33955318756080755  0.36227283154714873  0.38515010233870628  0.40800166071989069
  0.43060081556718988  0.45318660848702375  0.47575042676162738  0.49830976597637661
  0.52086640804842665  0.54367793309209866  0.56673408291524419  0.59200936378824964
  0.61774910494153490  0.64486486413596222  0.66438095636330907  0.67737162739115342
  0.68801368499942184  0.69051652743446268  0.69199654345668260  0.69640432364662597
  0.70116239880748854  0.70588644668210154  0.71063855113504981  0.71542077856543418
  0.72013327587277365  0.72478300550884600  0.72946286460364484  0.73416592950134762
  0.73889416966784671  0.74364399645661372  0.74846155029889117  0.75328491273841780
  0.75811030447668615  0.76297596831758296  0.76789939612449087  0.77280472586222893
  0.77773005720113697  0.78265125308267192  0.78756949028809631  0.79253039272039394
  0.79748831581718049  0.80244014391377305  0.80745173109807666  0.81248307841498069
  0.81750338369948217  0.82247821333529370  0.82750753951479505  0.83257395267875156
  0.83769561534250858  0.84285774212965237  0.84790016257092093  0.85292083056839785
  0.85799931446617450  0.86316647278761849  0.86833623219024869  0.87346647309377012
  0.87861001422104035  0.88378332594205544  0.88895582114023486  0.89411348345050112
  0.89924743855246381  0.90434375475896744  0.90952769416763568  0.91479523819323461
  0.92005287179713313  0.92526545761808787  0.93050562381204038  0.93579178311985733
  0.94114904012212963  0.94645812534145968  0.95175781277716032  0.95709947596818123
  0.96245227423667756  0.96781465079517881  0.97316095859435947  0.97850410683529276
  0.98381559547287001  0.98916845414517529  0.99457203743097078  1.00000000000000000
 -0.00315328285071612  0.01106055203329315  0.02286280578691665  0.03392950722920236
  0.04464880228635416  0.05500165446735861  0.06508861409468709  0.07549856953045003
  0.08618552983758837  0.09815097892405925  0.10899213025424861  0.11960432121648902
  0.12949054196424897  0.13930668271648197  0.14959778917285532  0.16041451909744073
  0.17110647504063653  0.18136361309854607  0.19170944041084104  0.20207578654432232
  0.21252807840410914  0.22275644334158862  0.23404979596228470  0.24608002515656469
  0.25657433846528066  0.26625066961456312  0.27587232734062000  0.28602480718172840
  0.29536536966205507  0.30398560563502297  0.31299678401012970  0.32267910275011713
  0.33312168543990117  0.34388708933848816  0.35481157248475970  0.36554704385360542
  0.37619115236094303  0.38679845489617315  0.39749436347567968  0.40850677380493178
  0.41904511874090178  0.42910142277800623  0.43918141257499110  0.44976461792564559
  0.46094275238891341  0.47187130953821749  0.48270606842668212  0.49359842046874181
  0.50428043326559635  0.51461583183932746  0.52450831225823880  0.53384441780041181
  0.54330320987376579  0.55325593665044337  0.56372148878306949  0.57438684291410824
  0.58570048376147055  0.59792145237138350  0.60969839408135151  0.62032963782042183
  0.63024040822087501  0.63960738027745734  0.64893052891869096  0.65856240852598802
  0.66867045038435902  0.67898050187827264  0.68961774043876678  0.70079958608129755
  0.71265510911247554  0.72465040131921388  0.73647727256062501  0.74836018782532832
  0.76003992502309325  0.77112011711238460  0.78217472158038004  0.79319285930711270
  0.80474820562427052  0.81548845341464204  0.82547612424669992  0.83539045443748372
  0.84588928192594193  0.85629858270932813  0.86685158709056165  0.87744151938292003
  0.88825355339428380  0.89887896876795126  0.90964298511250141  0.92000597404872009
  0.93008213209665080  0.94003968835553886  0.95022154616036569  0.96052881245618404
  0.97012039430003727  0.97937706061769170  0.98946309182763437  1.00000000000000000
 -0.00349765269953908  0.01214673725830771  0.02438512150447131  0.03619088160954698
  0.04771688671612347  0.05923793606426078  0.07114480019735756  0.08331837564171087
  0.09529603732048768  0.10699872221286257  0.11848071200985268  0.12969189597821734
  0.14102203613617431  0.15281579370440687  0.16514935170592901  0.17685195486938698
  0.18828503089462045  0.19981077789113100  0.21168944911896911  0.22302055235708113
  0.23455458286370656  0.24568760564244252  0.25719232500984573  0.26817184011670114
  0.27920296181576887  0.29021657306904419  0.30133496954757183  0.31250463196610428
  0.32370983794851188  0.33429091339044825  0.34407711896257359  0.35379475705928454
  0.36312904650933375  0.37220555615210010  0.38115950738878152  0.38991038535525280
  0.39855484217149478  0.40775068945762183  0.41679544397867296  0.42632215983529620
  0.43597980761296362  0.44613487868591223  0.45673186512470143  0.46802382809850140
  0.47945978135345613  0.49095941396775422  0.50182233434608881  0.51202998125316468
  0.52236443379610120  0.53329536987746928  0.54366517988257279  0.55271754172803622
  0.56122324560384973  0.57003389205115895  0.57920810406574963  0.58909954560463207
  0.59924226830228911  0.60969674048747258  0.62127963191290037  0.63155698924621184
  0.64086587089673053  0.64976161491845341  0.65778292759631263  0.66577528640633354
  0.67429457033640694  0.68304277681723768  0.69234920393526822  0.70165427725732854
  0.71116982013086305  0.72140391594520048  0.73201111133065888  0.74294545559899550
  0.75423110707410146  0.76363059301549230  0.77309674749750223  0.78221895463512681
  0.79169043036160169  0.80090503271048841  0.81061225550943772  0.82168036293445657
  0.83323053449771733  0.84318717635225837  0.85270712683249150  0.86262510590537311
  0.87282026447279992  0.88323070957771888  0.89394330324047910  0.90614540901548302
  0.91853751670135675  0.92999409664715149  0.94109917546920063  0.95211555186157648
  0.96333491113490011  0.97527844625013382  0.98749672977819747  1.00000000000000000
 -0.00161711243847215  0.00798279734836721  0.01620991367482243  0.02466745555813978
  0.03344213208687858  0.04212532314554777  0.05121347140156750  0.06072371963993318
  0.07058818308553520  0.08080394011143292  0.09177588719066000  0.10319717874199129
  0.11461632174421951  0.12626579258173101  0.13836752947152042  0.15062911250284458
  0.16309576170380291  0.17499350184102538  0.18648761336422920  0.19778893564013558
  0.20880292214628862  0.21959679182166178  0.23020117743873150  0.24113797952867688
  0.25222250715068739  0.26309348411668815  0.27312418267529132  0.28242306717852045
  0.29186537343543301  0.30207384616206318  0.31284384217001521  0.32262211471113877
  0.33185567831076485  0.34117920687126241  0.35069178703519571  0.36053989046966439
  0.37094931390674962  0.38198467677871822  0.39303865300685470  0.40426382467739502
  0.41537472352274923  0.42588570818900806  0.43635721401251520  0.44713630156841894
  0.45849605094867946  0.46997191435052882  0.48174372255715414  0.49351561944853495
  0.50466915914022747  0.51520876287584760  0.52572431077802484  0.53607436669837927
  0.54587635628994013  0.55578230326594447  0.56576271138439538  0.57589023084864899
  0.58648768229783055  0.59810801609394126  0.61065294804392256  0.62284626298308243
  0.63420904099249298  0.64568253371437179  0.65639958663707199  0.66875175888580263
  0.68101296150116386  0.69246305140045061  0.70391778608058575  0.71483626567270453
  0.72692889560886309  0.73738868693907222  0.74835059106342694  0.75922490860963443
  0.77009822066632760  0.78007773382071977  0.79025787912096057  0.80060741608846198
  0.81128456741023691  0.82069809229584190  0.83046123217172174  0.84108860398506369
  0.85116879442150029  0.86101563268396908  0.87102253393720264  0.88334847712130116
  0.89662673759641642  0.90909448431215489  0.92010891932133854  0.93004779433041318
  0.93935818629043766  0.94824277741621332  0.95725589490422303  0.96606799602377313
  0.97450180262448305  0.98266515217924677  0.99126766297855851  1.00000000000000000
 -0.00268493505085712  0.00978980266221226  0.02116919647335989  0.03295490003806743
  0.04500750908750335  0.05695983499815362  0.06871616556419068  0.08002984718411343
  0.09105272788700394  0.10216361427726296  0.11275070849911425  0.12340989277588034
  0.13378045956460335  0.14352353782735505  0.15311872108504945  0.16237727183770262
  0.17194915873384947  0.18193591928858721  0.19343705898409264  0.20595419297457551
  0.21857678994390028  0.23067985657759263  0.24244858489097632  0.25354495317670989
  0.26353753995644619  0.27315985409884908  0.28303338743389739  0.29300705380834013
  0.30265080576482950  0.31187716991174147  0.32101458147528128  0.33039964791400944
  0.34031151477316685  0.35107155484864760  0.36256960541567324  0.37455895358108438
  0.38673609192943964  0.39808280239922411  0.40872196736300820  0.41969104357501685
  0.43126200760483518  0.44233544858199314  0.45259721618895782  0.46338523878510401
  0.47460921731775846  0.48510408359283236  0.49491619064117232  0.50542779391819570
  0.51644328831032182  0.52688337694360965  0.53690593300689249  0.54733690086342357
  0.55819505898208432  0.56874490409495160  0.57924793672622632  0.59027650724983927
  0.60199696754434162  0.61407422490605690  0.62546826951194812  0.63567994446182940
  0.64539207243643382  0.65477683915165930  0.66439510083078135  0.67463949577187143
  0.68539778237119386  0.69636711372385007  0.70768995134841173  0.71948433364603592
  0.73077824053566254  0.74043930150922688  0.74992325346653743  0.75970271406762602
  0.76979314835982904  0.77960003746722351  0.78928998505178960  0.79986411581865302
  0.81141304149501914  0.82248461838744302  0.83307951848312056  0.84282370163145948
  0.85280404826924172  0.86304903783756104  0.87342246457485195  0.88264362720277323
  0.89216204212836614  0.90177788577795503  0.91154741174215548  0.92108738387509270
  0.93066748476967232  0.94111378852026195  0.95223669329458938  0.96260937381277811
  0.97192247297713186  0.98123285107017733  0.99045054330054916  1.00000000000000000
 -0.00273772661391357  0.00968377674444156  0.02043208034285972  0.03173311028187223
  0.04320475287273085  0.05448614123288658  0.06601626125590118  0.07731874719797842
  0.08795904435691024  0.09800903813432096  0.10727543671779552  0.11633461985057082
  0.12538466267435602  0.13449395452447996  0.14387345088352924  0.15389479529495215
  0.16352302176912686  0.17357296950626847  0.18317451835633222  0.19402493104265517
  0.20555887426789754  0.21672594873860146  0.22763255354352591  0.23850341238006811
  0.24969618272685820  0.26222013674906686  0.27374035447859901  0.28315349756474489
  0.29230844675038475  0.30189742550838289  0.31211176517986289  0.32202305804791104
  0.33101918021899679  0.34247686091281287  0.35401359529737819  0.36513907340461255
  0.37657143202446863  0.38841020139776233  0.40043249485623567  0.41170676844877024
  0.42172620147237899  0.43126672921653003  0.44063720235854242  0.44955447838397378
  0.45822127104870597  0.46748342702726720  0.47707682595401224  0.48687171675641250
  0.49713527160547744  0.50732619973966764  0.51854550928949739  0.53049261991766394
  0.54296614553239553  0.55571486786752267  0.56814898663168156  0.58035563081954622
  0.59237767680864961  0.60426032081601544  0.61627004481139869  0.62837835285540988
  0.64037129675095805  0.65148467987216352  0.66196745615555408  0.67160486697622646
  0.68030402338354679  0.68871120188281765  0.69757720690450509  0.70714326291753893
  0.71755351959374503  0.72849582818795544  0.74021100008321694  0.75215677262620451
  0.76345980323870632  0.77439808712911273  0.78568064691073536  0.79798599351034405
  0.81028439519533402  0.82119057359485381  0.83163795679401442  0.84149791192142476
  0.85118013803976222  0.86030559563294673  0.86858917201511632  0.87708328548586001
  0.88587036369598959  0.89434833008413006  0.90395163885401175  0.91313692826776216
  0.92412483328497386  0.93679663305632133  0.94723911178387943  0.95814325587280225
  0.96875528827881585  0.97933742997446627  0.98967422660544946  1.00000000000000000
   60.590964064166450       -1.0000000000000000     
 F F F F F F F F F F F F F F F F F F F F F F F F F F F F F F F F F F F F F F F F F F F F F F F F F F F F F F F F F F F F F F F F F F F F F F F F F F F F F F F F F F F F F F F F F F F F F F F F F F F F F F F F F F F F F F F F F F F F F F F F F F F F F F F F
  <DiscreteSampler_grid>
  grouped_processes
  1 # 1 for a reference and 2 for a running grid.
  10 # Attribute 'min_bin_probing_points' of the grid.
  1 # Attribute 'grid_mode' of the grid. 1=='default',2=='initialization'
  0.0000000000000000 # Attribute 'small_contrib_threshold' of the grid.
  0.5000000000000000 # Attribute 'damping_power' of the grid.
 # binID   n_entries weight   weight_sqr   abs_weight
    10   10   1.697844584696851E+013   5.375645092178016E+026   1.697844584696851E+013
  </DiscreteSampler_grid>
