 -0.00253488250505836  0.00984087939668766  0.02003199719404001  0.03057053514933978
  0.04135811331700714  0.05218192838180015  0.06322893040334085  0.07418717080798676
  0.08523239629199805  0.09595140632740283  0.10623632039451908  0.11627279594713760
  0.12664327790869412  0.13735739720280732  0.14812689700416024  0.15856751350352999
  0.16957623408850045  0.18144014881888967  0.19226033070032891  0.20285011853512186
  0.21389645640877250  0.22506452629883569  0.23570372503241677  0.24581633143069903
  0.25573076602619083  0.26540849589444582  0.27502734901099685  0.28462965815640351
  0.29487704906830037  0.30584854531516309  0.31696739790318967  0.32763575092895519
  0.33771656073244150  0.34754204022575197  0.35740918218709561  0.36769163725331050
  0.37854079796500067  0.38960145550356345  0.40075819802527063  0.41251137989682368
  0.42437250866593218  0.43579604089802354  0.44643372891046923  0.45698539507533603
  0.46749244001815438  0.47789890040937200  0.48829013127615800  0.49882686154089384
  0.50952426000394968  0.52020214778612273  0.53098321235893098  0.54174862295656812
  0.55213342363491957  0.56258936461248821  0.57333388126489770  0.58376005552528876
  0.59324787196963724  0.60232065490693854  0.61171334671190247  0.62167825415648570
  0.63160898478289751  0.64136979858689458  0.65119902414303732  0.66098953158953100
  0.66984513528843559  0.67868858667519316  0.68758860970753699  0.69758865602807929
  0.70776875496019021  0.71780820084084307  0.72781546023514365  0.73791010966206572
  0.74826933899502035  0.75900247378844810  0.77037864470982853  0.78151410436518876
  0.79283841758207418  0.80487466978519251  0.81614795599930257  0.82682559705524450
  0.83715128561296503  0.84771750811939661  0.85796553482041049  0.86850915633412207
  0.87910644203419952  0.88927661936259594  0.89900774547293727  0.90840856510037271
  0.91813691722743018  0.92822542451426115  0.93838004990333557  0.95043245694800227
  0.96283440090700800  0.97567177866156474  0.98802285328948880  1.00000000000000000
 -0.00157843391138380  0.00789266268068506  0.01702490239068664  0.02603468611042972
  0.03520035569885070  0.04444266654421835  0.05396168966139483  0.06402388846460522
  0.07500132073605249  0.08583245041639295  0.09638870908386361  0.10671781241650259
  0.11785125034030346  0.12871374921958642  0.13938934797080441  0.14948688241566660
  0.15975835519413931  0.17038082753648129  0.18090662971747529  0.19115202129306733
  0.20113503488060921  0.21106337649301690  0.22098495425762263  0.23050465786268268
  0.23940729316295992  0.24829889645049827  0.25750337477721097  0.26628909123393518
  0.27488848849283859  0.28361122731180427  0.29330057767095402  0.30395612745513700
  0.31496923742380978  0.32589723460645326  0.33689244168953592  0.34777563201751971
  0.35796074030941338  0.36756674910357134  0.37706477758370471  0.38669464318394353
  0.39647439035083010  0.40616752307636039  0.41584844978013935  0.42596414737651084
  0.43691549463292068  0.44837058392921736  0.45945746931449233  0.46991797775319072
  0.48026317031654253  0.49078671472182450  0.50110692419991487  0.51105099589051362
  0.52096200639312584  0.53146264568073487  0.54260587865712162  0.55445496851892917
  0.56545860556166783  0.57540622915765471  0.58478544387450437  0.59406031338352705
  0.60361815497168436  0.61355929283994837  0.62433677742702909  0.63494233206017836
  0.64497793365817002  0.65466260611561644  0.66442063108956562  0.67478747945527229
  0.68606290554239446  0.69812776540467214  0.71002888707403822  0.72068783081698473
  0.73115546360228223  0.74258932147316425  0.75507952085413255  0.76800428846923174
  0.77948477450979958  0.78944526067741672  0.79929129355556916  0.80938344981395371
  0.82015353192434448  0.83072915561774352  0.84122362373600723  0.85262605919109746
  0.86522993926550984  0.87818639098515561  0.89046029598222098  0.90174537860090742
  0.91238057146996454  0.92315777795598997  0.93353518905884403  0.94424404704814691
  0.95586548905736823  0.96906854940821552  0.98406435944917403  1.00000000000000000
 -0.00834059450590943  0.00283809530028651  0.01703567224389784  0.04176278994432125
  0.06666771278591585  0.09180969817559639  0.11445070079816898  0.13582586395239923
  0.15682333667523132  0.17785093921736295  0.19901122754359454  0.22076972604864917
  0.24287064191964639  0.26554659410605846  0.28819750155387114  0.31070054158052995
  0.33309019616031654  0.35539088984879363  0.37790988551221838  0.40044393093574182
  0.42292627021417611  0.44549033492688811  0.46811729508948552  0.49022579465169513
  0.51222524165715944  0.53400091228468427  0.55667876037824271  0.58110641478736313
  0.60593687256422446  0.63108861801735039  0.65095119868840368  0.66842305690085069
  0.68218493462134999  0.68952085087324233  0.69106566052740714  0.69356500048022429
  0.69820072021686863  0.70293151399282305  0.70770787134089896  0.71257664811986110
  0.71737800455099532  0.72216064434343008  0.72703774366774565  0.73187649258590470
  0.73666806130830109  0.74148742853283500  0.74636140208280877  0.75119895446638174
  0.75605113944569136  0.76095634409058632  0.76588228010786530  0.77085977972904096
  0.77582050341690245  0.78073144096446312  0.78567694895113982  0.79060990372718876
  0.79550586131306200  0.80040107181408227  0.80529877047106291  0.81027483337420492
  0.81524705337023551  0.82026445719981544  0.82539486892447644  0.83049977501394556
  0.83557436351452530  0.84066468019768048  0.84569088057156105  0.85072214133764956
  0.85581111940772392  0.86102344115664531  0.86633923639942600  0.87167971992567872
  0.87699198712864324  0.88226815905578226  0.88752806395796724  0.89275331692354409
  0.89800425335881229  0.90323071719895764  0.90841710153351574  0.91365332220390971
  0.91900397653720156  0.92434640193274509  0.92962017697583199  0.93485283502475913
  0.94025122382787030  0.94576078525972895  0.95122231321695727  0.95662210929146385
  0.96199935003551507  0.96745068895921105  0.97290672663829780  0.97836551905658342
  0.98375823587158129  0.98914221692376381  0.99454976261434258  1.00000000000000000
 -0.00224002688193864  0.00862361630334688  0.01749860948345833  0.02734167715211543
  0.03682206045698510  0.04708371682934009  0.05799331402263003  0.06895699946399382
  0.07988059921017729  0.09089031715944036  0.10082758533084954  0.11166607964984787
  0.12121729281976104  0.13131081002636727  0.14156118703627207  0.15196236864067386
  0.16260133658573286  0.17366628246761814  0.18442953566409101  0.19645049697359404
  0.20854167189427636  0.21915948417509779  0.22960807917853038  0.24010671056661434
  0.25043034210561305  0.26055566203460795  0.27148778461362577  0.28386493145205938
  0.29623209396966144  0.30755393840252992  0.31809906168319591  0.32833969976172345
  0.33836425478968135  0.34831334677066755  0.35820996481878309  0.36798803096422350
  0.37786935745570288  0.38729953429299302  0.39673264677450570  0.40616056457061855
  0.41640100788947293  0.42740856926326465  0.43782405942225378  0.44799633864062943
  0.45808899180964796  0.46792476944822747  0.47752723817470233  0.48747792962562897
  0.49715122220432928  0.50751953472743994  0.51809570229349355  0.52966590315010420
  0.54117498020986599  0.55171205346096319  0.56135178211173364  0.57066353117766810
  0.57973719368662513  0.58911337009639975  0.59883673201234011  0.60934262503979308
  0.62094008753775443  0.63291165461405618  0.64469826624084980  0.65553986723475111
  0.66648039299788320  0.67766898035502443  0.68899684431726449  0.69909757992498212
  0.70940543153719682  0.72056045175378858  0.73212582936571213  0.74341598581729951
  0.75487626264807262  0.76607872230065999  0.77725018467345020  0.78813909587562625
  0.79877454821021487  0.80928705642937149  0.82013309066816986  0.83099747155843551
  0.84115271238247991  0.85106563591242357  0.86129209859909217  0.87178940972827634
  0.88204458449795131  0.89157935549895939  0.90132121731624004  0.91182021037285299
  0.92249886159713468  0.93317158457047389  0.94394503492710979  0.95532442167939757
  0.96605269914852743  0.97685077195041914  0.98836808341336302  1.00000000000000000
 -0.00231384189018869  0.00867884940263138  0.01789610608211427  0.02801110880774575
  0.03770639398891769  0.04750395503805421  0.05772680868415792  0.06848996868480418
  0.07930472820096132  0.09065703142588152  0.10245565026481539  0.11276677355039397
  0.12313967771727249  0.13387476278335605  0.14426851055518919  0.15454478350993833
  0.16435635605289386  0.17437772512886607  0.18450877155121093  0.19503145612784598
  0.20582972877431807  0.21624855104186361  0.22703581232068820  0.23811246008584841
  0.25013140915437387  0.26128157609759889  0.27217438929516041  0.28255804247140176
  0.29273601433849300  0.30266158195098314  0.31262525218493764  0.32250198190519891
  0.33237852664907208  0.34243892200086007  0.35285854375095355  0.36427845869957109
  0.37645245959591622  0.38917949088248077  0.40070124295134296  0.41089373832126291
  0.42064050581379897  0.43053620008315496  0.44031716267819082  0.45081762128143366
  0.46160057824768091  0.47127282612074978  0.48089434499201744  0.49080804498986258
  0.50138978851802640  0.51138299880403493  0.52104493156918463  0.53225854723311783
  0.54415550596116291  0.55547964586095033  0.56640908580021287  0.57717449004151300
  0.58782098914402303  0.59864862205970204  0.60893101401596517  0.61903783357286646
  0.62906518361030184  0.63954049392205703  0.65026880787175989  0.66029206196922929
  0.67007662486403508  0.67974510183846426  0.68947388194483339  0.69897759848226737
  0.70878157823807719  0.71951192415065746  0.73030462342425317  0.74018739408504997
  0.75073541962656765  0.76220284152889883  0.77336492536704049  0.78355674700098521
  0.79343621966852473  0.80381239700847928  0.81416781100994873  0.82435017484713191
  0.83482877759778484  0.84629149613692567  0.85831170887906183  0.87063500109775616
  0.88230631102007318  0.89342085417219819  0.90416369586562229  0.91444558046834112
  0.92439002848308749  0.93472216247221773  0.94529189528224589  0.95639898207936469
  0.96738365411275917  0.97816695507810181  0.98898368577752094  1.00000000000000000
 -0.00200664185644041  0.00892259544751433  0.01866282442468516  0.02852229655433436
  0.03848038051124378  0.04825428646661210  0.05781986916269921  0.06768218000551179
  0.07775013467504388  0.08807231122833090  0.09792236860674516  0.10699558211023957
  0.11590079539205651  0.12509955787336954  0.13448800866403934  0.14382977304763356
  0.15348109215188818  0.16268688852197039  0.17238397506537290  0.18262834535734004
  0.19317826515612596  0.20387767955034830  0.21483370672469668  0.22586439349517443
  0.23676524926950515  0.24793577901301528  0.26008751589849116  0.27265429107254058
  0.28443008356473309  0.29510787166760349  0.30507769877724306  0.31503359382737656
  0.32490797991896553  0.33580873708260078  0.34718734865679951  0.35851111727772078
  0.36961446162081263  0.38051258218849049  0.39125096661587294  0.40140420027871898
  0.41108381539698263  0.42048767962858524  0.43006785181595669  0.44018866353246827
  0.45092301201332158  0.46113033983882379  0.47038992395303997  0.47966353969202119
  0.48957410331085049  0.50029095700560633  0.51202366256333265  0.52482451401361074
  0.53878184056418010  0.55276851722942699  0.56526730201369590  0.57606835558822023
  0.58598327104496728  0.59547256602835363  0.60476757934903969  0.61388691290913788
  0.62291168308463551  0.63203127594334607  0.64154251971337906  0.65149630879563480
  0.66143827937599975  0.67069400841700966  0.67936026604246846  0.68840495883708330
  0.69817554629079837  0.70866984286758783  0.71944630170062340  0.73017559991213854
  0.74138771398555181  0.75291716250542107  0.76440499973694465  0.77573991677336462
  0.78660941774045201  0.79772207187942490  0.80992634464123647  0.82318393108369314
  0.83751117602366554  0.85157443832808566  0.86473479856694868  0.87620876234570233
  0.88685097839078986  0.89754385597089625  0.90824984633971118  0.91863095941213990
  0.92836585251891013  0.93848356286252077  0.94929295690403381  0.95975408321494970
  0.96971772483379204  0.97987270717569119  0.98993725287020118  1.00000000000000000
 -0.00259795675950600  0.01014420202500101  0.02093497915577172  0.03156086020376601
  0.04163763228826058  0.05204766586862287  0.06274652939618416  0.07392702525091344
  0.08535724492030151  0.09676069573898650  0.10824226254573259  0.11999508364264232
  0.13206064269522241  0.14423624971322344  0.15596146170243871  0.16731136723983558
  0.17780944871226825  0.18793889839228328  0.19761397726572497  0.20693156828773038
  0.21618518959432464  0.22598444721260819  0.23639895156422963  0.24656860697631580
  0.25606398640086908  0.26502549725745783  0.27460693018327731  0.28490225440124495
  0.29585001850500470  0.30700363226371236  0.31877250556324305  0.33035271130699889
  0.34071532455578218  0.35021718546634095  0.35984451404131101  0.36953140613575436
  0.37894068542281295  0.38865592690619466  0.39852567780139980  0.40907401605952060
  0.42005956324505717  0.43089942899605777  0.44141915147153515  0.45118617923440080
  0.46113110248091249  0.47152784870799058  0.48222511973078108  0.49283439074383067
  0.50313134663834125  0.51345932996373722  0.52423681292611912  0.53568391747475530
  0.54701363377947121  0.55788992553140171  0.56930751024721660  0.58149500967184831
  0.59329694484840956  0.60457076721765102  0.61514976646000985  0.62566637159993033
  0.63564835606892867  0.64537754846553630  0.65515561774220932  0.66570463759993848
  0.67661881674441848  0.68743401192285836  0.69892752932587832  0.71046576643600556
  0.72240827954155828  0.73380714232890232  0.74520539557916676  0.75542242138640014
  0.76510354480703691  0.77443640622343424  0.78440987804609830  0.79487984501570008
  0.80508566281674931  0.81522113751285852  0.82502079762004554  0.83482346141571728
  0.84437853771686744  0.85443183233821540  0.86507687039354275  0.87582428482099894
  0.88626393731536535  0.89572576536310888  0.90547797373000360  0.91474796111274770
  0.92497447051363457  0.93476094815930233  0.94617817462737108  0.95777269356003714
  0.96857958724332571  0.97924895032933557  0.98954688880366770  1.00000000000000000
 -0.00281598366373169  0.01071541361772591  0.02174677509537744  0.03256041271461615
  0.04404878512684932  0.05660781901969980  0.06839015456583464  0.08011945896734611
  0.09063529474583157  0.10102309708341538  0.11062799662799859  0.11980316007450738
  0.12927372173640747  0.13928415837309857  0.15008890700493349  0.16144430104882576
  0.17236673403561334  0.18347097964590806  0.19395117108317872  0.20393472077962016
  0.21361767478031896  0.22322584168805404  0.23294549643079882  0.24308480034275104
  0.25498804889416843  0.26771953976552931  0.27988665291718273  0.29144607015363316
  0.30289409693427910  0.31381291455223359  0.32375036143344682  0.33346749887025601
  0.34372673804124626  0.35413721768036543  0.36409261004349608  0.37408801801743802
  0.38503641546054451  0.39675945024726300  0.40877586578025499  0.42100554214691410
  0.43330154991357700  0.44546177825646044  0.45685384130275508  0.46794250472491805
  0.47835275704200664  0.48779960474194578  0.49677706302623081  0.50589916861167950
  0.51536845246453655  0.52524137347626132  0.53514001790509191  0.54488847860189327
  0.55496643971130943  0.56530719889861403  0.57596382864131912  0.58688904067536030
  0.59804160075615520  0.60962643146174444  0.62108956143316851  0.63224039789215147
  0.64366656399188682  0.65461214800392165  0.66560601683721043  0.67665572391163475
  0.68746526668570052  0.69755531012343752  0.70716883159650157  0.71699191073424662
  0.72785326493573721  0.73915568258987918  0.75140026626992995  0.76234330666618044
  0.77361437484856510  0.78520346440075006  0.79620195582718811  0.80664256254486477
  0.81643065940987269  0.82626566524148370  0.83629937151977984  0.84660633048399214
  0.85628257909243011  0.86596351809886885  0.87554732110406686  0.88520907266033455
  0.89493415815123878  0.90517743796746464  0.91559886104669319  0.92549881499982822
  0.93515785692085995  0.94505665396707250  0.95503159985235797  0.96417417539504247
  0.97284023255932539  0.98189040836940378  0.99091653707002780  1.00000000000000000
   61.195616298033286       -1.0000000000000000     
 F F F F F F F F F F F F F F F F F F F F F F F F F F F F F F F F F F F F F F F F F F F F F F F F F F F F F F F F F F F F F F F F F F F F F F F F F F F F F F F F F F F F F F F F F F F F F F F F F F F F F F F F F F F F F F F F F F F F F F F F F F F F F F F F
  <DiscreteSampler_grid>
  grouped_processes
  1 # 1 for a reference and 2 for a running grid.
  10 # Attribute 'min_bin_probing_points' of the grid.
  1 # Attribute 'grid_mode' of the grid. 1=='default',2=='initialization'
  0.0000000000000000 # Attribute 'small_contrib_threshold' of the grid.
  0.5000000000000000 # Attribute 'damping_power' of the grid.
 # binID   n_entries weight   weight_sqr   abs_weight
    10   10   4.705442598132977E+013   5.463085606191365E+027   4.705442598132977E+013
  </DiscreteSampler_grid>
