 -0.00223146165053564  0.00924715642532898  0.01886530730427917  0.02882658430336250
  0.03868991585827469  0.04840442963363970  0.05814243296478802  0.06807443247122820
  0.07792725864023266  0.08780283747405510  0.09784742819914134  0.10763358383429708
  0.11695900359842848  0.12617130025311404  0.13559630481617568  0.14487179417905516
  0.15426694126970933  0.16393326332276137  0.17408241623476250  0.18450740090381615
  0.19500881835011746  0.20555618258418579  0.21599621135716263  0.22645447465625301
  0.23718434536363536  0.24804659769585530  0.25938256023931788  0.27138063383553679
  0.28173429057246985  0.29265790276271514  0.30354250585090814  0.31417800397176016
  0.32397912705462961  0.33409201012232076  0.34438717156006254  0.35428094068814864
  0.36394048656521755  0.37386203956499814  0.38471150547527261  0.39597905144192758
  0.40694876498368820  0.41774746647105609  0.42856196866445839  0.43913386264921850
  0.44956433622794922  0.45998257312066115  0.46969212063499677  0.47912872855288696
  0.48836695407301012  0.49784538753851171  0.50823226498047525  0.51871852150503961
  0.52927976185649572  0.53977036824534708  0.55012634671782301  0.56008535381589464
  0.56993316505259684  0.57951978527375347  0.59115400789350925  0.60421458404929873
  0.61761706116743020  0.63131153985126431  0.64434155485747202  0.65647459480458681
  0.66799661738779081  0.67943257500567655  0.69047284595133229  0.70188071135280816
  0.71311204383123428  0.72423031802483717  0.73455762203479580  0.74482117135729109
  0.75544446149184885  0.76636447056683787  0.77719964382532147  0.78771270914301850
  0.79786272152275206  0.80796001669552353  0.81814906951928879  0.82896217786113868
  0.83996960475977223  0.85062271816725021  0.86063795834351720  0.86999120063765290
  0.88037479330278379  0.89057250426636647  0.90093794787854609  0.91107365201736656
  0.92139265891963518  0.93226373624707204  0.94301872611707149  0.95376760580392161
  0.96465556908827621  0.97582285457240436  0.98767915154839547  1.00000000000000000
 -0.00078975214393154  0.00743508375358572  0.01548435074031928  0.02396129974933030
  0.03295926106280786  0.04232314022706563  0.05165603989320297  0.06111804918884400
  0.07066637972433226  0.08004643336714226  0.08909909333004480  0.09795945335874909
  0.10701332886108528  0.11619171722168514  0.12542525494970072  0.13487395058624341
  0.14480970780063257  0.15552860898586199  0.16691552992844122  0.17794355445894280
  0.18865442421974801  0.20043392841556543  0.21190870210607021  0.22330359611922815
  0.23456021404753508  0.24511571409375488  0.25569033853864498  0.26605947257669277
  0.27604712389188257  0.28540799807100364  0.29452887710703524  0.30374532205727145
  0.31317012244639186  0.32366183663081860  0.33506980840486711  0.34757181565854983
  0.35941029030636806  0.37059028379246239  0.38057231125137186  0.39023434437934734
  0.40015161721521253  0.41001405866801238  0.42001514644541665  0.42980685759590320
  0.43954037576665467  0.44948797371441601  0.45909349888622941  0.46804498402383549
  0.47696548561200353  0.48600779854701082  0.49510184259410139  0.50491411701876965
  0.51517904641367585  0.52674274612788829  0.53923296758693406  0.55146152686785799
  0.56348224052535445  0.57479496235253602  0.58547024176000062  0.59597484427155800
  0.60645520916740281  0.61695381099551938  0.62729722172498881  0.63751203012109003
  0.64825699101843237  0.65966434323752254  0.67127158061809389  0.68284376576257266
  0.69404275180183639  0.70498397962683135  0.71583730488154806  0.72676587942716386
  0.73773227909590089  0.74865828630804843  0.75962390052806128  0.77137887754889556
  0.78355785275161260  0.79568605524485858  0.80641036336758609  0.81733581891249885
  0.82908285863045172  0.83922369806670338  0.84854743397193277  0.85783261229545615
  0.86750293651955401  0.87759170700088551  0.88810305556979885  0.89889710709690507
  0.91004441131666713  0.92124691829490424  0.93247416506382053  0.94363329587533029
  0.95508797663736222  0.96818179002143401  0.98341937946277280  1.00000000000000000
 -0.00910587836422820 -0.00453471622689851  0.00003644591043117  0.02151947963818385
  0.04444584137672780  0.06988368078481449  0.09511085479001175  0.11795913541147109
  0.13988188261671194  0.16064578193082629  0.18180239916852137  0.20302660483330179
  0.22416625888469199  0.24613501245726654  0.26877551060317906  0.29143347524108359
  0.31416661072268165  0.33723243909681933  0.36024920171102648  0.38322102062828922
  0.40578096335689701  0.42829367993627099  0.45091955909062903  0.47365225446981513
  0.49650762191344211  0.51933852141643666  0.54231979747146630  0.56660158576458008
  0.59117424184401601  0.61620555329525817  0.64202464489734068  0.66766729349761555
  0.67632862812310124  0.68659120646259619  0.69039939019996288  0.69211751699889978
  0.69608624142118480  0.70110674786775939  0.70598318023180251  0.71080120066743702
  0.71562572068950048  0.72044166738178705  0.72528280786565824  0.73012779711233555
  0.73486263499089932  0.73961689743086589  0.74450804348358735  0.74948350400571317
  0.75439314907869293  0.75921724711129568  0.76401563187070043  0.76886822048480719
  0.77376474247050053  0.77869214215539273  0.78363876107383357  0.78858095291024988
  0.79355614779307726  0.79855705794346588  0.80359063058957114  0.80862436567206342
  0.81368153614634564  0.81876233548191557  0.82383453682946561  0.82895803232826992
  0.83416474171839161  0.83934796408160761  0.84453636637608676  0.84976220035570793
  0.85501548306958375  0.86026912359323870  0.86553514104329377  0.87081518667135638
  0.87609149224653959  0.88133857175844599  0.88659949567574758  0.89188732796825954
  0.89716568146645315  0.90242938278391671  0.90768296084421274  0.91288613738660473
  0.91818342969587896  0.92359680016720280  0.92903669541816758  0.93447966872141230
  0.93994466613611005  0.94538323099251587  0.95084521427463842  0.95631676537972210
  0.96176719634837882  0.96723841779965358  0.97270624226065172  0.97811780182208308
  0.98352775414386884  0.98899740104495149  0.99450960691865331  1.00000000000000000
 -0.00245199864857001  0.00978237474014303  0.02013116497044124  0.03047392089250056
  0.04055622227127122  0.05271718437215821  0.06458702026196239  0.07636703194000558
  0.08717745367504548  0.09700000473002363  0.10636282501535077  0.11574373032601259
  0.12499813759489709  0.13403975410741423  0.14268426234563381  0.15271171290418215
  0.16357959456478047  0.17412968964116307  0.18439425945024740  0.19522433523921098
  0.20738539254646607  0.21957515959358323  0.23129686025717539  0.24242822590721122
  0.25355600044567095  0.26435074000066294  0.27481328379639558  0.28464030789031941
  0.29534571465158405  0.30670457852166400  0.31753827296580345  0.32785263757836219
  0.33854617401728959  0.35002348502590014  0.36133834192058029  0.37091362691368662
  0.38068537934024638  0.39067583389490412  0.40068686564655931  0.41063243836295715
  0.42157410221861707  0.43309772856102302  0.44447427281842489  0.45601979021297206
  0.46766281999360082  0.47936540146599821  0.49094641570362718  0.50183826025180311
  0.51198015544769826  0.52225181397545883  0.53300723490950008  0.54386805770867419
  0.55469574101485908  0.56549992332740417  0.57641946992044968  0.58691338966550188
  0.59653167310737243  0.60559013928598771  0.61464963042318255  0.62436081287766310
  0.63461621162569637  0.64466105494274561  0.65537159564617187  0.66612635603186043
  0.67692391772173588  0.68751452373431132  0.69826639872580276  0.70858351952211551
  0.71859891733102277  0.72864356360819427  0.73954703012475942  0.75021213504846518
  0.76086457983008637  0.77125784695016031  0.78199558391075474  0.79264629060106528
  0.80328602555964090  0.81371947585240212  0.82402316388734564  0.83466980756217557
  0.84582568576229444  0.85766212570738742  0.86947781039834449  0.88051803462299294
  0.89101442700042388  0.90151171034458066  0.91146934544646441  0.92141207751123066
  0.93120912717616955  0.94095010139506308  0.95048003013863214  0.96011132444117153
  0.97018243513765900  0.98044148169988665  0.99020786795104332  1.00000000000000000
 -0.00342223385990171  0.01281189731456774  0.02506714832032216  0.03660283819070492
  0.04843932334513851  0.06094009484465808  0.07271992294564614  0.08395814418032195
  0.09511936075719317  0.10540202715922800  0.11478452762672035  0.12461191489736086
  0.13533150507895234  0.14645034794168657  0.15683731664184011  0.16734623393738862
  0.17878392547990660  0.19012019280203202  0.20107461679447708  0.21149235402183147
  0.22163142084995335  0.23195929028380025  0.24273539698159041  0.25385878964668795
  0.26455000423057123  0.27491208916787441  0.28535563011111115  0.29624996493613331
  0.30769795184383447  0.31953121403858925  0.33155301271110510  0.34378663814704574
  0.35610328077799597  0.36828223979358693  0.38028765746571841  0.39207846890596942
  0.40376639132253428  0.41508547531565920  0.42627438288200398  0.43795090575441004
  0.44952453320444774  0.46037823292810098  0.46966015327448801  0.47893536706819262
  0.48879716618236679  0.49912422611448043  0.50876547454414367  0.51824640059762950
  0.52872939771511729  0.53989462715705150  0.55148053517991391  0.56282218974926268
  0.57382362491994232  0.58491020395426241  0.59440762939226521  0.60413118609467487
  0.61377855993756725  0.62381977077010708  0.63453227291592074  0.64448842996567313
  0.65500171450306599  0.66589988338135975  0.67688871180918275  0.68777244196184550
  0.69702846463171808  0.70600687484056812  0.71562269364763198  0.72552106893613066
  0.73597804464285621  0.74584045699593171  0.75557784092442415  0.76589870568908169
  0.77563126190095966  0.78530034641696811  0.79485410905378984  0.80446614519736148
  0.81420703967567543  0.82353729641537243  0.83251106491505888  0.84179127065951165
  0.85117825536057934  0.86061852527586324  0.87025277320609984  0.88009332876464186
  0.88982126014774254  0.89921966835816014  0.90861113082393519  0.91915727468017905
  0.93056083174214388  0.94140679612721490  0.95132390990055082  0.96106089307707288
  0.97066657720229521  0.98011940418286503  0.98994561902285283  1.00000000000000000
 -0.00273843437848682  0.00960059813039016  0.02173317246280062  0.03373150629790280
  0.04613528092473105  0.05744999052243460  0.06867108868874421  0.07940981258811579
  0.09025717472330977  0.10109507865105313  0.11252558231087471  0.12454075915445013
  0.13683942398518775  0.14909789836884169  0.16084684288782142  0.17170454738998331
  0.18206437868450359  0.19226472271240655  0.20246530578178584  0.21310287041790152
  0.22448964209867422  0.23576879492091918  0.24704854862740827  0.25770889659618390
  0.26804526347824364  0.27906297205567399  0.28981383617700207  0.30002701520362446
  0.30990398157267179  0.32060221995553639  0.33210920932501031  0.34336643506626391
  0.35533915424817675  0.36776035763150078  0.37940700378188097  0.39009533167627020
  0.40060496483675051  0.41119676013419398  0.42147904016129262  0.43157232056718248
  0.44154795094460347  0.45115844689202711  0.46041746997083871  0.46986122137250158
  0.47994716415263039  0.49112838244552648  0.50230393708903287  0.51336466267199332
  0.52500179816494996  0.53675280535458636  0.54808114485169634  0.55907699682265022
  0.57001802108560473  0.58056793556322694  0.59044432089248000  0.60022481400699790
  0.61023199334921097  0.62052394905537267  0.63092422732340048  0.64128536138175374
  0.65197148560888296  0.66330204215313526  0.67461347839283048  0.68611467619563093
  0.69678274655570649  0.70674823342785731  0.71587822248587574  0.72472338401655934
  0.73324025923448577  0.74119595492794921  0.74926816148666686  0.75837785100117960
  0.76740302972073116  0.77617450587173187  0.78511349743976933  0.79438178149729655
  0.80417501188766061  0.81397648866759442  0.82332687937971294  0.83297737673725658
  0.84349085484782005  0.85403174737243093  0.86444839412647889  0.87457408968339967
  0.88490409684551852  0.89516660869726239  0.90482878137608946  0.91461822424061634
  0.92405078585875433  0.93296072638705452  0.94250948131521617  0.95190109113407584
  0.96211117870675167  0.97298064428128139  0.98541738065339468  1.00000000000000000
 -0.00240735677456444  0.00930017461344658  0.01961957723711787  0.03042765851042126
  0.04171183496086543  0.05278314356346075  0.06404018023349962  0.07571005097125912
  0.08698263208165841  0.09762071072625975  0.10823880985223944  0.11898502655519490
  0.13007057576945741  0.14122628314604058  0.15251129779935230  0.16405456790099318
  0.17597141838658945  0.18810641394972857  0.20002768031172508  0.21180780621639661
  0.22373875853673766  0.23577571361413524  0.24740627375714286  0.25807119641421800
  0.26808140596935798  0.27759539203754746  0.28680549464555044  0.29622669002938334
  0.30585792379072391  0.31567808138548159  0.32554667209047811  0.33511787375007335
  0.34407547250614734  0.35301884852412629  0.36186258949837374  0.37097826185387739
  0.37981419827775037  0.38860565637317074  0.39772870739407901  0.40751418747905932
  0.41749282486056183  0.42828147937427519  0.43982170297569256  0.45170878048219032
  0.46230820954692203  0.47126538862966799  0.47995970164631463  0.48830587315000779
  0.49682819410480683  0.50613268119960431  0.51602235607735458  0.52676518535157746
  0.54002000856667898  0.55219588053321156  0.56443947991064680  0.57649043647022169
  0.58875226079190224  0.60090340197941372  0.61236935679507698  0.62356754859542440
  0.63443032058989268  0.64516413615245016  0.65546151224714833  0.66557337780629022
  0.67621173074095620  0.68687797920542071  0.69713739370339989  0.70742364445993267
  0.71834516860509356  0.73025677144254986  0.74219319579415655  0.75367581510927573
  0.76440400027255928  0.77466141179439196  0.78449285092056498  0.79423384964473354
  0.80423425145218119  0.81457340845057880  0.82541808480413970  0.83666356244924811
  0.84815726490819687  0.85988107457201757  0.87113149730834993  0.88196091580491498
  0.89240904718320968  0.90313145648682924  0.91343127898277032  0.92297667980506970
  0.93208101415692790  0.94128934461604918  0.95059694366403380  0.95969140903644146
  0.96965422511872401  0.97905069968272196  0.98966667720074153  1.00000000000000000
 -0.00212373192625928  0.00805108720120274  0.01700248333156440  0.02693801401659099
  0.03670393644777551  0.04625906295224912  0.05587643638572593  0.06576693208222667
  0.07623404445475548  0.08685433253563896  0.09789970804175446  0.10912168777099844
  0.12070872713207643  0.13335930124997911  0.14666206421749475  0.15837829587145408
  0.16997139171582804  0.18151669531440470  0.19268951657784830  0.20274850301338784
  0.21329269730502409  0.22470845960463370  0.23561381660634231  0.24617648576778686
  0.25699976485249548  0.26765623325985455  0.27847678474730575  0.28967610158358426
  0.30039714217027252  0.31075499932885653  0.32048240597770317  0.33032610905485321
  0.34054302098447031  0.35105114233255397  0.36178957489274405  0.37285349351404529
  0.38345258507704977  0.39383605418466489  0.40438148877889052  0.41449516757000882
  0.42460482570087893  0.43444091203039187  0.44456769347476122  0.45457115675805754
  0.46488507680822649  0.47543496711647321  0.48491057252239800  0.49421241776034169
  0.50424881313105741  0.51508905669097971  0.52577201258806272  0.53597488882764843
  0.54577412398846403  0.55555812838643426  0.56560792935578519  0.57556704116355628
  0.58560464928171663  0.59555225325980277  0.60622110117484695  0.61831134642901864
  0.63152831600623704  0.64480352815721398  0.65688012456497358  0.66807801789550292
  0.67919561943249451  0.68987409718930348  0.69987964445567108  0.70968259084064733
  0.71939993653548640  0.72884777678893686  0.73839879593488555  0.74814366910011820
  0.75872533097985551  0.76935805358446585  0.78030236118324459  0.79113703549419145
  0.80160517781237184  0.81154825426461663  0.82101782947152147  0.83090238329258481
  0.84077027537702009  0.85053700430092416  0.86033408149709389  0.87067253917611742
  0.88113613894084952  0.89217989903204886  0.90276891875308163  0.91319893032217103
  0.92326944193675997  0.93294203919299845  0.94265842646232068  0.95251570482562453
  0.96279397762776875  0.97444899734617207  0.98646284181290012  1.00000000000000000
   60.615838199637857       -1.0000000000000000     
 F F F F F F F F F F F F F F F F F F F F F F F F F F F F F F F F F F F F F F F F F F F F F F F F F F F F F F F F F F F F F F F F F F F F F F F F F F F F F F F F F F F F F F F F F F F F F F F F F F F F F F F F F F F F F F F F F F F F F F F F F F F F F F F F
  <DiscreteSampler_grid>
  grouped_processes
  1 # 1 for a reference and 2 for a running grid.
  10 # Attribute 'min_bin_probing_points' of the grid.
  1 # Attribute 'grid_mode' of the grid. 1=='default',2=='initialization'
  0.0000000000000000 # Attribute 'small_contrib_threshold' of the grid.
  0.5000000000000000 # Attribute 'damping_power' of the grid.
 # binID   n_entries weight   weight_sqr   abs_weight
    10   10   1.144359172150340E+013   2.506066118003404E+026   1.144359172150340E+013
  </DiscreteSampler_grid>
