 -0.00195056339500603  0.00857773303617261  0.01728927684472071  0.02781545104809276
  0.03881141352782208  0.05134671650730054  0.06457176135636962  0.07735200888566957
  0.08889294774033138  0.09918183621941955  0.10979781562884677  0.12098990028593987
  0.13116609867142323  0.14074544363301617  0.15085894066434055  0.16111363383498262
  0.17094807187956071  0.18023100807030829  0.19018983483211963  0.20260072417414274
  0.21522219934467060  0.22767150189539656  0.23952967845944037  0.25058906939285486
  0.26094414360241525  0.27158230571762609  0.28322187669516308  0.29465575392703047
  0.30571679040243510  0.31636998334496363  0.32707067924687144  0.33786953646981988
  0.34832493180651053  0.35880702778025975  0.36912057364812867  0.37988316815907114
  0.39086183429413263  0.40157044066180758  0.41233062988943286  0.42255568256790360
  0.43196664920328376  0.44095364109130947  0.45000617908321816  0.45944698536485334
  0.46941453246344494  0.47998932452050130  0.49103760480647657  0.50116425626322503
  0.51047336130622489  0.51981825300697582  0.52957427163231696  0.54021698834241838
  0.54983288569152344  0.55949260900843101  0.56937643364898738  0.58041491547160085
  0.59120186803776209  0.60221031249385604  0.61327149480071941  0.62444651022230924
  0.63530650452292448  0.64625981332508864  0.65775840330694690  0.66873372335061709
  0.67849411055686293  0.68789125823334252  0.69718912711449754  0.70678007680061772
  0.71599822389274248  0.72474204613041915  0.73433752912669803  0.74439309002245457
  0.75471574230377414  0.76550865714528693  0.77627239635698619  0.78687199052351320
  0.79762703020969161  0.80785367762123172  0.81858840563322155  0.82964482540885298
  0.84060511881731959  0.85043988339549736  0.86032248050151416  0.87022698575646207
  0.88144415180938562  0.89278492550427380  0.90449856360644720  0.91607010950162915
  0.92721566565734725  0.93850629849441469  0.94912314625818506  0.95929290427506508
  0.96855520878019763  0.97837702717884623  0.98874976856387264  1.00000000000000000
 -0.00056691417437796  0.00637301355191988  0.01309933693408905  0.02047253481263144
  0.02810744249116147  0.03521354683656680  0.04292069386774285  0.05147907529935194
  0.06074917473308174  0.07074080926539021  0.08126629850235885  0.09242234159546828
  0.10405339725310425  0.11566122436123377  0.12719664854666146  0.13925157708916414
  0.15029892759702457  0.16074035702993916  0.17116330274267136  0.18151103171060298
  0.19207629266690884  0.20318447140189311  0.21305486229636042  0.22341382945371158
  0.23284488604812970  0.24203869579891363  0.25097691832885954  0.26007440571530288
  0.26962754527794575  0.27860110720206488  0.28798724105317652  0.29759153906134761
  0.30753692726569209  0.31775252033263257  0.32776642461285116  0.33787352296017381
  0.34836678775626934  0.35878762561358685  0.36887699514453659  0.37890100267432519
  0.38908416358710712  0.40003405863011110  0.41165405380811698  0.42360133078404827
  0.43519649486697370  0.44594160933653398  0.45598530341502769  0.46566575951417494
  0.47542594181872877  0.48528516244128034  0.49495493469122853  0.50438320507700396
  0.51372138680688251  0.52331590585089738  0.53315727917553635  0.54343843036801021
  0.55483231858966076  0.56702231960368366  0.57954602159219981  0.59155096897452653
  0.60268869301834804  0.61300159549484234  0.62287927210322047  0.63284855794600392
  0.64306282775277823  0.65345408706533181  0.66373225381119128  0.67430136235186011
  0.68480838564294011  0.69478898244940879  0.70463094333030230  0.71474617041709920
  0.72520000849158928  0.73553680133450094  0.74577543838754035  0.75699542864731695
  0.76883423875018697  0.78043405834379920  0.79171849107099013  0.80207343282491494
  0.81286336018159633  0.82390082926469921  0.83483490604525501  0.84550484770608592
  0.85653129453545918  0.86944670065259144  0.88317445985655385  0.89722208376024482
  0.91045659564565218  0.92279280676209552  0.93483425109886609  0.94632266806650378
  0.95781793730882403  0.97012441157788798  0.98410432957284411  1.00000000000000000
 -0.00845952886186451  0.02075220904637110  0.04457944274238052  0.06858904357517066
  0.09208249879846868  0.11471387811811361  0.13533600275600624  0.15474097050740748
  0.17470452886666346  0.19456900347832415  0.21410871398701692  0.23545871636579446
  0.25790900020877916  0.28033610615627097  0.30279225341977378  0.32534383024504110
  0.34772138302882921  0.36995807709426920  0.39191157528000159  0.41380720452469516
  0.43569258622155155  0.45767980074439857  0.47986723772175532  0.50210032787621961
  0.52436428831586157  0.54666824765388822  0.56916068438865974  0.59382581903964471
  0.61887268263631523  0.64517763133316852  0.66498427588757891  0.67835313109323259
  0.68745094908529225  0.69049348029020963  0.69195465196611494  0.69635704173333368
  0.70111801228688875  0.70587930823648393  0.71059101634414923  0.71523339151357335
  0.71988798548934951  0.72464721972857993  0.72942959276579278  0.73419408707253453
  0.73894377367301423  0.74370669943263534  0.74853139202639796  0.75347111595300420
  0.75844622489518565  0.76338591323404759  0.76832664224298008  0.77329838125913231
  0.77821648019468703  0.78312590178974517  0.78803929898713865  0.79292195471868421
  0.79784681890788844  0.80284733399159258  0.80784479319809210  0.81287552038083921
  0.81793496948697508  0.82296361106524973  0.82793375391782942  0.83292875830372515
  0.83796233454395075  0.84302607317697342  0.84807931545981752  0.85311129720587542
  0.85824757196886325  0.86341532049553060  0.86852656009214924  0.87361170447750958
  0.87876833130824239  0.88402242745975113  0.88922285266786838  0.89431308536371723
  0.89942187300810605  0.90467915018316558  0.90992975158702205  0.91513533531377933
  0.92034507247219999  0.92562513652476841  0.93092516765525668  0.93618477698199543
  0.94144563940180781  0.94678183274886796  0.95216360401887834  0.95751469264943401
  0.96275421307749565  0.96794289883865614  0.97313706647944542  0.97835740566183238
  0.98360832208644855  0.98896728189388339  0.99445702474696618  1.00000000000000000
 -0.00320890273493953  0.01158181476464169  0.02313973693961439  0.03402173949472859
  0.04478272936726369  0.05607121147041032  0.06776356302473659  0.07961615754688707
  0.09133998145071437  0.10245868779666180  0.11298510346061827  0.12322462590359695
  0.13327679216089725  0.14351696282797280  0.15386579038394649  0.16430718224171267
  0.17477261537734454  0.18508287653354927  0.19538619579817634  0.20594449687490995
  0.21660575059025089  0.22769262736067641  0.23813245744305606  0.24792124961756787
  0.25761854910684528  0.26764279015365611  0.27842409768947973  0.28954675450845024
  0.30074101672525499  0.31174403110981247  0.32113692273679312  0.33007960624075955
  0.33917990283533828  0.34849750370237947  0.35764524419504318  0.36623755544227765
  0.37517479102153201  0.38530441077924044  0.39582896004819462  0.40538378966138239
  0.41510958754666777  0.42612857982261654  0.43723760652101279  0.44822535248554207
  0.45942695750866114  0.47168118504924866  0.48437645671714058  0.49702599742788628
  0.50913584433708658  0.52103256605901671  0.53317560302364875  0.54543543223730129
  0.55772017962570342  0.56990174908232460  0.58181267159577787  0.59324023958682204
  0.60401568364167457  0.61413207715440898  0.62377525896475505  0.63356570145327085
  0.64349413550600842  0.65326239689348764  0.66249966370149838  0.67200406541888003
  0.68197076141652824  0.69202662788634517  0.70218416363193537  0.71254177112396078
  0.72302852168437948  0.73323181371678559  0.74292923538786870  0.75287313076364570
  0.76344010299526943  0.77384091129587218  0.78359008496906524  0.79370469044955394
  0.80455623032469503  0.81436533253282439  0.82272848516223407  0.83104428242607786
  0.84000545419585426  0.84965569209969138  0.85924465547436679  0.86885743486215028
  0.87954560599948273  0.89090170673993596  0.90206552384978600  0.91293934512974417
  0.92379182748347899  0.93453902286185531  0.94539103098925581  0.95597350383736290
  0.96670043682799955  0.97768111958220483  0.98852334382119766  1.00000000000000000
 -0.00185450544094508  0.00803370313971038  0.01600407657033090  0.02450963742191041
  0.03390447808946886  0.04393382579614717  0.05467397882629078  0.06500218096393860
  0.07474096543321752  0.08456164426610903  0.09480152392427285  0.10546367021741838
  0.11654627564528798  0.12813587843806851  0.14055353971486750  0.15251628323638919
  0.16391290411389148  0.17527587285834179  0.18622052108506820  0.19723808110099680
  0.20833731399082431  0.21839285542151546  0.22978299327402679  0.24007665082760268
  0.25037594099820593  0.25940999942220283  0.26904637428654155  0.27858684715479043
  0.28843442736791253  0.29849442662071729  0.30814861618107331  0.31782574393911805
  0.32814962561564009  0.33853468771209011  0.34942680664464221  0.36008050193208124
  0.37093409345481054  0.38204904009762225  0.39318568550141059  0.40399955274749288
  0.41451478441191525  0.42512802571816810  0.43566656428446981  0.44599555080935993
  0.45636261099704423  0.46727675233257460  0.47936237679190363  0.49175198652185126
  0.50363185424182144  0.51503286730066955  0.52649244257248340  0.53839842421553252
  0.55173314134996376  0.56413931308902265  0.57628226124967785  0.58728378990501273
  0.59801521860643447  0.60849551811575342  0.61879937434394605  0.62847856598436846
  0.63767995049099324  0.64704548977751641  0.65687635782901765  0.66696549190138243
  0.67792973663595124  0.68844983596799536  0.69936040071244376  0.71015195446797030
  0.72154085250164146  0.73238010443882040  0.74270381168094834  0.75272000557233876
  0.76328748275387426  0.77389603556629238  0.78442136199278778  0.79576872705002166
  0.80738657813876424  0.81850310424907680  0.82907347304045076  0.83956433263230346
  0.85021009822386051  0.86104126880134613  0.87193984799295654  0.88181154267774942
  0.89134732968863151  0.90095932402788204  0.91070498761797170  0.92064097344618590
  0.93044621564100016  0.94068145481845844  0.95141001972964079  0.96182627712076796
  0.97198454136418033  0.98184623100753410  0.99115354989085103  1.00000000000000000
 -0.00297470281568702  0.01096532743623035  0.02241243113166526  0.03321655016885923
  0.04309460691712787  0.05280865815523235  0.06208935488293186  0.07199162623911434
  0.08180994818554130  0.09188931294653907  0.10175893193243028  0.11169351805992238
  0.12162345391336690  0.13154212578618676  0.14128022026133721  0.15088312750221319
  0.16089348263710898  0.17090662022332542  0.18137365868429930  0.19182355784314173
  0.20297685688766504  0.21397910942321990  0.22463411131744718  0.23578440433339787
  0.24699197755293276  0.25843861756173270  0.26970508795043446  0.28170556719340073
  0.29349158659906882  0.30475117130273310  0.31508526912079565  0.32485988916615788
  0.33484852861408843  0.34514245667451093  0.35562006739489893  0.36612281939542890
  0.37704631335872790  0.38861139710515546  0.40069505415738882  0.41295430744223849
  0.42466240907934616  0.43585251065137126  0.44754087743811893  0.45887354411953912
  0.46961543113631909  0.48037635011713586  0.49141252962696136  0.50206648250258812
  0.51206443934216272  0.52194799293827099  0.53214511217357308  0.54231423013335534
  0.55218765070385845  0.56200164392562979  0.57222124144911213  0.58273708505284927
  0.59278232649739171  0.60265791886576814  0.61316640534956290  0.62415029970640667
  0.63499199934799577  0.64596193738262764  0.65744992798283697  0.66837784932572963
  0.67822169847562930  0.68809568352654593  0.69838473346569863  0.70874354002525797
  0.71868406589167966  0.72871391607093527  0.73930135486441595  0.75088517732475535
  0.76291269985687082  0.77406784771283466  0.78387457154791540  0.79328428037967158
  0.80287002730480039  0.81234416446766544  0.82203959693633843  0.83240066249884459
  0.84456250032073532  0.85628512471622131  0.86679577342697234  0.87711024585321939
  0.88806495416760856  0.89889524016386735  0.90862410959891715  0.91817453406277816
  0.92787168484012206  0.93798771983703400  0.94848756865739692  0.95958744398839235
  0.97024563857465340  0.98077876212569337  0.99039799547881580  1.00000000000000000
 -0.00242740528135499  0.01005662269628905  0.01929925805792369  0.02917844199823098
  0.03880585755994428  0.04920402157424059  0.05959923444975500  0.07045038416777549
  0.08179070223407367  0.09358356965890864  0.10548127946395333  0.11668751375597755
  0.12710021443475211  0.13743935811423214  0.14744949157205742  0.15714347401606105
  0.16682477668201351  0.17693548504875942  0.18703646219585704  0.19730303705856461
  0.20736622249397688  0.21719005253419632  0.22675592682055412  0.23656064341554656
  0.24707935409202955  0.25775849270842638  0.26802327691159650  0.27945615532980733
  0.29112134357503683  0.30195516033673581  0.31257905663700752  0.32318968022592748
  0.33403743425429727  0.34451705035689018  0.35551230652435450  0.36689180939994898
  0.37756032156769964  0.38726568581363124  0.39750220415772863  0.40818576695193109
  0.41847440854580215  0.42851384679173377  0.43861255619805672  0.44966484937254503
  0.46064263625083435  0.47117686400772957  0.48183679875407626  0.49305509252857910
  0.50489297001356248  0.51744630752327558  0.52975279537998121  0.54074528300867675
  0.55005954546219371  0.55890989062804985  0.56826949616185574  0.57783771551563035
  0.58750094226624305  0.59732804329426792  0.60857140201732463  0.62098703216299322
  0.63306954175018360  0.64434818600634813  0.65476889052125997  0.66487421567751981
  0.67479527691159258  0.68463335150128013  0.69467162701162022  0.70484387517749048
  0.71574399707095504  0.72725815467548205  0.73853237753546308  0.75004211164506496
  0.76047706762460276  0.77067557340707227  0.78072364496499169  0.79049063579388490
  0.80047042859709250  0.81066968094642877  0.82112992416992669  0.83109496837194718
  0.84089279896359603  0.85104663165248573  0.86179592141061157  0.87270261847760755
  0.88309625735231634  0.89358749592074727  0.90452862251270350  0.91574600668965478
  0.92722225655123469  0.93834010787704591  0.94860119250649955  0.95903244093658180
  0.96903568156967756  0.97933023245101491  0.98937089913819332  1.00000000000000000
 -0.00175074671354234  0.00734297329330134  0.01561762550870773  0.02535450292210918
  0.03607271974428707  0.04661590177195724  0.05671273251635483  0.06715364695849163
  0.07841565298503678  0.08947148424382645  0.09972539435937712  0.10990920370482045
  0.12044451394933220  0.13098219827138369  0.14133250312998313  0.15177194327033211
  0.16306687145566626  0.17487403105269289  0.18645732373583751  0.19773300189485313
  0.20842853989169041  0.21870839824510138  0.22870701169863875  0.23869184638884258
  0.24900132661557015  0.25962707150835151  0.27074968176346209  0.28239349605048342
  0.29367275438037577  0.30441963770162417  0.31552679811245926  0.32681102966640241
  0.33737164741367132  0.34734953239671373  0.35762336940831813  0.36840354591468322
  0.37935011478931480  0.39022561971594627  0.40074354472058571  0.41057108935485415
  0.42080249343210085  0.43180472742126375  0.44333511720737945  0.45538639955916721
  0.46793362424016405  0.48020176671446418  0.49044787101857462  0.50093398871153794
  0.51163491463386712  0.52258282541354029  0.53255902476157202  0.54278659079234748
  0.55309514138755067  0.56374150342914431  0.57482532894791749  0.58639042219748461
  0.59812841252252547  0.60930781517419341  0.62033179956807760  0.63185973335675683
  0.64414266289049604  0.65614341954117761  0.66683237719052213  0.67645905398948425
  0.68598476592595214  0.69487620357148017  0.70399347929011713  0.71319260923298544
  0.72203845341415029  0.73086410692857229  0.73919050394861630  0.74793228581436422
  0.75748038235468385  0.76778263068927088  0.77802739706632829  0.78827325073100318
  0.79863726029119808  0.80994266828134642  0.82130364986522075  0.83279964273051432
  0.84323522990271327  0.85305784129252049  0.86283388205943345  0.87261857762416672
  0.88238536295100967  0.89171329505581776  0.90142090335984659  0.91216106459143065
  0.92340088777343154  0.93557742153750334  0.94740403100426795  0.95899648001210402
  0.96975876891990898  0.98024673163050613  0.99010434395611757  1.00000000000000000
   61.296493306781009       -1.0000000000000000     
 F F F F F F F F F F F F F F F F F F F F F F F F F F F F F F F F F F F F F F F F F F F F F F F F F F F F F F F F F F F F F F F F F F F F F F F F F F F F F F F F F F F F F F F F F F F F F F F F F F F F F F F F F F F F F F F F F F F F F F F F F F F F F F F F
  <DiscreteSampler_grid>
  grouped_processes
  1 # 1 for a reference and 2 for a running grid.
  10 # Attribute 'min_bin_probing_points' of the grid.
  1 # Attribute 'grid_mode' of the grid. 1=='default',2=='initialization'
  0.0000000000000000 # Attribute 'small_contrib_threshold' of the grid.
  0.5000000000000000 # Attribute 'damping_power' of the grid.
 # binID   n_entries weight   weight_sqr   abs_weight
    10   10   4.894899547418501E+013   5.699555748457811E+027   4.894899547418501E+013
  </DiscreteSampler_grid>
