 -0.00219604450419908  0.00863513439961014  0.01733164865837137  0.02702275132015730
  0.03654928326920757  0.04628198030126527  0.05641349613610672  0.06713184786325349
  0.07809974161918459  0.08865575279240015  0.09884816790278338  0.10940651543044724
  0.12045092113064113  0.13105953564238526  0.14078267435330305  0.15078740004786109
  0.16096176827047412  0.17136912280439229  0.18195258081221388  0.19319364357106061
  0.20575337836300228  0.21905698883298841  0.23204237813637196  0.24227825151628224
  0.25166788727766570  0.26078190390783729  0.26997300459435303  0.27954964779031299
  0.28925029467433111  0.29910915928519738  0.30929620815058162  0.32008463711519419
  0.33123879251050053  0.34234142147257801  0.35284341840017847  0.36463012610087747
  0.37691948288391203  0.38923483140275761  0.40146080717666877  0.41323561826759003
  0.42488565441350118  0.43650180896823232  0.44828150222700847  0.46040685228325462
  0.47310155072822380  0.48648650776695407  0.49988460030606574  0.51206684747069331
  0.52269913653385947  0.53234977655743920  0.54195031087256340  0.55207120587669978
  0.56216381308560293  0.57175564433927040  0.58072014761521373  0.58977035162251812
  0.59940442953415607  0.60900079195780366  0.61826224948217301  0.62735561487392566
  0.63736424563601335  0.64743916381833955  0.65848971136526224  0.66928255272901782
  0.68106002112754571  0.69260379076678658  0.70416396712786089  0.71453002513652131
  0.72416777208711636  0.73406699973141054  0.74452112562064843  0.75521543741912389
  0.76590732421894558  0.77809533047134394  0.79038395280053297  0.80111010658128645
  0.81107410197622631  0.82097307306680267  0.83106044535907087  0.84148820965595461
  0.85172993402301245  0.86131575566316132  0.87041469588694131  0.87958331483514851
  0.88889331414920125  0.89791245308377121  0.90669289805538278  0.91561833873348897
  0.92549329895395327  0.93547919119494849  0.94602334487411188  0.95635027344514378
  0.96754163595215614  0.97831331669018307  0.98897004372704511  1.00000000000000000
 -0.00086637237798380  0.00723895612614817  0.01491746142007258  0.02265494857297748
  0.03063622981023154  0.03871035403870828  0.04667654867891793  0.05464157701338293
  0.06305823033802409  0.07202270718354072  0.08089428563826591  0.08970019992266989
  0.09861198130675063  0.10823064579313224  0.11829449359444417  0.12822382905812385
  0.13753830407335607  0.14681510909029880  0.15628411435565459  0.16590539650992384
  0.17581939061256271  0.18604819732247041  0.19668055362982906  0.20728427136160357
  0.21671687303460330  0.22602567068275639  0.23579942164307161  0.24780660868114918
  0.25952553110899684  0.27070244468012394  0.28246758803501604  0.29409291687062938
  0.30544904570864595  0.31684778330331403  0.32894989581837653  0.34009743307648704
  0.35060392859142386  0.36126438771061004  0.37231065715586126  0.38313936601370419
  0.39374276186330931  0.40510001011783275  0.41687474005063502  0.42869697229764092
  0.44061473918515348  0.45285591262386032  0.46630944718682149  0.47953251267016106
  0.49204832802046794  0.50319954079584028  0.51366956738118352  0.52388299639061275
  0.53409854157332282  0.54461971705638035  0.55585718826784691  0.56736321210537566
  0.57785077816883312  0.58753512572791589  0.59668269707190480  0.60609403872553469
  0.61598127245725987  0.62638215586916013  0.63764209521192272  0.64883805581589316
  0.65988263773364253  0.67040688102942669  0.68006556646326333  0.68978383790254061
  0.69911633003781115  0.70803228525369821  0.71681089853292168  0.72592641452258289
  0.73553535275514303  0.74546794692539919  0.75557889477369922  0.76562251287415650
  0.77553814948756727  0.78544840289897067  0.79672179083616002  0.80940589212309089
  0.82244553229930384  0.83540344138349631  0.84818077697481609  0.86015134038508323
  0.87157815830518881  0.88290185581021141  0.89411049274151200  0.90568728892171069
  0.91701787643331623  0.92804595008230184  0.93871279643602845  0.94898409355571389
  0.95906076958793007  0.96975217683153248  0.98321558761023242  1.00000000000000000
 -0.00775557173370745  0.00103595977404556  0.01350548683934079  0.03657060733201096
  0.05979664907662657  0.08317048017565080  0.10518785201986663  0.12671075785842179
  0.14711936430939046  0.16760464791443352  0.18816252988822307  0.20885383700064417
  0.22988780751286492  0.25204019611893413  0.27411019519172292  0.29609546717939511
  0.31862930150611440  0.34135467455505281  0.36414788093771183  0.38700836118094067
  0.40997513893225201  0.43247353521497306  0.45478164710260377  0.47685867700737189
  0.49880255136094637  0.52053064837443930  0.54314223906367265  0.56617089622345540
  0.58950532469215056  0.61269869330024007  0.63548651050164540  0.65388872385219188
  0.67041739625584862  0.68864710189826350  0.69014201641994133  0.69160536735360179
  0.69489688862513210  0.69987135848972315  0.70465737106009141  0.70953716724356597
  0.71433710891673352  0.71912981844821000  0.72401495671127236  0.72893103459827446
  0.73382926422898509  0.73871015695631370  0.74365347910522039  0.74866668128598157
  0.75361406746418880  0.75852407896991880  0.76345265168150234  0.76837440024330028
  0.77332995711593955  0.77831851187990619  0.78336444065560240  0.78840559000833943
  0.79344881267874745  0.79848411252734175  0.80350663640774256  0.80861926237430803
  0.81378151751195071  0.81888239377534822  0.82393404694242334  0.82900566413276700
  0.83406752893245661  0.83915103504951305  0.84425796793856833  0.84943824016496128
  0.85467644988103053  0.85991052393926759  0.86520498130546675  0.87050831467741607
  0.87577992820010842  0.88108296777486794  0.88637654942623967  0.89167228727535486
  0.89689412151765391  0.90212298940174607  0.90738761215101083  0.91261617201319312
  0.91789353744751301  0.92328943111347561  0.92871125460836268  0.93413591058975287
  0.93958952437641108  0.94510622901850305  0.95052326976011481  0.95594164889281252
  0.96142722548350223  0.96703219284696529  0.97252629386654332  0.97798666237380338
  0.98342294787728834  0.98889277793580443  0.99441732747283207  1.00000000000000000
 -0.00232662413638845  0.00899380272164594  0.01804388458326401  0.02754686532105428
  0.03775554348232127  0.04794270186630154  0.05800864638680873  0.06751392501375005
  0.07706919857645254  0.08704269090550207  0.09758379111413495  0.10789049373299123
  0.11757048935918374  0.12705858676172421  0.13726135630373343  0.14763595569272009
  0.15736257550007660  0.16678354402334228  0.17665089192672823  0.18682298144070189
  0.19680104411301733  0.20627957328811139  0.21605817759468976  0.22633572159211804
  0.23634543993150631  0.24553401855441515  0.25524083567959099  0.26552008441330349
  0.27649314842898298  0.28790760509249802  0.29993979117171199  0.31078881017702326
  0.32115282379503213  0.33114714132350304  0.34111944938727051  0.35161130250900541
  0.36312344877862235  0.37507209016021165  0.38623161316824944  0.39756094633499833
  0.40953941050312076  0.42123850795449780  0.43186840357879941  0.44199632856883814
  0.45173018593625153  0.46111597224517342  0.47025788291583043  0.47898945376364271
  0.48939436797460945  0.49966788324767408  0.50990681662388893  0.51998394177084595
  0.53060598196573328  0.54091140649574110  0.55070978467469012  0.56066466328349041
  0.57149511282163767  0.58260959113268351  0.59298122581375079  0.60390304805822437
  0.61491863006647129  0.62554692726203687  0.63538684109358223  0.64576245229961970
  0.65724194708960326  0.66936133974897671  0.68172552092700933  0.69360895426441260
  0.70478977017173239  0.71546735797926020  0.72575207038964740  0.73593151232110643
  0.74636284898711269  0.75809657128678598  0.77046320881989283  0.78229895759453894
  0.79360114108080182  0.80504261743065197  0.81683625975132446  0.82888251654209677
  0.84149164665268028  0.85386305066313761  0.86505506282078193  0.87548004040511895
  0.88526784481913745  0.89498353115034834  0.90460716476951064  0.91416994767682724
  0.92395782399311355  0.93395557828456721  0.94440247394463384  0.95541188618416306
  0.96653695742167245  0.97768800446980864  0.98910463772820056  1.00000000000000000
 -0.00309592203250176  0.01114243049373981  0.02370264177268035  0.03564973768250464
  0.04693608782269110  0.05725985680186479  0.06788695636941540  0.07916066051409576
  0.08933170087585902  0.09926432753343475  0.10952730151774687  0.12028901351449951
  0.13070894862934376  0.14089135926890028  0.15142089886279775  0.16262749554146380
  0.17404128720370357  0.18519311421153972  0.19657711758898691  0.20784265393885393
  0.21902845816983607  0.23003364980706509  0.24123660738396602  0.25142937486598477
  0.26064019789812970  0.27025276194077252  0.27978059957547841  0.28937053114945938
  0.29941013596231181  0.30911460915669348  0.31873217499114564  0.32885362145619851
  0.33905704243672030  0.34919221801434475  0.35915826788225880  0.36880813858498240
  0.37845429808565334  0.38821167587472993  0.39810837140481592  0.40861598309750063
  0.41910977332287092  0.42922671464651335  0.43923328674588863  0.44917419957183952
  0.45905400271604019  0.46845561866607788  0.47771759859058227  0.48676045704786391
  0.49565399602289417  0.50479248021767686  0.51451643373670408  0.52459402207593975
  0.53446156329669470  0.54460430339206989  0.55508464300782245  0.56574063864226165
  0.57639098427123603  0.58827559077074243  0.60046319598366604  0.61101907792408749
  0.62063709064056760  0.63046145528119213  0.64030817932365169  0.65019012326164694
  0.65979816653680678  0.66997074613625007  0.68076080127572347  0.69102542767912278
  0.70062882125538373  0.71033798773480217  0.72034425893445209  0.73028697672630449
  0.74000174288665044  0.74982689115324841  0.76068903313774849  0.77188938142221142
  0.78336397285272641  0.79437333542994715  0.80512973880496130  0.81595108236402603
  0.82722584459813242  0.83848565486895432  0.84944131796410116  0.86046637086008515
  0.87158299374243353  0.88251693330660708  0.89359074542719719  0.90563930426451023
  0.91835373673476706  0.93080983575774079  0.94349045097684403  0.95633342709502323
  0.96819885857616006  0.97912225498297734  0.98955253373240948  1.00000000000000000
 -0.00202254254947150  0.00797717130039491  0.01701385736987305  0.02647622538338711
  0.03579253414816819  0.04482233241956257  0.05399253251988542  0.06360630469525870
  0.07377978047852636  0.08391203391674734  0.09366963836090740  0.10376875455336931
  0.11460436624504290  0.12567674994991773  0.13561545924717966  0.14509787114205080
  0.15484788585590481  0.16478845234439971  0.17474474829369602  0.18501158662203271
  0.19562773708115305  0.20625911651558645  0.21626519189096691  0.22628064914366755
  0.23682887000194419  0.24743291113245938  0.25731334546104900  0.26708250846834808
  0.27721515281233500  0.28764953896841877  0.29786571900469033  0.30777776196787798
  0.31747401871540354  0.32705443061267869  0.33804750872406364  0.35019204637001938
  0.36245205999674113  0.37423282092061777  0.38556854152977299  0.39693846101167357
  0.40847928738678108  0.41998250813510324  0.43130875397750246  0.44214355612023298
  0.45287831411819074  0.46342209803111478  0.47353417772596207  0.48331564577376801
  0.49281399221451100  0.50252256804449125  0.51199731153410477  0.52158253125180976
  0.53136753791116742  0.54139086164035255  0.55141718052806343  0.56166937973418996
  0.57226624659268310  0.58248641292949488  0.59265624890466162  0.60265117613149688
  0.61389153620170012  0.62515222002169768  0.63638260701846894  0.64742372086005551
  0.65839006038408421  0.66993468367103215  0.68201816066316689  0.69398362874480735
  0.70546989322025555  0.71696218204063089  0.72926304030925959  0.74181602628797072
  0.75478019395310147  0.76700966399004489  0.77868241949557404  0.78938701377584075
  0.79933733454596811  0.80907125087762854  0.81904860516920130  0.82906983975119886
  0.83880571547306337  0.84849414048228933  0.85851603437996782  0.86883420537104195
  0.87928198167567595  0.88987238045124972  0.90045887613897757  0.91077306631463928
  0.92141658024206230  0.93323360706494030  0.94597702475166523  0.95852107177158774
  0.96949122258332554  0.98002031291014302  0.99014583145030921  1.00000000000000000
 -0.00267366959413699  0.00960003511666642  0.02055239043462019  0.03012546734160077
  0.03945638730092273  0.04888712205588311  0.05807016609567690  0.06749242328595911
  0.07728875388172513  0.08759477104378781  0.09833410971577497  0.10933074843015481
  0.12004187721451622  0.13084252074533759  0.14114496255100428  0.15229649429421493
  0.16379933129536250  0.17500188492902702  0.18606334726057872  0.19750693964576990
  0.20919307942880017  0.22132536879836112  0.23375144031483497  0.24558055406859650
  0.25645454274915136  0.26682303092799781  0.27690928558654243  0.28687054034797604
  0.29727935421420787  0.30800702938618835  0.31821052104676417  0.32836715956109069
  0.33777869154315687  0.34701129424437027  0.35572858833943743  0.36398287253950895
  0.37207018791237445  0.38064956259187471  0.38956291866645515  0.39864797973978522
  0.40863823671637689  0.41925305469307550  0.43028480436427252  0.44167865877376228
  0.45366020694090536  0.46593229896074723  0.47796164549937625  0.48966564949509828
  0.50075231715966650  0.51037941793599784  0.52100040362434652  0.53149691634206564
  0.54217266009773435  0.55116084733712523  0.56041229631549139  0.57034018336941605
  0.58162311154475521  0.59270758857134831  0.60364563390760473  0.61366431581837677
  0.62398309444938871  0.63472107443067771  0.64587222020921620  0.65589955360333352
  0.66577382137967156  0.67701379392550110  0.68792842646930441  0.69896413172065053
  0.70961156898082089  0.71994673938265130  0.72983665038329348  0.73967599680248663
  0.74949003878004383  0.75969199508619667  0.76982243757496038  0.78203151708448737
  0.79464029194554520  0.80541458905854435  0.81636034634637311  0.82626418021238301
  0.83601886722244068  0.84526438862992803  0.85503797532863479  0.86539747046527382
  0.87552306811361036  0.88509491969064014  0.89458931533600350  0.90458035628531752
  0.91545812384499270  0.92663421309011162  0.93793216322297579  0.94999270594338869
  0.96265758254216660  0.97517005482406294  0.98782271983638992  1.00000000000000000
 -0.00309308198845898  0.01117971535327975  0.02265723594159972  0.03326200689371910
  0.04335971595761732  0.05351844104330086  0.06358659433324662  0.07356437587542861
  0.08362525503148835  0.09394754797377536  0.10412929751574929  0.11451462060787784
  0.12549270293561890  0.13689831359884749  0.14852421818446740  0.16054494386767459
  0.17305596976396123  0.18537203735195859  0.19666041226086067  0.20721361900750093
  0.21755386278164626  0.22763442157305055  0.23782406261224995  0.24814968799772702
  0.25861911462838605  0.26886380833080609  0.27911613127705437  0.28915498756536506
  0.29867917787071974  0.30755897561882711  0.31645860765741118  0.32547317905986251
  0.33498395680745230  0.34439440194937010  0.35365030472388137  0.36319395194683135
  0.37272562068894466  0.38291693199461857  0.39345727812348658  0.40501640571709530
  0.41649922364194680  0.42644270959249658  0.43630587566610057  0.44606365683852539
  0.45584849411125933  0.46449287840106562  0.47317389329913501  0.48248120218733614
  0.49306565082607984  0.50367504081897030  0.51421671220224852  0.52493604780030545
  0.53633366851848485  0.54758413822254981  0.55807445437958902  0.56909494444451980
  0.57958469567736004  0.58977938011293174  0.59988886339926129  0.61051887458597243
  0.62141748794839080  0.63243809394842254  0.64365302481205977  0.65422605384747590
  0.66497818882026538  0.67587917749695681  0.68610408582489202  0.69612876097591470
  0.70646129461620188  0.71750114788296282  0.72905171314268813  0.74093959493689288
  0.75325566405811284  0.76393755420411802  0.77508182338910780  0.78659211031763254
  0.79752558104534865  0.80784124834276827  0.81838840404104085  0.82991290851109101
  0.84098616536251203  0.85181357559191351  0.86275543614784900  0.87355039979132920
  0.88292592266201020  0.89152228718140825  0.90045500430783099  0.90979688273982218
  0.91981448170325997  0.92954735410052236  0.93939606575630874  0.95078810897567645
  0.96284453007123416  0.97622421837085616  0.98828508121205627  1.00000000000000000
   61.942877931221112       -1.0000000000000000     
 F F F F F F F F F F F F F F F F F F F F F F F F F F F F F F F F F F F F F F F F F F F F F F F F F F F F F F F F F F F F F F F F F F F F F F F F F F F F F F F F F F F F F F F F F F F F F F F F F F F F F F F F F F F F F F F F F F F F F F F F F F F F F F F F
  <DiscreteSampler_grid>
  grouped_processes
  1 # 1 for a reference and 2 for a running grid.
  10 # Attribute 'min_bin_probing_points' of the grid.
  1 # Attribute 'grid_mode' of the grid. 1=='default',2=='initialization'
  0.0000000000000000 # Attribute 'small_contrib_threshold' of the grid.
  0.5000000000000000 # Attribute 'damping_power' of the grid.
 # binID   n_entries weight   weight_sqr   abs_weight
    10   10   5.716765533754048E+013   4.686402427525357E+027   5.716765533754048E+013
  </DiscreteSampler_grid>
