 -0.00237971034007851  0.00952049291909890  0.01867322088563453  0.02855514308011027
  0.03857053662498686  0.05019602553983790  0.06193802279957871  0.07366164930909332
  0.08517234533574612  0.09683419184008067  0.10856983697594216  0.12023594627625755
  0.13109397923697133  0.14111117256278255  0.15093543481758770  0.16092042785557961
  0.17068011132073166  0.17989677217296374  0.18895192071197991  0.19871234832670068
  0.20883227855346770  0.22010633231897669  0.23184967618685520  0.24256621851510168
  0.25278400871893242  0.26227505145025193  0.27272540534301482  0.28282358425128329
  0.29262486165488866  0.30206905286310420  0.31104389421247164  0.32014753163498139
  0.32915944766215072  0.33860423892562902  0.34845223376220463  0.35835287723084863
  0.36834414021190959  0.37846567601532971  0.38833774090798379  0.39778153027323992
  0.40707304881871692  0.41669254324431504  0.42660390130693410  0.43686127281799420
  0.44752957320751474  0.45799432329524170  0.46802241694178054  0.47797188795639306
  0.48779251177165300  0.49768973632177432  0.50716108576817065  0.51631064174054353
  0.52602214508554512  0.53650260146941808  0.54952448799531850  0.56226831702519819
  0.57302584471158102  0.58340337440978685  0.59323743351210279  0.60316406121948030
  0.61290923865148328  0.62312474150290376  0.63474160990755613  0.64720681246180334
  0.65807076638578710  0.66851503367737897  0.67855666094239930  0.68812940260486277
  0.69890447597456229  0.70961474561922167  0.72287603654054722  0.73501611526974864
  0.74697147423926114  0.75901616133069028  0.77062040187847602  0.78142299018172146
  0.79150181419662557  0.80137272138520266  0.81149769921832648  0.82209416659811263
  0.83345994019300385  0.84572258982450599  0.85823377256434097  0.86949415124403329
  0.88089377784775724  0.89222043834232945  0.90301695135851234  0.91326886261964979
  0.92352770123161199  0.93409119163983523  0.94414138221363264  0.95414066341778925
  0.96489922602038147  0.97625975936088727  0.98800186501287068  1.00000000000000000
 -0.00041801648354243  0.00622336334301428  0.01271838604744915  0.01981943069266699
  0.02714593759479188  0.03489963949242377  0.04309754393746765  0.05156317486582120
  0.05981216948957657  0.06955467105988901  0.07952663021727303  0.08990302260990012
  0.09999078342321623  0.10996498025828404  0.11985101427805779  0.13070842647207659
  0.14251459832777683  0.15438571518186120  0.16528117403275641  0.17494056099278490
  0.18416506634901830  0.19352258228548319  0.20306747298413175  0.21251143594774363
  0.22188820448869401  0.23163997139054868  0.24182769396876300  0.25220469835210019
  0.26292355055750227  0.27461165625664269  0.28691738704191994  0.29799649232383002
  0.30770571051621853  0.31741296597269769  0.32731174938182162  0.33716821403713548
  0.34655041477086712  0.35677072310944513  0.36775795738026196  0.37855263020652113
  0.38921959873393253  0.40036012274653149  0.41196471235902132  0.42404184709647352
  0.43672737527170824  0.44895922498630120  0.46051414231031834  0.47002199482729440
  0.47936194976713126  0.48864387652729813  0.49771177209338541  0.50645153751206939
  0.51497421142215316  0.52391345795063105  0.53377787762847595  0.54356033695860895
  0.55303534265891086  0.56265302585818788  0.57310897649379744  0.58343381641924685
  0.59376788842055894  0.60431335803337916  0.61525606403491817  0.62671327466860305
  0.63908565579904075  0.65099549088650221  0.66223822383994324  0.67258256158902119
  0.68276713028007019  0.69279364352420858  0.70253917002146427  0.71269198504912235
  0.72367043639286155  0.73466680005543872  0.74581782322634982  0.75648945916319643
  0.76730771563439826  0.77816206306892954  0.78922735699077395  0.79982992477619952
  0.81047978713149438  0.82143700837560696  0.83355600383808248  0.84663860875335117
  0.86048292382877634  0.87396505908162114  0.88735309822833508  0.89976461774864391
  0.91063191871547455  0.92141571933476041  0.93187535534606225  0.94281303969425434
  0.95353068066875968  0.96578231085783472  0.98084325933490568  1.00000000000000000
 -0.00864936072748545 -0.00276585413120397  0.00593684308884253  0.03027417876112543
  0.05500236325617773  0.08051488751771317  0.10426656465256874  0.12682584396935467
  0.14749830180872323  0.16803794123087276  0.18865217043187801  0.20951762700704135
  0.23051826696742503  0.25322524289433063  0.27580123105748749  0.29811370643446466
  0.32035250958161643  0.34254745559489835  0.36462707202564482  0.38668402864289519
  0.40869505767160480  0.43101406676878745  0.45362313877196508  0.47649556480330174
  0.49934861696772609  0.52186024745147219  0.54504399769026091  0.56897225073445556
  0.59327289076197909  0.61770357531157061  0.64175787622878977  0.66145521563729714
  0.67470345067555104  0.68821070584801225  0.69034637280255107  0.69213745588426645
  0.69612599555336085  0.70100986367303086  0.70579416369886017  0.71060967944834630
  0.71539713232210389  0.72018008315294890  0.72501523237779619  0.72990675678931116
  0.73486122675828103  0.73982679017473330  0.74467357692752201  0.74948122844769105
  0.75436990248576485  0.75931141144254188  0.76431996808230251  0.76937557776153265
  0.77439958726417990  0.77943239593175362  0.78444963837413773  0.78945571812882920
  0.79445548118935738  0.79951556825142611  0.80463064546635277  0.80976122326292510
  0.81492895467043258  0.82007047476418915  0.82520198699378500  0.83034089067324035
  0.83542508871558907  0.84043182993946808  0.84545978163984237  0.85055306678438802
  0.85563818288850146  0.86069058055915804  0.86583091522629552  0.87104044149532234
  0.87625241066092452  0.88149793985219194  0.88678768194274171  0.89200884767563537
  0.89722687967751480  0.90259216233449935  0.90805050305541679  0.91343322587133757
  0.91875380176163313  0.92406362729253622  0.92942513352873479  0.93482301319144123
  0.94021983720025626  0.94560277481735611  0.95092720229493044  0.95630075101686385
  0.96176800375244398  0.96724046251570228  0.97261778361306284  0.97800352019029879
  0.98347892411715432  0.98902953385138070  0.99452872299617301  1.00000000000000000
 -0.00233966953661967  0.00881207622150068  0.01858492494538738  0.02908654681366534
  0.04037938265629946  0.05206068136030195  0.06434988026504722  0.07656847212170194
  0.08811001858237144  0.09903758910440280  0.10982033491553123  0.12056104828857103
  0.13113935461110843  0.14164137792309378  0.15202931370377368  0.16210399269070194
  0.17235254264604533  0.18290778145243169  0.19286611617982213  0.20221025596526343
  0.21187054316765422  0.22239228399698435  0.23288021179706056  0.24276843203453219
  0.25187806962748444  0.26104997043357009  0.27015894860738449  0.27986626368563855
  0.28985687704898699  0.29971986993986433  0.30942740173182059  0.31952022015839071
  0.33021435560269113  0.34043572298591940  0.35077913966776120  0.36174118248297943
  0.37352189195007346  0.38408684142570282  0.39437664603899503  0.40442806132266840
  0.41496387952402308  0.42483041834717677  0.43488423160443440  0.44654555129713758
  0.45790411284558796  0.46879730108047318  0.47923587079602675  0.49017196553139397
  0.50121438124757034  0.51141677274266872  0.52195127054933710  0.53285523002594448
  0.54397193127803267  0.55456686291472557  0.56685152081698809  0.57971779874706264
  0.59305937276616805  0.60526485647991457  0.61593379678778204  0.62603503495418311
  0.63619981995314889  0.64655879806930905  0.65714257145751309  0.66799191747417197
  0.67965888232738214  0.69172314276649272  0.70401395729043803  0.71617643139477383
  0.72721595450395682  0.73660347167491813  0.74546809794194280  0.75474773588445698
  0.76418045565188286  0.77361556765533779  0.78323119339541947  0.79312878497071260
  0.80344870623749165  0.81417011128263128  0.82501587747751370  0.83580384352042136
  0.84665487818567176  0.85757317332378191  0.86896885403082891  0.87985877423781733
  0.89041253241170693  0.90073367817082250  0.91090051757684454  0.92084609960045538
  0.93007882782355655  0.93908109235308601  0.94847933611175261  0.95882720315604941
  0.96963435415032295  0.98016573029561971  0.99030665878193069  1.00000000000000000
 -0.00290396920128551  0.01056349541397931  0.02112370715660257  0.03303314357306090
  0.04456275016704747  0.05538174585553222  0.06624810266237789  0.07745849415180626
  0.08902668349926796  0.10002624849005763  0.11300427183525173  0.12543119820798884
  0.13587867098353279  0.14554657659579587  0.15502452652663076  0.16469518357572305
  0.17425735467783798  0.18342431667121237  0.19308459043544945  0.20338753218981476
  0.21402513440323984  0.22510734132891869  0.23683527974061952  0.24904471666149589
  0.26154343445226008  0.27384229829502421  0.28557895651189630  0.29714513608406756
  0.30840671883520560  0.31900019292112181  0.32912201316259104  0.33920596146578225
  0.34938667687159186  0.35960998265813626  0.36981910716846439  0.37992652845847730
  0.38997175564897718  0.40006675316299234  0.41015482117941482  0.42036570229829257
  0.43057050185613455  0.44069281332047383  0.45039622619811864  0.45998647218367955
  0.46988247560695806  0.47996007708901284  0.48995500615885945  0.49960366594091926
  0.50837456647924428  0.51712329623807285  0.52639968095068779  0.53638888064116375
  0.54688612891667743  0.55718334753134924  0.56811012410150308  0.58012199876219050
  0.59157517808399895  0.60236817976900625  0.61259697804574786  0.62276253705329176
  0.63352976338173450  0.64443880241644580  0.65515596117543329  0.66581392819824103
  0.67673014346080751  0.68738927321942012  0.69753718764760297  0.70708794099283523
  0.71729072204827460  0.72681350682617996  0.73672873078483281  0.74635197337175352
  0.75645851446163725  0.76706296263469298  0.77897851386050676  0.79164472565014465
  0.80432457306456040  0.81617078081163652  0.82686068190581907  0.83750564672225447
  0.84794031183698459  0.85853855787792166  0.86905605249331275  0.87960642721703053
  0.88982331880644872  0.89939102883560518  0.90882124754652216  0.91875266138292533
  0.92930099675053135  0.94021364304007304  0.94982926983780724  0.95953557290922431
  0.96920908757921853  0.97892826065244731  0.98959157268128295  1.00000000000000000
 -0.00183569350855331  0.00798342162344360  0.01673671647223069  0.02592457055633247
  0.03540061221483153  0.04453641690899530  0.05412465894662049  0.06370518267469870
  0.07382660817203736  0.08444978117394505  0.09566476939416553  0.10715002766869164
  0.11878915504956022  0.13030362254329131  0.14214898968359790  0.15293649282705732
  0.16235121416763609  0.17191993262213243  0.18147103932603814  0.19090423505518206
  0.19988215722758562  0.20921816871929380  0.21908479951218579  0.22846594928342984
  0.23713348962817449  0.24587268257920153  0.25580008712579627  0.26695551923603594
  0.27863880113920769  0.29031619239374207  0.30176628157540897  0.31305576518185724
  0.32409485045771647  0.33474978119247861  0.34544576256096510  0.35642732935280219
  0.36805734874996238  0.37986301053940308  0.39045960966138976  0.40021034098504471
  0.40930705843238119  0.41903301201124793  0.42889234090542822  0.43805569455730847
  0.44661168198045742  0.45516761698069103  0.46461406330370769  0.47517153202560819
  0.48609105331320407  0.49716746146450536  0.50869314766496732  0.52039196774340912
  0.53205728858873469  0.54415579381994661  0.55693844370926049  0.56920810955205769
  0.58029511172381876  0.59074589110858422  0.60179151437518519  0.61241311054197445
  0.62379706989394368  0.63499664907416509  0.64573591056470747  0.65665295713314220
  0.66732081626642981  0.67837843396575048  0.68947833810148851  0.70122031178620514
  0.71259339360488572  0.72426366324609193  0.73564119932223160  0.74657325155658272
  0.75751746697625044  0.76840648139264744  0.77855648001964461  0.78832979622187493
  0.79858411139616670  0.80923683837909843  0.81964414082400350  0.83042578527002919
  0.84201055395350000  0.85444609793021142  0.86702976282622057  0.87945091474166182
  0.89188488321834425  0.90370122463831870  0.91472398577063208  0.92530991120277251
  0.93487872408688544  0.94402709049626776  0.95279027544019201  0.96202193877068287
  0.97137891935311826  0.98103319956717172  0.99062842394272244  1.00000000000000000
 -0.00197755166789026  0.00812685526766332  0.01720707444147466  0.02676714878162310
  0.03715779394139204  0.04795950896465872  0.05928341056543894  0.07126522393556539
  0.08322996821867358  0.09374452943985724  0.10456808184288882  0.11569396698517051
  0.12668231389343787  0.13744247675205434  0.14902290239492733  0.16091947408927940
  0.17196998994575241  0.18192795046528443  0.19188896900877797  0.20213407117874627
  0.21235664350681657  0.22245663223353040  0.23306878529205236  0.24495314102405247
  0.25782865390540505  0.27072333369542390  0.28278768744614474  0.29409972121194411
  0.30478141225624283  0.31456086448329584  0.32349247557846689  0.33222723018749062
  0.34136368326489258  0.35087822653223605  0.36023434442764968  0.36913753391163345
  0.37785243253957146  0.38640816107598130  0.39475662134257589  0.40323293861171111
  0.41160369868949642  0.42059842323531471  0.43052973735045341  0.44071244942498244
  0.45067496627089998  0.46049219040489253  0.47041105870167871  0.48022621034531582
  0.48996499035965257  0.50019197651585501  0.51127981639913234  0.52297362552601612
  0.53467894488656975  0.54524368473407581  0.55502336909216610  0.56435375118988806
  0.57388309559338224  0.58391893320502020  0.59436292796539014  0.60569949310429061
  0.61733986049418554  0.62828263632411796  0.63838193318477510  0.64854937030693172
  0.65889146452990355  0.66943935334233484  0.67994835560583544  0.69022388284969627
  0.70088415371658785  0.71261271698818407  0.72587511325782039  0.73953810988379687
  0.75283955680823977  0.76571783156048145  0.77793701849938279  0.78943185776720071
  0.79933877243665707  0.80890076005400080  0.81918096211401070  0.82919329747727244
  0.83964006758640286  0.84962199691389395  0.86078771906445861  0.87184344199128250
  0.88336084543749349  0.89441347627807355  0.90531412892932961  0.91577745688384415
  0.92791403510572534  0.93902192248706295  0.94887523550814101  0.95865360428949531
  0.96880661663205925  0.97938078528403982  0.98958066174087100  1.00000000000000000
 -0.00312175796028855  0.00965483350189415  0.02131346950401999  0.03294431552952865
  0.04439958584265447  0.05540066524133930  0.06631045118822342  0.07703442742038795
  0.08693511600730632  0.09646090899362136  0.10645738332541128  0.11700847449897321
  0.12672442497086203  0.13602383177884211  0.14574728692719033  0.15701292655837562
  0.16911680088196643  0.18047615919323753  0.19267572481074216  0.20417978790702068
  0.21433025828350338  0.22358144877228270  0.23344194039923202  0.24399166349679430
  0.25430737805679327  0.26423064582887945  0.27461987566375035  0.28514733114868762
  0.29565741184904082  0.30615097234072119  0.31650352586976388  0.32697437582020938
  0.33715085288440383  0.34811471943837108  0.35848898008555513  0.36819589293932026
  0.37725844919618340  0.38700858448017728  0.39595671445167679  0.40521754584525982
  0.41387492935407011  0.42482268088621300  0.43634645640386288  0.44844134102105804
  0.46074367824322987  0.47300180728798147  0.48467312170623161  0.49571313008809298
  0.50662449070382620  0.51752186244066667  0.52832414566611208  0.53903747468016794
  0.55006205718446077  0.56134064378729021  0.57313123617022821  0.58531376763442333
  0.59802217865403362  0.60999300736918161  0.62129143710642365  0.63184317161390580
  0.64196607848382814  0.65155316904989891  0.66090420398782290  0.67061998140578927
  0.68041394558794088  0.69009093543792244  0.70019873161135693  0.71012336029622325
  0.72075719362794011  0.73147487593016525  0.74299436817611175  0.75464544953111057
  0.76644262286161580  0.77827419197293335  0.78986430299951027  0.80120021629797511
  0.81187199518774267  0.82164377862699989  0.83118527920045915  0.84108709387545688
  0.85153135050703099  0.86152952575053721  0.87108497528499151  0.88035965533211424
  0.88968141627275477  0.89924864367866042  0.90873330586087508  0.91877557971738899
  0.92982408109694659  0.94093587861086692  0.95130725953138640  0.96136411955913859
  0.97132553174777070  0.98109381015264185  0.99046144153945825  1.00000000000000000
   61.202144626678347       -1.0000000000000000     
 F F F F F F F F F F F F F F F F F F F F F F F F F F F F F F F F F F F F F F F F F F F F F F F F F F F F F F F F F F F F F F F F F F F F F F F F F F F F F F F F F F F F F F F F F F F F F F F F F F F F F F F F F F F F F F F F F F F F F F F F F F F F F F F F
  <DiscreteSampler_grid>
  grouped_processes
  1 # 1 for a reference and 2 for a running grid.
  10 # Attribute 'min_bin_probing_points' of the grid.
  1 # Attribute 'grid_mode' of the grid. 1=='default',2=='initialization'
  0.0000000000000000 # Attribute 'small_contrib_threshold' of the grid.
  0.5000000000000000 # Attribute 'damping_power' of the grid.
 # binID   n_entries weight   weight_sqr   abs_weight
    10   10   5.049579328680633E+013   6.422953119623157E+027   5.049579328680633E+013
  </DiscreteSampler_grid>
