 -0.00205337558166276  0.00904189549964992  0.01783608509576771  0.02670236756241414
  0.03556746264098383  0.04491469284688961  0.05434040468287531  0.06362598317317589
  0.07354526005220216  0.08371348593447407  0.09393006182757489  0.10437067628335414
  0.11470989952464219  0.12491773270120356  0.13478686768026080  0.14450809043237201
  0.15506656557430323  0.16592133214446736  0.17720861515318709  0.18765834970686904
  0.19812689933935460  0.20833245324426256  0.21854482331070629  0.22871890084027588
  0.23867551419746361  0.24818989992971510  0.25791221854592733  0.26844830129978736
  0.28017164632272695  0.29255996384315863  0.30530692031307077  0.31763989520891989
  0.32930958592927595  0.34043838303727481  0.35096055954121674  0.36135513313295520
  0.37204575217439145  0.38279572461821632  0.39374876215722054  0.40472976033812180
  0.41557639455129880  0.42601762850326275  0.43629557065505770  0.44588555704052690
  0.45577421555911585  0.46641151575067313  0.47782347075091525  0.48856011858928333
  0.49860779271842987  0.50831923577202620  0.51768212531221847  0.52710830353209448
  0.53671287310113203  0.54715290429504970  0.55854100533788476  0.56995709676710804
  0.58105947602100061  0.59231799399269369  0.60350154753014695  0.61365840181316800
  0.62378160854087983  0.63432959744486306  0.64440106034217337  0.65398517400843204
  0.66354752674566708  0.67372210068497562  0.68400676635968927  0.69406536187511925
  0.70414906642699560  0.71460170978980531  0.72605663945261145  0.73847976514558289
  0.75127812441777486  0.76293257398086256  0.77482565333585540  0.78715906312700479
  0.79981897058408213  0.81255727407328582  0.82546930068679991  0.83734289980573329
  0.84846957446493099  0.85977462180579245  0.87135136957206638  0.88169922508249443
  0.89140477658906869  0.90112760688155080  0.91113549518242765  0.92061926180363973
  0.92956792985153391  0.93874492903798790  0.94889004680985112  0.95922370073722207
  0.96911158573954637  0.97906831429152863  0.98927163865521350  1.00000000000000000
 -0.00034266998860226  0.00604654400603161  0.01248041823696128  0.01885991630793894
  0.02591220732907815  0.03308943637965018  0.04099824270246995  0.05019728398211052
  0.06025765916493092  0.07031031464650113  0.08002026751847501  0.08960777315303807
  0.09932272145552833  0.10938681539652688  0.11955776818610192  0.13030411676932560
  0.14200983562645039  0.15441641609728338  0.16675710693949403  0.17774891443178437
  0.18852241809331735  0.19986341783068817  0.21054969101186150  0.22130220273250750
  0.23196557778753843  0.24272876556856232  0.25376028217531976  0.26359276227047362
  0.27327652340624808  0.28228971118865348  0.29134378500807245  0.30058761792161626
  0.31007661797580521  0.32008444847521755  0.33021139340331784  0.34044980826167076
  0.35064631211055924  0.36117827705128092  0.37163332952329203  0.38174112611835476
  0.39179900308165955  0.40186677988972130  0.41227237742913281  0.42255747908230473
  0.43197414320050026  0.44140078494277329  0.45122460472123754  0.46156020007814047
  0.47192149568353098  0.48255839049895588  0.49355793891532196  0.50501039816903692
  0.51648686624711704  0.52829064391821612  0.53989406096650971  0.55056619035094145
  0.56077932718916945  0.57097514920385073  0.58129504152193312  0.59166253788067835
  0.60243595626723867  0.61448508231328258  0.62650013891487510  0.63772126304818555
  0.64801533672392853  0.65795570072961373  0.66846721879092086  0.67931311561299723
  0.69036774112627208  0.70174065896419380  0.71298310880331983  0.72424083755701774
  0.73564038749710869  0.74731431611969223  0.75874926431298517  0.77000821722979373
  0.78200930678086733  0.79467731452903256  0.80599392816644722  0.81715285780374836
  0.82777799521513562  0.83775978431601694  0.84779379210531991  0.85774179798715222
  0.86768337727283618  0.87832803673334547  0.88994310257169462  0.90056792114382112
  0.91013944045511086  0.92050108374383532  0.93129812771916831  0.94222924103224082
  0.95354224254261177  0.96647013691726880  0.98201168715215081  1.00000000000000000
 -0.00818052162483920  0.02026064938109925  0.04379069813313065  0.06753654078407849
  0.09087480059415549  0.11365964589224184  0.13428989133661431  0.15412222312541715
  0.17451375247290399  0.19463183820027849  0.21447865276298661  0.23661176860280136
  0.25898190656309156  0.28094837015601126  0.30280434940236634  0.32451442745084130
  0.34627923319746495  0.36807180020990971  0.38998257367154543  0.41191876406554995
  0.43392151506372612  0.45600383257601934  0.47818245436989315  0.50023608063197877
  0.52225147740140243  0.54507090129824798  0.56818244118531647  0.59213400469301547
  0.61677950085443278  0.64227780542400614  0.65923465070768106  0.67341197370247108
  0.68753391767373229  0.69031859974994214  0.69165628321947048  0.69523323600787512
  0.70020921861049146  0.70503216802757851  0.70987095350637197  0.71468986179510663
  0.71949161991278310  0.72437435008351303  0.72928480872024970  0.73408167411398617
  0.73880910059282778  0.74354546934930554  0.74829174796045772  0.75312680078758032
  0.75800162407500171  0.76287682889202058  0.76779436639042231  0.77263144661270466
  0.77745935150548329  0.78233325610415549  0.78729142688654430  0.79227142599722289
  0.79725435632916408  0.80224383475737271  0.80730623192616902  0.81240744781350283
  0.81742598036303715  0.82241098875107321  0.82745409893342825  0.83248289181923363
  0.83748164434282346  0.84252657563289501  0.84764263155095232  0.85277000016417437
  0.85783710227166221  0.86291572977761355  0.86799808887448404  0.87307291567765011
  0.87814017012225798  0.88325328919070800  0.88839266521709326  0.89356902817212425
  0.89879838246360633  0.90405296750646402  0.90927198764647088  0.91451836267741804
  0.91979078973316220  0.92507821789736733  0.93032344907585307  0.93561636512861812
  0.94093821802284083  0.94623372768014546  0.95153315302032981  0.95678038208994787
  0.96202671610565627  0.96739312943857814  0.97281315989418737  0.97824436595206632
  0.98371114389839742  0.98916080412906537  0.99456692330495233  1.00000000000000000
 -0.00244916934795024  0.00970462173779348  0.02026236129346650  0.03186051153894755
  0.04313229728732650  0.05423902891781129  0.06486354808880591  0.07576860319118006
  0.08615845843172373  0.09658692724311702  0.10693654765314714  0.11759135753720001
  0.12830925138667329  0.13908774810871849  0.15034541798896758  0.16210881662694485
  0.17359957711674875  0.18448810214102801  0.19517457120889567  0.20573476291520304
  0.21647175087660037  0.22693900250878807  0.23755255324665042  0.24700640913842800
  0.25760003057787317  0.26830943944739155  0.27868214365255489  0.28871650277989874
  0.29872936439259362  0.30902350793539768  0.31893032964531270  0.32835791603571229
  0.33769815986672558  0.34753428073430975  0.35695389717484333  0.36698688389668271
  0.37717204596056164  0.38887443957431572  0.40103673320674432  0.41347972145274470
  0.42484114137205325  0.43558760622693238  0.44664949575245450  0.45773121688595775
  0.46860329468598710  0.47965342238039732  0.49118969401802237  0.50326481032032322
  0.51500687614155805  0.52576801843537557  0.53574873766987219  0.54608858465504451
  0.55721893857840421  0.56877907562551144  0.58060922454285691  0.59196015740916963
  0.60270611360025705  0.61366551839716355  0.62492365323556209  0.63605901444416568
  0.64700040726715324  0.65804102067917991  0.66944077045194905  0.68108227444309111
  0.69263226288412227  0.70301364489960927  0.71402100979356897  0.72509886047024874
  0.73555018041857689  0.74546754517260283  0.75559640011558304  0.76641714653717508
  0.77700039714811819  0.78730501573586442  0.79765320333632161  0.80803528062309149
  0.81802329782922101  0.82775034044770901  0.83728406939876476  0.84709940262967010
  0.85736102336147491  0.86769648535838728  0.87780735283503386  0.88801785811098277
  0.89823449368900543  0.90812215566566701  0.91773583472873066  0.92725256289816316
  0.93662623624032881  0.94584191999125311  0.95523835936914370  0.96445069258679172
  0.97362485211094185  0.98232332313364468  0.99114836636469106  1.00000000000000000
 -0.00266905294811381  0.00994724192089804  0.02125806662139319  0.03287460113366124
  0.04473035500148060  0.05625312836539602  0.06728166908345420  0.07778191930041574
  0.08809543767030992  0.09868278883016854  0.10876201500664170  0.11861879866108423
  0.12917632475700497  0.14030617306292389  0.15143817623856803  0.16185581969226678
  0.17176622226419028  0.18173125705956378  0.19191136067854903  0.20215501170005021
  0.21223961642314171  0.22220340406519212  0.23250304532230950  0.24338295046908831
  0.25398223747857662  0.26407298870218249  0.27402646592709479  0.28381292731937019
  0.29353920702858161  0.30289644639460350  0.31210601822152478  0.32164326559804496
  0.33152321315278388  0.34206450966802104  0.35307613717226072  0.36434802176100622
  0.37553585003428080  0.38589462081901882  0.39595887919053174  0.40631901407168908
  0.41720914982124574  0.42825980003665814  0.43988210939915373  0.45235428884523771
  0.46415194183969355  0.47572810260492804  0.48666055552646187  0.49772381201823146
  0.50925766047148491  0.52058892788119882  0.53190422058188036  0.54236707624695224
  0.55185749162453823  0.56140361734644673  0.57151698941843687  0.58218979125242909
  0.59309618110520235  0.60367529437488332  0.61469372830201241  0.62517714976185235
  0.63460597047555856  0.64394700818108341  0.65284131038088822  0.66182512462400667
  0.67173167704674108  0.68264031712529860  0.69427863560346514  0.70572461375321038
  0.71671333884504040  0.72754534650294456  0.73808792034995718  0.74918187309620654
  0.75980015455090200  0.76995691576252057  0.78068588415146278  0.79152650711659567
  0.80214946253571684  0.81182928839571544  0.82094243887747231  0.82935636561232606
  0.83845979944749538  0.84769656559465878  0.85805150042130962  0.86805765708120031
  0.87838144739387070  0.89097420454618093  0.90209910454788245  0.91291067605919829
  0.92409892565613427  0.93588428630291842  0.94737566073164203  0.95874838819840180
  0.96955508723039230  0.97999208991501918  0.98987969753602223  1.00000000000000000
 -0.00265530198379160  0.01004475041267069  0.02028129901365722  0.03112481525315796
  0.04158523362716913  0.05219881959777186  0.06290747893046388  0.07356750673387133
  0.08397792673358218  0.09409814730045887  0.10460422712518139  0.11507172294497907
  0.12609949635408277  0.13728669374510885  0.14846688613819028  0.15961654229691724
  0.17067753691634363  0.18180275192616216  0.19358708524017620  0.20607847111187771
  0.21860219845696394  0.23118106593180682  0.24384955143987375  0.25512992632185660
  0.26613912062202427  0.27707905623504986  0.28791817177535561  0.29775271791403357
  0.30700301920723450  0.31640446979310755  0.32695380540066943  0.33773364262164540
  0.34840535238718923  0.35900376820097041  0.36927758926152426  0.37954950083928807
  0.38957556801160814  0.40021983027849434  0.41192492271621495  0.42427666127787089
  0.43683630419535030  0.44813123050107467  0.45943884109173533  0.47035637346917269
  0.48118315060450412  0.49210351191437923  0.50364706027015005  0.51558400821639272
  0.52745083876888432  0.53922414127457019  0.55124025348089023  0.56356072283373959
  0.57613674128323311  0.58847204860969649  0.60001490022317938  0.61066907913211121
  0.62100236734113368  0.63153426998294293  0.64246896886388760  0.65281477958966094
  0.66265415054257604  0.67206349884758176  0.68161880578290990  0.69069636316577920
  0.69939027107998075  0.70780472771478964  0.71636135612236540  0.72509277361134616
  0.73453140676704942  0.74474127186931238  0.75481972194760694  0.76545314730897973
  0.77565051348681568  0.78668011281871941  0.79722581728582620  0.80755134674041618
  0.81763077622494029  0.82772767607005715  0.83771847070373329  0.84754771765422554
  0.85726201212349751  0.86701285725576249  0.87664872940233529  0.88621386338030084
  0.89596485928423353  0.90604085365415821  0.91624017544629022  0.92566077179148576
  0.93450971021436946  0.94340912001969146  0.95245036631276059  0.96171583244116032
  0.97144221438178446  0.98112726427318164  0.99090850860841095  1.00000000000000000
 -0.00271538209407120  0.01127274385041038  0.02257506779690028  0.03302603479969419
  0.04330796690424647  0.05259328372601597  0.06266993908863680  0.07222549681540286
  0.08213033585952040  0.09258113778573912  0.10314602150832118  0.11323818456473204
  0.12313126875359946  0.13304441147468893  0.14339107279189861  0.15369429843148885
  0.16436385538629683  0.17586035049907964  0.18706573733556875  0.19693215184586271
  0.20652214070785693  0.21648565492790861  0.22704424655456645  0.23728272976555856
  0.24694027074133015  0.25721685263140165  0.26820444714278419  0.27932811216595677
  0.29032626609593204  0.30187311937210243  0.31413634118397743  0.32625323676985496
  0.33827214763444458  0.35001920496039335  0.36009447836386083  0.37017929989758691
  0.37995711283756223  0.39093513300086913  0.40176102390406548  0.41255226332106804
  0.42254206706887859  0.43233007869109036  0.44133215823991312  0.45082334030173910
  0.45979550094129712  0.46931997947371545  0.47870923681341931  0.48869344887211419
  0.49880082862063413  0.50992468724709739  0.52177838457419778  0.53373469576784038
  0.54422878785040696  0.55449668186752488  0.56495609266339386  0.57584640103963269
  0.58607135143385958  0.59589031665917280  0.60566178192618647  0.61536616964875723
  0.62511675090802243  0.63498198991627319  0.64509748230607744  0.65561047655492477
  0.66720894109347817  0.68083704093013886  0.69357167803278630  0.70401958697361156
  0.71412456389144296  0.72419578754166092  0.73461444696665634  0.74516809785016491
  0.75620592785478924  0.76742758434421532  0.77813770091834933  0.78849965295312308
  0.79904470289913410  0.80953802795202801  0.82006138137363860  0.83046452912104241
  0.84086290211059289  0.85126085398302531  0.86111048749454067  0.87055131560704746
  0.88037139477619286  0.89040910392371742  0.90117652922317504  0.91182196888325695
  0.92281521182895587  0.93389613459313525  0.94469864911179280  0.95547268474463409
  0.96635535169944597  0.97721902328865407  0.98852819570972872  1.00000000000000000
 -0.00254109571706521  0.01000830572630695  0.02096345753369938  0.03092307125906030
  0.04113144384145668  0.05057847030225932  0.06075464727605730  0.06975340221180222
  0.07985401945314893  0.08944297661026888  0.09934400508726159  0.10919033647044522
  0.11915354052786417  0.12894247893133642  0.13933604277321787  0.15020582511038685
  0.16138146804265088  0.17232173403768075  0.18250409458449868  0.19224480357204515
  0.20196623304596098  0.21174648366483120  0.22226426149435285  0.23298797113493588
  0.24329512425826177  0.25343227706600852  0.26325521783800876  0.27344790205954334
  0.28405750927764883  0.29433944929606648  0.30447941258624972  0.31456168341323992
  0.32520744349624414  0.33629737429612400  0.34808818511521128  0.36086082553382248
  0.37422548070820366  0.38597154816841450  0.39719783051197788  0.40719617079330900
  0.41714076360655078  0.42669538726576867  0.43624937646437190  0.44569063098085759
  0.45563253300523715  0.46633556083729466  0.47701462359462876  0.48704511006564521
  0.49704619783024800  0.50757726092026145  0.51812146050219310  0.52871223090086406
  0.53940451816126445  0.55077673744177236  0.56221148773162288  0.57283667126332194
  0.58322986665992982  0.59376407486721161  0.60459952958730989  0.61564499546392182
  0.62688104028995173  0.63862285719109546  0.65022301609178546  0.66241039888597664
  0.67463280847938378  0.68677764204333325  0.69968036589222249  0.71271287885768253
  0.72509498446421339  0.73596134769478860  0.74678917639301245  0.75671752228190159
  0.76632523522012130  0.77536007332541512  0.78471256041603421  0.79469954557156897
  0.80409736020092404  0.81267431028713055  0.82278786214039301  0.83367148421115556
  0.84578334436554048  0.85788465141846004  0.86781844341980940  0.87883874314637134
  0.88970428741300500  0.90036712773080751  0.91069223988266224  0.92151938514790699
  0.93265507302789452  0.94351976821653527  0.95376972034951113  0.96332230801515695
  0.97237714861472446  0.98153215492298496  0.99068598628823690  1.00000000000000000
   62.436809801963911       -1.0000000000000000     
 F F F F F F F F F F F F F F F F F F F F F F F F F F F F F F F F F F F F F F F F F F F F F F F F F F F F F F F F F F F F F F F F F F F F F F F F F F F F F F F F F F F F F F F F F F F F F F F F F F F F F F F F F F F F F F F F F F F F F F F F F F F F F F F F
  <DiscreteSampler_grid>
  grouped_processes
  1 # 1 for a reference and 2 for a running grid.
  10 # Attribute 'min_bin_probing_points' of the grid.
  1 # Attribute 'grid_mode' of the grid. 1=='default',2=='initialization'
  0.0000000000000000 # Attribute 'small_contrib_threshold' of the grid.
  0.5000000000000000 # Attribute 'damping_power' of the grid.
 # binID   n_entries weight   weight_sqr   abs_weight
    10   10   1.783680771814931E+013   6.207385603289399E+026   1.783680771814931E+013
  </DiscreteSampler_grid>
