 -0.00185190533086740  0.00862156032898392  0.01707313552740316  0.02590173216428631
  0.03526479972884501  0.04464904503808290  0.05374560569994886  0.06290570371411779
  0.07235178692059252  0.08225928339129458  0.09230025011237508  0.10253543871833926
  0.11296959957366534  0.12329017081344606  0.13394993143380216  0.14449415596963772
  0.15451917862354214  0.16459879472584710  0.17468812828142166  0.18467014985031385
  0.19445031550351552  0.20417093501072564  0.21418327791510780  0.22430874406827594
  0.23449088487882117  0.24447182134566800  0.25445877574790510  0.26472778404946362
  0.27520619674160163  0.28594171398722495  0.29679958644440230  0.30778499513466634
  0.31793548784309150  0.32738431644079496  0.33734887280995723  0.34810158887590048
  0.35917935168481979  0.36971936841089303  0.38044693122492118  0.39150681554103339
  0.40261518995885781  0.41428565639069037  0.42687970391187630  0.43974090459274717
  0.45295800100246769  0.46509725934686741  0.47656789331240246  0.48790472058498763
  0.49887440976957359  0.51053321409825925  0.52237543268090048  0.53356754793290273
  0.54414860687120226  0.55409973305520388  0.56465292620231977  0.57516297448889819
  0.58536479102581052  0.59519457052595437  0.60502754236702427  0.61583951200065434
  0.62704372350756299  0.63734986566324670  0.64749840688313387  0.65742312800076697
  0.66749343080990131  0.67745517886556550  0.68720645836146854  0.69684809786792978
  0.70580158320700748  0.71450273795246377  0.72353191276672346  0.73410298112693162
  0.74547303123230424  0.75648097240655143  0.76710986625596889  0.77917198814849298
  0.79153063765905596  0.80296672029137783  0.81502791158539123  0.82735679493409298
  0.84029382263785679  0.85307517944739286  0.86496516165942094  0.87615070886895818
  0.88689397269554537  0.89714701684798615  0.90718907081699141  0.91790937900060010
  0.92933232008979694  0.94032651961914582  0.95066946074742487  0.96075358367212049
  0.97072142713187826  0.98043159018688597  0.99008998216499200  1.00000000000000000
 -0.00017636859496335  0.00500923718596304  0.01079744015555576  0.01720408152664423
  0.02470605547139219  0.03291364634630012  0.04159132234041531  0.05058966050978297
  0.05961466628071392  0.06832623971831160  0.07682740761503933  0.08528277801779588
  0.09389254410055360  0.10281336231877636  0.11220956697304967  0.12187022122837692
  0.13153692941644246  0.14116873799903074  0.15057353541811158  0.15990526190262241
  0.16947929105904072  0.17963543088931330  0.19030028351441983  0.20086819697109987
  0.21117180140478531  0.22143131297044596  0.23179860076600217  0.24234936198433349
  0.25276435175222939  0.26301578075000814  0.27336654749188222  0.28395567427185914
  0.29441338156011992  0.30459804014492708  0.31462463809759600  0.32464786712685445
  0.33498737480328233  0.34576413581857607  0.35641939312864207  0.36679329254625209
  0.37691239981369795  0.38678947327482405  0.39675615246041318  0.40685505204161715
  0.41775968344656533  0.42844368882348005  0.43830711624144336  0.44858456976337557
  0.45881898400669680  0.46945892194431871  0.48026492917668195  0.49113706462032891
  0.50152082015213950  0.51090358623594767  0.52014814549062971  0.53008366303323140
  0.54057679822172422  0.55118147666535622  0.56190045874931915  0.57344123269158342
  0.58496963877814623  0.59537508258017369  0.60539482341279771  0.61607144696449656
  0.62737437154588405  0.63951554216658546  0.65157297767894673  0.66327479817812052
  0.67417702988111894  0.68440789636062083  0.69442329721229235  0.70404348335679023
  0.71371017467711573  0.72339054019473770  0.73338478588829081  0.74324849980797647
  0.75339012375629522  0.76492744360094023  0.77767640878998756  0.79064220360502402
  0.80284583817505173  0.81474608488244171  0.82725802779901791  0.83976748716366023
  0.85194531980861665  0.86399520609129299  0.87597712478593426  0.88766923736280368
  0.89957942000775981  0.91216820197228532  0.92596603043657155  0.94015880879567548
  0.95478323614510607  0.96855314751785138  0.98361660126499384  1.00000000000000000
 -0.00834143594835496  0.02147588805856179  0.04454369068343932  0.06786987622193426
  0.09080788520305175  0.11314213790753325  0.13363933105814368  0.15320135805428584
  0.17335455741894953  0.19327620549141181  0.21286657180802315  0.23473575475804453
  0.25728506448370192  0.27965211080132202  0.30201816128090803  0.32438266322912818
  0.34652501660497192  0.36856565097709881  0.39026907898734009  0.41198848865626059
  0.43384542142481308  0.45577295471236923  0.47778854147697375  0.49973852441431321
  0.52166238301111834  0.54357448564666810  0.56578141797028059  0.58934251794830828
  0.61353379810271524  0.63892565570416482  0.65791874941981399  0.67296309653966269
  0.68576727254451864  0.69026121220312286  0.69155655077668687  0.69488320630975475
  0.69974102817783146  0.70449854859352967  0.70921084781129229  0.71390438610795703
  0.71866413213718183  0.72343393894015773  0.72816840263458538  0.73292971010425489
  0.73770999471605181  0.74248576320639403  0.74730723498381757  0.75215635967832650
  0.75699882257557716  0.76187820978396159  0.76679896786933799  0.77170371211187327
  0.77656399757672856  0.78136853244495652  0.78622339116178153  0.79117870246927957
  0.79619087475766637  0.80120152066153716  0.80620386779707842  0.81121143001667018
  0.81625017179821802  0.82132690355466065  0.82641732490378084  0.83157109530734075
  0.83672720727441896  0.84178447565881076  0.84674627136232061  0.85179365329709222
  0.85696008517516331  0.86209967286868794  0.86716046398302282  0.87215269873547574
  0.87724957183362007  0.88248442084880074  0.88775599081475431  0.89300247427142065
  0.89823405496154862  0.90341087889587124  0.90862157312170944  0.91382389681996179
  0.91909760018352393  0.92447025953451756  0.92985600354047837  0.93515392187049151
  0.94042569281215549  0.94573923781075964  0.95116644095430658  0.95667292521997138
  0.96218610738170840  0.96762924094812242  0.97310406243429293  0.97850975211979374
  0.98390316521387966  0.98929015690093147  0.99468588190416263  1.00000000000000000
 -0.00245910601973973  0.00949614444551103  0.01950035915012085  0.02914139552299966
  0.03875455291211564  0.04848684296029079  0.05800245763377661  0.06745564863427612
  0.07675107539915921  0.08701685667238358  0.09753390074811175  0.10923874353631223
  0.12156220341365645  0.13425182789790968  0.14641971149221120  0.15791915193653597
  0.16925235356675239  0.18093952578732805  0.19267120661656323  0.20410441301106866
  0.21567951640823965  0.22723871864580059  0.23852101124074299  0.24955342934817826
  0.26075360586678753  0.27149303407097886  0.28199068217655865  0.29220212671757367
  0.30187018597842569  0.31109582402361163  0.32007444067845808  0.32918040595570042
  0.33916315065030350  0.35045953209061792  0.36190956611425107  0.37280430284592059
  0.38316974972634177  0.39330086092746819  0.40405356974787709  0.41539964777606764
  0.42659840089312967  0.43727939194114274  0.44699429147614467  0.45649015026304685
  0.46576450258190433  0.47534855853823010  0.48551414670085469  0.49548605377023169
  0.50510196630326676  0.51456679230774882  0.52469930314447155  0.53524358795262150
  0.54479868919279517  0.55355099907743266  0.56249712520146677  0.57197432913288138
  0.58201207250005016  0.59150750233471472  0.60093011886199699  0.61055719275527043
  0.62088036682309067  0.63131804561681082  0.64179510795854833  0.65193528842857651
  0.66112504897163793  0.67018432206436662  0.67961861710191473  0.68973320445349551
  0.69991218644336384  0.70974055318807872  0.71983358754689297  0.73020475289757092
  0.74057322264757708  0.75119441695969114  0.76128701557319556  0.77158227010787950
  0.78296602586838426  0.79437611969717881  0.80536751022325304  0.81602734858882042
  0.82661612961040376  0.83712536268268312  0.84743407281469796  0.85834710679260606
  0.87027727991751169  0.88266856584711462  0.89547006421104125  0.90819739136038036
  0.92062955042089112  0.93290058797775410  0.94492363472605012  0.95681646538467779
  0.96840697704051348  0.97940276825391015  0.98968046636493423  1.00000000000000000
 -0.00286488518803063  0.01095292557286961  0.02296035210206736  0.03581982277525023
  0.04729725888249119  0.05815249101685541  0.06842731366691743  0.07871533250852571
  0.08857987383016658  0.09816154233792385  0.10752081298387785  0.11683134880089757
  0.12636967213160843  0.13647188085913919  0.14663352814204150  0.15692945779603087
  0.16742276854922813  0.17785004874191604  0.18788939494574630  0.19781211125222969
  0.20778478579139709  0.21819367885538965  0.22902122875640463  0.24039540497879905
  0.25171227868057683  0.26170350475646176  0.27166563134612948  0.28096826383405404
  0.29044538010854160  0.29982604700645965  0.30918526676202124  0.31847872969115792
  0.32755652518791928  0.33733123608488536  0.34797239110276423  0.35857045923770509
  0.36866225858955881  0.37931673609428779  0.39084501121478227  0.40204707512128368
  0.41271737146861320  0.42336293510232903  0.43413727081168429  0.44511438993412428
  0.45594464965286363  0.46510466055819844  0.47400792433002559  0.48284900939457032
  0.49221234648770118  0.50202188480365684  0.51203440206538731  0.52261627809931366
  0.53404518680900237  0.54572437813446084  0.55710872144839940  0.56849878808021637
  0.57951868687946695  0.59008222276000388  0.60005210722956082  0.60983486108630747
  0.61940048650509039  0.62864810213693112  0.63743949871962624  0.64643176629888199
  0.65615101207844395  0.66620303941372849  0.67604126516614049  0.68558515360394245
  0.69662916301514766  0.70808569933190679  0.71944228900495777  0.73092075624407027
  0.74277867798834429  0.75525440957997547  0.76773451504275880  0.77920063208540424
  0.78959387665604230  0.79978035830311667  0.81016794811456405  0.82098523934803036
  0.83214925886542024  0.84415876375702970  0.85756603673214737  0.87126605148984060
  0.88452737691498662  0.89632508268126965  0.90597319704550128  0.91579795606216907
  0.92546246963509970  0.93503716889271826  0.94524381669611790  0.95605113539040210
  0.96736381681472239  0.97771554008368522  0.98887251091577189  1.00000000000000000
 -0.00355881673936164  0.01318678064823317  0.02646859027978092  0.03926190986608671
  0.05182318047077643  0.06419912867293226  0.07644842332613375  0.08767132340522472
  0.09815536187109591  0.10843520028395824  0.11884308406190322  0.12932717373558739
  0.14012213329199558  0.15174030212135819  0.16371827460441266  0.17495480515537995
  0.18606224693381210  0.19789206131142262  0.21037369775704315  0.22288172754384544
  0.23475035416818546  0.24590517419374439  0.25658280206544548  0.26686145802977074
  0.27687709726079685  0.28699375216275408  0.29727836287991144  0.30789476482814854
  0.31825037149483415  0.32804883096887621  0.33792538910597036  0.34792445536637578
  0.35832686259029772  0.36932549173703927  0.38107956818907524  0.39389526519161894
  0.40538426801070376  0.41574134643968091  0.42557099611053567  0.43539662205093621
  0.44511074266432110  0.45503048914241190  0.46548032508905179  0.47617291281185531
  0.48678098975586676  0.49676676363846595  0.50733557222612347  0.51781719235174561
  0.52836850394729185  0.53868786331159435  0.54918126739827156  0.55993991850639413
  0.57037388354956120  0.58079507369643257  0.59112835915312745  0.60139690786569100
  0.61064628503233798  0.61941766638825602  0.62844700756562122  0.63771540641013003
  0.64717737104415618  0.65668953989772472  0.66617342038191429  0.67654975765355474
  0.68806512057187519  0.70050920999314159  0.71293982001103584  0.72479740306157392
  0.73577324858117710  0.74582959041457852  0.75555621616094892  0.76436536661413668
  0.77324727275430483  0.78173267331419316  0.79029481065957863  0.79945898089307488
  0.80935786719243974  0.81998495394028970  0.83080102808039247  0.84111436514745586
  0.85094869964240805  0.86033708028022093  0.86996587879795273  0.88011395809373549
  0.89001193020620317  0.90007054869184089  0.91071198500069805  0.92134531581119306
  0.93181144009102601  0.94177738974985858  0.95174120455576561  0.96164912138668035
  0.97125299014179589  0.98046254565861146  0.99002688520946835  1.00000000000000000
 -0.00146009199693589  0.00623405452143931  0.01407861317044211  0.02286442980774675
  0.03254600393422005  0.04210260893169461  0.05187168462888148  0.06185747736587829
  0.07246266599852774  0.08348258070341090  0.09440203426247328  0.10527881693397163
  0.11616497864689715  0.12656390214306792  0.13633890244231242  0.14566416540707350
  0.15446517451484484  0.16334974396369956  0.17216342550108912  0.18041320162099164
  0.18861533392524260  0.19805864224057251  0.20721096126817681  0.21954077219754517
  0.23118463338181361  0.24277169819802519  0.25467328423459606  0.26679787276221173
  0.27895264936007513  0.29113178286481933  0.30341504204835468  0.31537920375355522
  0.32686912417382519  0.33841044922264230  0.35007249401763590  0.36115612327310714
  0.37151938989725786  0.38233637419881489  0.39336511763005638  0.40420914553336040
  0.41446433928431065  0.42462635682931060  0.43464376844304570  0.44473168222003950
  0.45473909298165666  0.46446334820833934  0.47426068876994382  0.48438539584344337
  0.49495854925162308  0.50555228606274905  0.51547767809174705  0.52465503468863794
  0.53393441066269698  0.54421808721403042  0.55600529432636059  0.56749405093961303
  0.57821933624773036  0.58915992989347032  0.60014409154034298  0.61066287686024701
  0.62089188137546569  0.63146993365332604  0.64212199400854364  0.65260847597010729
  0.66273627601078267  0.67346697760249552  0.68460813554218258  0.69583973100207019
  0.70688560992884308  0.71740368991779946  0.72765467021489294  0.73800979472043804
  0.74842813094547311  0.75878563664758403  0.76904201785227377  0.77931784795994563
  0.78967583357149962  0.80009245773336701  0.81047459222213791  0.82050871967294425
  0.83073450487605727  0.84230698239169688  0.85434496389817061  0.86549449429309877
  0.87646214638287079  0.88783081388771357  0.89901944265892408  0.90960474173595296
  0.92040412467498545  0.93182331252076489  0.94319350528442736  0.95363946873458760
  0.96472109836833109  0.97691387949913677  0.98844886770624441  1.00000000000000000
 -0.00270694615082178  0.00936748193043325  0.02042886731794327  0.03170412445741089
  0.04304524649842793  0.05429219452184430  0.06522713819449161  0.07555778006740387
  0.08620944443176305  0.09675144815727085  0.10700340474332039  0.11662552643756872
  0.12608311680590276  0.13567108908938352  0.14576987055108528  0.15547356230556506
  0.16502667305729674  0.17549447178159538  0.18564435003862215  0.19613776609947739
  0.20687089991018623  0.21892885494861702  0.23134891060866358  0.24221862765029542
  0.25265863274861439  0.26305536738940877  0.27326119033438162  0.28348980989314615
  0.29391047567356132  0.30526729499464184  0.31729973634854869  0.32957796743846202
  0.34223015849705551  0.35462453564599333  0.36588275004018539  0.37692404805309959
  0.38740498193836609  0.39843912911956353  0.40988083689287169  0.42170792023767883
  0.43364112891657974  0.44574835154871006  0.45752700481419539  0.46944832651520768
  0.48087239916057101  0.49358591769745369  0.50471343105838529  0.51446425765096648
  0.52362431756611660  0.53283251135427501  0.54268997613190628  0.55275327235264970
  0.56298570836683570  0.57498566475550217  0.58631458605112163  0.59641091665611035
  0.60652434273724476  0.61685230835062188  0.62761882677461445  0.63844921540331501
  0.64907456363756288  0.65897150473627475  0.66934217268251928  0.68041624812333401
  0.69116612146150780  0.70091395143128232  0.71100386199378385  0.72139557713579994
  0.73161069134850765  0.74182020595864240  0.75269022884500691  0.76445513738868076
  0.77672111100486629  0.78906837083753079  0.79889762489714811  0.80769853905970912
  0.81634095387969929  0.82467209092411775  0.83287541066782722  0.84046758407885525
  0.84762080073952839  0.85539075164872991  0.86453710400371298  0.87409939087770028
  0.88408274704517542  0.89449290952907545  0.90526298970358399  0.91653577753947357
  0.92719361734928363  0.93852541031299086  0.95036468715088462  0.96068748558136807
  0.97004876880576807  0.97956115856668269  0.98956140378253599  1.00000000000000000
   61.582084595172695       -1.0000000000000000     
 F F F F F F F F F F F F F F F F F F F F F F F F F F F F F F F F F F F F F F F F F F F F F F F F F F F F F F F F F F F F F F F F F F F F F F F F F F F F F F F F F F F F F F F F F F F F F F F F F F F F F F F F F F F F F F F F F F F F F F F F F F F F F F F F
  <DiscreteSampler_grid>
  grouped_processes
  1 # 1 for a reference and 2 for a running grid.
  10 # Attribute 'min_bin_probing_points' of the grid.
  1 # Attribute 'grid_mode' of the grid. 1=='default',2=='initialization'
  0.0000000000000000 # Attribute 'small_contrib_threshold' of the grid.
  0.5000000000000000 # Attribute 'damping_power' of the grid.
 # binID   n_entries weight   weight_sqr   abs_weight
    10   10   3.501977113944548E+013   2.068734307350750E+027   3.501977113944548E+013
  </DiscreteSampler_grid>
