 -0.00231040532334808  0.00845146110256184  0.01878339211473877  0.02951188990093084
  0.04074283678082720  0.05235233606143843  0.06396966264287327  0.07470933054864640
  0.08510882948025777  0.09525638981819330  0.10538161751202028  0.11514198361920787
  0.12470701572822636  0.13371220316353732  0.14311578576115733  0.15303191556284751
  0.16333180716339774  0.17264406999308385  0.18178046341185275  0.19107729110200389
  0.20169040078672026  0.21228345903064427  0.22293801308976674  0.23415636285950631
  0.24573347551725411  0.25718338235500937  0.26776114524967126  0.27802048532130369
  0.28801083834522839  0.29884043692862267  0.31018108181252702  0.32049479558393928
  0.33034237449215986  0.34039063077874626  0.35079944599178819  0.36159796292377333
  0.37297243151765802  0.38505387738043617  0.39668931244997468  0.40775022635029901
  0.41816241021049033  0.42797261811814369  0.43832786919507438  0.44883974335830595
  0.45869424523208663  0.46836766626867982  0.47796638285779214  0.48855788875346945
  0.49952127099077281  0.51038081588249351  0.52077481016716520  0.53159767683282633
  0.54215216669485788  0.55201338881567419  0.56193936009635692  0.57175656617340209
  0.58134426125854211  0.59052807335691926  0.59969364422944393  0.60972411586180575
  0.62042988997131543  0.63111019788925982  0.64158839863283246  0.65233053563766963
  0.66384984251663703  0.67571792768555250  0.68838295862972210  0.70013861682352696
  0.71100303654644359  0.72088008860983255  0.73035054121998566  0.74136577108847090
  0.75210415781704187  0.76249518090635771  0.77263758513982372  0.78334354121546035
  0.79431522426468626  0.80500001740396443  0.81546282465071285  0.82624127800499991
  0.83725292401287954  0.84813231573006309  0.85880121011495703  0.86932100931793832
  0.87949742651139040  0.88947276513578810  0.89967516277835802  0.91015752347563339
  0.92102636615740363  0.93199213216153221  0.94344017011537407  0.95526271354366654
  0.96652895638667513  0.97811522584222277  0.98896064935010319  1.00000000000000000
 -0.00040969747756910  0.00545811220486043  0.01143813316513538  0.01817387611807959
  0.02581945474776595  0.03430996007416981  0.04348819040873315  0.05278833064599767
  0.06172750054322030  0.07062352487196398  0.07961673178997304  0.08852915674111410
  0.09760334639579896  0.10711515294833392  0.11709857511486059  0.12738420450355409
  0.13789703541568116  0.14852565504921539  0.15892317656169183  0.16898893117316774
  0.17875398058393147  0.18836792804553115  0.19778129177034592  0.20739375231341534
  0.21786894935492468  0.22892302405526377  0.23960967465340485  0.25053835277941960
  0.26167376820481886  0.27225376555762976  0.28240128137919746  0.29305330342335939
  0.30420787272913069  0.31534177427201260  0.32668107882860353  0.33814561789982189
  0.34956695962261974  0.36074861385603380  0.37156763904319529  0.38165121786348144
  0.39123454989915352  0.40115290898563033  0.41155894922742908  0.42206866989784730
  0.43263965565358314  0.44344310358186551  0.45497738512678138  0.46735440752697321
  0.47990275894858481  0.49159497871320157  0.50198276354006988  0.51198710232611611
  0.52201751821679487  0.53232105647509131  0.54298072942749143  0.55423655556705365
  0.56504321697827153  0.57545776470458287  0.58573079471044021  0.59618950378790914
  0.60784012815883581  0.61998923426624697  0.63124580496065719  0.64246911403940532
  0.65343487227578756  0.66452089953578197  0.67535712669829973  0.68595682458986718
  0.69641232815574994  0.70657603294865134  0.71732398774576889  0.72827654162485389
  0.73916338999969455  0.75038397670172841  0.76141449861680477  0.77253164832185806
  0.78300709949369418  0.79352191969371688  0.80318347541752688  0.81247057971181447
  0.82177978821052844  0.83091191955269872  0.84066371527816597  0.85144094482434585
  0.86286785734399829  0.87492547513471419  0.88704110754614762  0.89908943199997127
  0.91111735869503629  0.92355764214350655  0.93639011631267310  0.94876734128869133
  0.96077342615948980  0.97254901213917133  0.98542965279291805  1.00000000000000000
 -0.00823901578775433  0.02041136471521613  0.04365631575752687  0.06709400869148509
  0.09014801581454762  0.11262759784462999  0.13323072588708673  0.15281172068569759
  0.17275933096893564  0.19263073196061944  0.21233133018912501  0.23398006767982543
  0.25658114926475550  0.27932879904509450  0.30203499807241468  0.32460103427497639
  0.34702328116977987  0.36930600057855062  0.39173821945301396  0.41421600504024908
  0.43669222054897650  0.45903949372302738  0.48111424812801107  0.50314517674283521
  0.52514830617594499  0.54727354191849154  0.56975778124989096  0.59445209126281517
  0.61964127790556101  0.64572045924462573  0.66435475095212571  0.67813932779061159
  0.68714863356607669  0.69054813093889988  0.69190561792910277  0.69614427513217980
  0.70096867481422187  0.70574439350194118  0.71054019780524746  0.71536455436596513
  0.72022458133961331  0.72506936504116060  0.72990710413150739  0.73467337829803625
  0.73941539249474464  0.74419312318114927  0.74894779887435103  0.75376521078733949
  0.75868960650037731  0.76355858975005753  0.76835691193259337  0.77317638011247480
  0.77802908298946827  0.78288017864349790  0.78774632771138953  0.79265823905878885
  0.79760003800452628  0.80255741953084525  0.80749941434199302  0.81242402767022681
  0.81740226069255983  0.82242279134511342  0.82748101986686728  0.83252015466574891
  0.83753302622038317  0.84258123463412171  0.84763677923371583  0.85269773414602390
  0.85780437266323961  0.86292205150651657  0.86802619272761838  0.87310784252827423
  0.87822052578046694  0.88338816342412807  0.88854758487067531  0.89359852576902898
  0.89867587233394819  0.90384790851013375  0.90908826549731703  0.91428550041538403
  0.91951384694855653  0.92479790667281692  0.93004894931987481  0.93530210681671322
  0.94056336476929658  0.94585374796946087  0.95119230081185424  0.95658957247314036
  0.96204345061040508  0.96744181348254099  0.97281321075226224  0.97820994430896624
  0.98363837222194128  0.98908494952597459  0.99456673595010692  1.00000000000000000
 -0.00261306971125122  0.00925954287836847  0.01938252437811550  0.02956636607889204
  0.03967517363616529  0.04938136793748506  0.05945912538638284  0.06940736944328411
  0.07893447323759577  0.08866385208293923  0.09865493020875535  0.10866766942897604
  0.11869280306337210  0.12938826327453889  0.14106170926273573  0.15250141470531800
  0.16344042665902875  0.17435288954042258  0.18521064702291107  0.19568968676827234
  0.20557099226275569  0.21539387263643220  0.22531471378263265  0.23557245028741811
  0.24498051626722936  0.25483046676262711  0.26493977670073238  0.27517870704557768
  0.28560013555456687  0.29643507727794849  0.30764083039916973  0.31882950522164311
  0.32995452885942833  0.34112370003243470  0.35211464722879821  0.36317839540827956
  0.37430150755910713  0.38525805368732979  0.39609003540257703  0.40651923929705780
  0.41667631235847219  0.42711009061948990  0.43805966048671124  0.44912664735024715
  0.46028452513564050  0.47172827247671351  0.48277089517493693  0.49303513720795178
  0.50320163944856600  0.51340822053718294  0.52349355575179057  0.53329037409432667
  0.54353656050708732  0.55470593183747707  0.56689395980391610  0.57939844040009170
  0.59103653962687697  0.60152075749014855  0.61135407092545058  0.62114397776894237
  0.63082679393364971  0.64075569811740429  0.65074600471449096  0.66108334484251408
  0.67133067237405908  0.68186072486780602  0.69204447298814198  0.70232316327315858
  0.71236280202215496  0.72334091496385178  0.73390452554041041  0.74437027498646668
  0.75498239126926781  0.76505919176387738  0.77541673083986540  0.78595899731087637
  0.79641665803266548  0.80658905298708061  0.81702019914757096  0.82873056151832381
  0.83977762376159548  0.85049546255276554  0.86090387999713225  0.87153167661114450
  0.88217716598200857  0.89278215163596186  0.90420939325189842  0.91579966825797721
  0.92624018582963208  0.93649596507139454  0.94661155026770916  0.95676936216419817
  0.96709994405589239  0.97750382669439706  0.98865181730986529  1.00000000000000000
 -0.00295581379942364  0.01137963959071184  0.02191680617965367  0.03255213289987129
  0.04283140403212111  0.05260359244367043  0.06263379074611992  0.07305464887955383
  0.08334378858295638  0.09380138319196216  0.10467283844349932  0.11659939711729109
  0.12861540307430894  0.14026377025396095  0.15119668647461618  0.16169683157480094
  0.17319213113635248  0.18535101732650569  0.19700966844432524  0.20791376746165682
  0.21873862674307606  0.22932073756621424  0.23944044390213065  0.24904884999957541
  0.25816597862174218  0.26694018151496457  0.27599348407804236  0.28546195012527048
  0.29561972078964516  0.30637535989566950  0.31820422811167887  0.33036072913598136
  0.34135722344616404  0.35202174535502229  0.36252605796002613  0.37310422586741970
  0.38355360465841520  0.39356647617393997  0.40428124474763349  0.41533503060056060
  0.42621606540289736  0.43693496793872172  0.44762541073387624  0.45876973372673513
  0.46968140415976456  0.48046210307266685  0.49031719857335709  0.50041716490534893
  0.51066746507124605  0.52095542748647172  0.53123203803933139  0.54126831456190394
  0.55134505782299359  0.56164117106237910  0.57170531920230050  0.58119870312564303
  0.59107119053605339  0.60012537218575046  0.60995461371494153  0.61997790075509129
  0.63125302150714768  0.64275719672178022  0.65295176302503843  0.66338121425464847
  0.67354023672624053  0.68333908106915064  0.69285777075553512  0.70257310191665401
  0.71289131371971581  0.72408417217105847  0.73492579528320146  0.74577839034337035
  0.75615459408082386  0.76672137858703249  0.77735300708944588  0.78858688656165143
  0.79985562088644890  0.81129872556701599  0.82233891443295115  0.83338382006238898
  0.84436202619446521  0.85498132581551589  0.86590019275980679  0.87651982925163674
  0.88795656096257303  0.89911558390384949  0.90971423781483474  0.92016830089368029
  0.93073291033095051  0.94108498043239297  0.95128180153317632  0.96149454937748979
  0.97223044083575438  0.98187290895505774  0.99121112692522573  1.00000000000000000
 -0.00180125629196809  0.00737948091103693  0.01532955661921586  0.02364399391560149
  0.03218168234758682  0.04089156381209029  0.05065305672578863  0.06183308048958599
  0.07401255023953014  0.08617676485556951  0.09675652341548323  0.10682854413375376
  0.11642953907372050  0.12652504744022702  0.13604146347029747  0.14531555231674009
  0.15523004427078016  0.16554571495208709  0.17666006893290079  0.18757412495731796
  0.19916152892389166  0.21125676264594853  0.22310651521924341  0.23519907447647498
  0.24530803255095052  0.25533193889715411  0.26519546637008673  0.27566666767147630
  0.28643253333783508  0.29804034337800056  0.30960507245816088  0.32071064761655460
  0.33167956218927097  0.34264296915557313  0.35386467301424041  0.36484232253053006
  0.37588449400377755  0.38725509238858180  0.39954270702712330  0.41205318954958292
  0.42335088878339605  0.43378022621174539  0.44425538530521769  0.45463827426280984
  0.46489812534946551  0.47529930655192765  0.48698889507695731  0.49926621426796985
  0.51069126304331069  0.52176780500526110  0.53279120893639120  0.54394828903821990
  0.55507603539776962  0.56583049996647228  0.57641975128931366  0.58689374435361319
  0.59738100990120468  0.60765484299721528  0.61793355203426270  0.62908877774268335
  0.64145117200578627  0.65361376139031924  0.66501451329469707  0.67565134367073243
  0.68625579469565934  0.69651609344234533  0.70612107822601100  0.71565602380502680
  0.72539877281208709  0.73535839650106716  0.74462595448999058  0.75401395776626212
  0.76410973157562578  0.77500321164236552  0.78665617036208191  0.79861384239443323
  0.81061816396065423  0.82131880283595227  0.83157455761181431  0.84196553599759449
  0.85241095110052723  0.86272778463935518  0.87314496876952807  0.88415005020176085
  0.89530767115352150  0.90545376024353730  0.91486656803645172  0.92422440162232744
  0.93395484359094783  0.94385043272637481  0.95332531982630908  0.96253233389043746
  0.97153863688014941  0.98067854358656592  0.98987977509933944  1.00000000000000000
 -0.00244281572868924  0.00980812990699388  0.02058118380066233  0.03136664954289362
  0.04151263974949961  0.05140556837415777  0.06155311678990318  0.07215734494686010
  0.08246336500613245  0.09282521039703717  0.10332280420475314  0.11336590168560969
  0.12340283471018502  0.13352140452880792  0.14393273542500254  0.15477220046147844
  0.16550864941781696  0.17699571119504873  0.18853390058045280  0.19896466619101089
  0.20953612278992473  0.22094952198198667  0.23153601678694358  0.24167089788003329
  0.25114218362403790  0.26111154040747386  0.27171782735869493  0.28227304636916317
  0.29351643454895415  0.30559477304076321  0.31761960175459203  0.32965346865142264
  0.34190697295127509  0.35370705830583388  0.36449118220689602  0.37487180325190167
  0.38573024850110688  0.39671213134792493  0.40725087649879022  0.41745772461965169
  0.42796763215606914  0.43885213977329246  0.44998624054099234  0.46192487191031545
  0.47415785121601689  0.48551574666483377  0.49573643751452068  0.50586495412080423
  0.51624751274381109  0.52687861102004430  0.53804812982861494  0.54951454280171830
  0.56128625811108024  0.57248579723482862  0.58310505855362760  0.59220495913077853
  0.60107166516373878  0.61019030424079590  0.61959506024101407  0.62895448246071728
  0.63797498143449893  0.64713978176004250  0.65697733142845904  0.66695601861930021
  0.67659171882495928  0.68651513908876538  0.69772495786117961  0.70957100156747066
  0.72133549804220232  0.73323013721953723  0.74553949392066232  0.75828450224497068
  0.77022369659048484  0.78091054361741075  0.79085452762494757  0.80081970133995151
  0.81058941884261904  0.81965765477418862  0.82863010286013972  0.83877148318556138
  0.84951945254165229  0.85954392230030985  0.86927033983840718  0.87907664919094552
  0.88881264099572910  0.89817817336788819  0.90736324514866706  0.91688433791464563
  0.92682520221704490  0.93687676766046613  0.94722163899755607  0.95759903603424212
  0.96852891589789214  0.97911856710522105  0.98968910008299993  1.00000000000000000
 -0.00197305777999080  0.00784336188922097  0.01641905949867576  0.02605656136955903
  0.03632529431065557  0.04626848751755754  0.05703352300988236  0.06787666387163641
  0.08049677377674835  0.09055856391780415  0.10017730304685225  0.11011899636428668
  0.11989545894665112  0.12963908890910911  0.13897193382628423  0.14864107982041935
  0.15885580325451651  0.16934146823547169  0.18005763755507614  0.19112316016142003
  0.20253608761892911  0.21371322738781343  0.22449372024519931  0.23540600135077314
  0.24645764587550861  0.25754048932566143  0.26845876193054807  0.27942458119417396
  0.29060373418728602  0.30162546261804407  0.31251593020673685  0.32330522225829256
  0.33412418097778879  0.34523998086145363  0.35662809577664201  0.36860923830911402
  0.37976303521625343  0.39013557744014354  0.40003288718132357  0.40988345803915888
  0.42026420813218207  0.43141840211622273  0.44301177986354373  0.45559853904773484
  0.46749422719741474  0.47907921246932367  0.48940117438413300  0.49887655835644018
  0.50814119816397441  0.51772394180149006  0.52834531304540477  0.53891601803191058
  0.55033137970618062  0.56172280941651331  0.57174362703851789  0.58132754664076225
  0.59052185986922068  0.59991276318171838  0.60919730113597659  0.61886415456466437
  0.62909671891095376  0.63978620692308685  0.64970960366153663  0.65938267328494105
  0.66925997315862784  0.67927567605776495  0.68963864323387969  0.70003538078030714
  0.71017821115658153  0.71938505110522744  0.72910308771229704  0.73863891462273989
  0.74820511170252813  0.75769609723208864  0.76715183646087215  0.77707904371810355
  0.78752212730289284  0.79873356622923608  0.81024854928926249  0.82073639780198226
  0.83040460757061829  0.84017608298354474  0.85011247702793846  0.86002614008712630
  0.87024881880338778  0.88128599853469980  0.89301181470626068  0.90451998079097129
  0.91549545793688780  0.92610921773757315  0.93696943875017591  0.94790855079313352
  0.95937408913520772  0.97227707700557175  0.98534870039532407  1.00000000000000000
   61.290152989010508       -1.0000000000000000     
 F F F F F F F F F F F F F F F F F F F F F F F F F F F F F F F F F F F F F F F F F F F F F F F F F F F F F F F F F F F F F F F F F F F F F F F F F F F F F F F F F F F F F F F F F F F F F F F F F F F F F F F F F F F F F F F F F F F F F F F F F F F F F F F F
  <DiscreteSampler_grid>
  grouped_processes
  1 # 1 for a reference and 2 for a running grid.
  10 # Attribute 'min_bin_probing_points' of the grid.
  1 # Attribute 'grid_mode' of the grid. 1=='default',2=='initialization'
  0.0000000000000000 # Attribute 'small_contrib_threshold' of the grid.
  0.5000000000000000 # Attribute 'damping_power' of the grid.
 # binID   n_entries weight   weight_sqr   abs_weight
    10   10   2.842260569646416E+013   2.482153737337639E+027   2.842260569646416E+013
  </DiscreteSampler_grid>
