 -0.00194292362176444  0.00827787541841309  0.01694495006593754  0.02540523255196695
  0.03381742939507289  0.04280931093989520  0.05320092516256187  0.06406219284697227
  0.07468860363629454  0.08502718239770728  0.09535696987672138  0.10563635591617197
  0.11529768357933196  0.12564874445757862  0.13414107903398115  0.14345218594561171
  0.15331237519823535  0.16276388104602932  0.17217318478388696  0.18158205979312916
  0.19206371465687561  0.20385562705619556  0.21593937439246988  0.22746536272536944
  0.23858589689179030  0.24948066412855005  0.26033715536860835  0.27169999549864687
  0.28420532640833607  0.29627962692732307  0.30724694303534783  0.31824486196720475
  0.32908395674053992  0.33911885692789845  0.34876755231128781  0.35892168610089997
  0.36909311934955669  0.37908035759929182  0.38919578648622200  0.40044336407094810
  0.41256256301615191  0.42484571958636891  0.43673992066379480  0.44816676489382218
  0.45948415806947634  0.47292346597090185  0.48486753488960271  0.49540994210269462
  0.50570840502539849  0.51508280048349797  0.52419773445448481  0.53312368855662806
  0.54192773358104729  0.55114643945978226  0.56005171132688047  0.56921942527326619
  0.57879497613793374  0.58877272189822161  0.59978813023548549  0.61119675971956899
  0.62240444103511738  0.63289468736920029  0.64304958807301182  0.65295248567328590
  0.66354679047553577  0.67466680685952707  0.68657742670221544  0.69869126645691693
  0.71079697976620415  0.72189877277854175  0.73285083207663182  0.74301707267440475
  0.75301837605480748  0.76293689238642992  0.77284741051886152  0.78275720073164801
  0.79264906936041402  0.80399427757383446  0.81554828996803175  0.82746238096693370
  0.83994679068606415  0.85362841623098018  0.86604599815475081  0.87695828921696439
  0.88674337956212335  0.89661588089216482  0.90656010371723672  0.91650545804777928
  0.92622366418108937  0.93700345830305098  0.95006542387669890  0.96191292641498316
  0.97180736589346806  0.98086287690715590  0.99008890626243318  1.00000000000000000
 -0.00014857532951648  0.00511851866102367  0.01100673726087392  0.01768383715324476
  0.02551809503169308  0.03371069306512314  0.04242013813824844  0.05127449119627920
  0.06020385357423119  0.06942390067956089  0.07906750463096608  0.08865151767361916
  0.09767087893029479  0.10682702945311684  0.11609808763463318  0.12593260104044882
  0.13653030786579951  0.14740698443499203  0.15856155747793518  0.16895634443105090
  0.17820451887303565  0.18692280050766463  0.19524352100474041  0.20366754836195960
  0.21221600328802162  0.22038228092111564  0.22858978147764564  0.23756547888016333
  0.24725685186449708  0.25721126812311790  0.26713125221195633  0.27706367740317034
  0.28755459911375930  0.29908933816293032  0.31115607043457760  0.32232552110793805
  0.33356413947316932  0.34526150284587520  0.35713612168566783  0.36908679738782002
  0.38058495852069130  0.39110140006239780  0.40155139968157633  0.41179572097781564
  0.42247462353045984  0.43307043770596643  0.44478786309963514  0.45603200674269589
  0.46631225247244568  0.47602285139888328  0.48580073954122233  0.49579175404132803
  0.50602764826358126  0.51643223954597861  0.52726853089730474  0.53773427832751586
  0.54798681823511419  0.55780375276036909  0.56782560684308758  0.57780792400175274
  0.58858289410155951  0.60012709936648212  0.61150670834115217  0.62286718903556482
  0.63441147251804830  0.64580503619837715  0.65672973103775467  0.66701130110804485
  0.67853590056495672  0.68985055024246655  0.70116981327975036  0.71176028388691936
  0.72189364879855178  0.73210046806213236  0.74232186724482607  0.75258843784565310
  0.76304272752510360  0.77418676837707656  0.78734001318652835  0.79901160078118749
  0.80951299265263088  0.81973779359371246  0.82995763651641663  0.84046307232189765
  0.85137604754784868  0.86308595370021324  0.87515202470314191  0.88786600431306040
  0.90070453882372314  0.91393416345246292  0.92704772352087828  0.93986724597690008
  0.95238090909593320  0.96613872262617084  0.98218343812865005  1.00000000000000000
 -0.00865926112323032  0.01929859733834126  0.04330773344211002  0.06758332987676802
  0.09108021564947284  0.11325049076185177  0.13360734699386886  0.15293346107496053
  0.17280899013071344  0.19267873251422032  0.21251227077976026  0.23435313607697503
  0.25710009019015395  0.27941263409762068  0.30169818754090594  0.32391783857115247
  0.34618248913571448  0.36848610876062871  0.39075702323381878  0.41297309133587684
  0.43488766918444111  0.45663523593767674  0.47815221356817156  0.49950878716804187
  0.52078845313012856  0.54333466437076849  0.56609601508241858  0.58936389347338525
  0.61275565941189780  0.63632535291846992  0.65382333355611200  0.67031339438108017
  0.68932800901498614  0.69010730027220124  0.69150854306776888  0.69447115346820731
  0.69947768524984177  0.70426369521096210  0.70907787125232413  0.71379697663045660
  0.71851466256590313  0.72329548107581720  0.72813221334053269  0.73297836564386720
  0.73780245177883141  0.74256696090691465  0.74741295534523078  0.75235972171183929
  0.75728520668140820  0.76214694488679446  0.76705158958873021  0.77208381049672725
  0.77706112478182010  0.78199352227810148  0.78700469076455026  0.79204266936316037
  0.79697669165360407  0.80193369573354212  0.80690064140910078  0.81181867919563833
  0.81674848263774180  0.82177546374738097  0.82682814545705419  0.83192327713788861
  0.83706082522177083  0.84215714609470427  0.84718425667112429  0.85227106868597591
  0.85738297489829651  0.86249795107792349  0.86772394254477248  0.87304600623622219
  0.87833828547195181  0.88350269985791019  0.88864282662314897  0.89378582077082414
  0.89892436694339795  0.90413114870843447  0.90938846420608010  0.91459438133204518
  0.91975151140164091  0.92488512856922789  0.93003195637254743  0.93522881255715196
  0.94057234856891503  0.94598904429858655  0.95144877572964026  0.95687432426400065
  0.96228695503214601  0.96764051337256962  0.97294827156792374  0.97827609584734732
  0.98368391247771547  0.98912823758736423  0.99456921776223528  1.00000000000000000
 -0.00348043432149899  0.01190416922143315  0.02320543739816518  0.03341874841394216
  0.04327169870730452  0.05350325256842230  0.06386544472092029  0.07399369619182430
  0.08373729130909638  0.09483852872941850  0.10562974761430567  0.11515609754590238
  0.12497418912384459  0.13455595112404850  0.14450270563182041  0.15422120402672981
  0.16405381705029423  0.17448844293297916  0.18569768120221208  0.19741992113549994
  0.20831568848307813  0.21932776188142541  0.22974454250746440  0.24047239224120973
  0.25232160275432264  0.26548320574602030  0.27677950146694252  0.28688317107840788
  0.29676157805556685  0.30666590414286254  0.31665029141709927  0.32620616813844183
  0.33620090587669810  0.34705614843037019  0.35790619733477469  0.36837360284252818
  0.37886062731922271  0.38994596139697796  0.40135529150788024  0.41196538240630176
  0.42204512289698060  0.43197880435872144  0.44223415036379737  0.45266756593251439
  0.46347066218126676  0.47381783267288913  0.48432804666979645  0.49518210271140078
  0.50646072693357236  0.51763840900867941  0.52895126247183832  0.54029588775620307
  0.55150844048386838  0.56281374096573522  0.57433955929226899  0.58633498520458305
  0.59834318461736513  0.60957930094149460  0.62019854801783914  0.63064753799971096
  0.64107537449651530  0.65133289029651043  0.66139331695668213  0.67205275397567010
  0.68357946337893583  0.69540209576756862  0.70703125049380122  0.71840174743655227
  0.72916177248153968  0.73875942289758312  0.74827545360146064  0.75803009599186455
  0.76826619091822024  0.77880522791100060  0.78891511892064292  0.79849998795808286
  0.80788957623343161  0.81790127730352247  0.82848717644045722  0.83892339608553779
  0.84871249777191182  0.85839249926100680  0.86862258020573180  0.87832392938113002
  0.88749047380905122  0.89647183746349324  0.90585247508908207  0.91581484722271667
  0.92608633875243640  0.93531714934783994  0.94426888784943597  0.95340326562512534
  0.96377192296983827  0.97524905389418648  0.98757341778139573  1.00000000000000000
 -0.00231078875563842  0.00908929310053313  0.01979624745909052  0.03056534646657393
  0.04148246918789013  0.05214327453034807  0.06286731595223552  0.07415555568551767
  0.08478022761210124  0.09495281273657821  0.10528197292075039  0.11547826250033459
  0.12563979176457377  0.13538973155307310  0.14496979164520221  0.15466815867481665
  0.16485741458005565  0.17569407393754768  0.18652174949762459  0.19703443254220052
  0.20772611337177729  0.21823617675629714  0.22833805759232062  0.23835619843033115
  0.24873796051666228  0.25884630319059437  0.26850622078003999  0.27830314097289621
  0.28825413958027474  0.29827540274254905  0.30807087525173288  0.31820611406159660
  0.32874462201974486  0.33932077121876103  0.34931925514770867  0.35891240069448260
  0.36857596270251314  0.37909378392252319  0.39059873870979511  0.40152732728600804
  0.41169124282349556  0.42181028921097613  0.43178340508868901  0.44175060492903617
  0.45140222918705158  0.46132310921552594  0.47110869249519000  0.48087197971654805
  0.49129339728193355  0.50236198504955254  0.51433458090779549  0.52609202273824729
  0.53783702138488443  0.54955311722826072  0.56085289370852198  0.57172822899183284
  0.58216043704268072  0.59254283819903830  0.60286260977674011  0.61312071661341183
  0.62327002833270528  0.63344568748805863  0.64351695417551924  0.65402936018691804
  0.66521471501195184  0.67606261136266477  0.68623861300971756  0.69602092701978258
  0.70628349334261176  0.71729104708058011  0.72809703111143775  0.73801983985665343
  0.74754311396185624  0.75737118293316619  0.76763294070162724  0.77867284960825378
  0.79051509037710854  0.80276228542901795  0.81504321697810089  0.82726931091959688
  0.83982362447456471  0.85258495248925537  0.86527596679441243  0.87755041421145363
  0.88748413597554709  0.89770523935355606  0.90830904982350025  0.91927474596105996
  0.92999512052814504  0.94050212129431376  0.95137952100452738  0.96179133090403368
  0.97183794404422852  0.98109049270627391  0.99071989006039207  1.00000000000000000
 -0.00340163064891387  0.01113605823217577  0.02380703216138117  0.03650601664701578
  0.04847040882342483  0.05967639065105385  0.07062564937325057  0.08109702415349705
  0.09071597571829608  0.09992681924311500  0.10938875733380478  0.11931767359969271
  0.12974998467126553  0.14018965407088294  0.14998210544993329  0.15892717906295487
  0.16772527203496113  0.17647956403768691  0.18587579409230370  0.19551367053930263
  0.20473215163517455  0.21398392087699264  0.22324634852106548  0.23214352696260313
  0.24068542639289514  0.24943542133261820  0.25870000270942312  0.26808805602842650
  0.27807930061236319  0.28826505650762757  0.29827189779104152  0.30816647031621869
  0.31874486824997655  0.32996474270546311  0.34081920503829516  0.35100979794404280
  0.36111330392288848  0.37134918469449341  0.38143576702477971  0.39132012204477773
  0.40094016452100034  0.41083784475031893  0.42103824564795317  0.43157650186017005
  0.44183577000191387  0.45210562663793569  0.46281571796759075  0.47464162599639248
  0.48605172002880437  0.49681176744584338  0.50722653931135675  0.51745055524803785
  0.52780388857457516  0.53841418045323608  0.54980319149604373  0.56150371891327766
  0.57279389848775852  0.58357488857773876  0.59353098957468131  0.60327961516438033
  0.61206493506865600  0.62100787950362690  0.63000842214113484  0.63957036811410173
  0.64924520187334878  0.65883414560401343  0.66825746369854266  0.67836376894598405
  0.68936829370498331  0.70072444731023964  0.71165023158260565  0.72187067039780006
  0.73316086332690766  0.74637276367114391  0.75847942031169902  0.77041427166309229
  0.78231437497300194  0.79462899732488756  0.80684439889066462  0.81823211758922698
  0.82913388513900499  0.83985193989627527  0.85067274600837017  0.86093163543031515
  0.87072454687546230  0.88061999260389279  0.89067488480157242  0.90114496793904530
  0.91213299633401856  0.92370380697770593  0.93599014231976974  0.94872780061088358
  0.96184365919854153  0.97530784229617562  0.98780891354258726  1.00000000000000000
 -0.00277576130821500  0.01036418218349703  0.02132527225589330  0.03136175644112750
  0.04129748162536185  0.05041499190652815  0.06040363583212170  0.07045416389413385
  0.07986948417484707  0.08914171677608065  0.09842160571779225  0.10864892578646598
  0.11909683214496980  0.12879451924214599  0.13806398532191239  0.14811849903211965
  0.15964702024010657  0.17200272960174195  0.18429016366360509  0.19666446950447211
  0.20883343172717680  0.22090916552258169  0.23226253318216400  0.24416478601087124
  0.25575055112419404  0.26686609435620245  0.27796683617053902  0.28910294741710774
  0.30028754347787823  0.31158802776312439  0.32231597888944885  0.33239940189956318
  0.34237808685542764  0.35210185405245559  0.36165723328542815  0.37111961489728473
  0.38157677779669280  0.39273462424559441  0.40364352984163249  0.41490114856393817
  0.42690993636849822  0.43895820767171001  0.44993500812041176  0.46036396922204387
  0.47064785264392373  0.48132017600527066  0.49252216048806152  0.50371752039713991
  0.51453763031890198  0.52560228254033936  0.53717102571407671  0.54824763592080550
  0.55829751978916575  0.56821698423566658  0.57838393976668367  0.58869743994831869
  0.59865211646717398  0.60809998424837930  0.61728174836161731  0.62645904197852764
  0.63591184192701800  0.64621527863114414  0.65693680904725971  0.66731211125593781
  0.67711188547732026  0.68688391614448263  0.69731935305845671  0.70803780644104741
  0.71884321455829647  0.72931660659157616  0.73989842987928955  0.74993116322847952
  0.75964185638094628  0.76902932259321188  0.77855642376442413  0.78832554525528642
  0.79827506332472375  0.80821596706057464  0.81881505222592887  0.82961769637120386
  0.84264199790209593  0.85622835214185899  0.86518517222850166  0.87450836908446206
  0.88351196884861605  0.89277163585734942  0.90143901018443662  0.91016173495721764
  0.91997999230040850  0.93060604119926127  0.94116822148160473  0.95205442211439573
  0.96357612579559393  0.97585646702813722  0.98806565881611441  1.00000000000000000
 -0.00270865235988178  0.01089323322673404  0.02233431150571526  0.03353202333573596
  0.04550870145980403  0.05793646645643888  0.06926883189932161  0.08027132702395934
  0.09109701923488979  0.10194234972288879  0.11219530515179538  0.12235426487640710
  0.13275354588436311  0.14351730830532328  0.15474355694197658  0.16563335156959147
  0.17614107116100200  0.18681469342090912  0.19836516401515755  0.20994890861747775
  0.22112800641127478  0.23188372928358039  0.24231615789742075  0.25204659112561917
  0.26080152421456504  0.26922781288229447  0.27774851340956219  0.28647387584696066
  0.29564395800231830  0.30523922519434632  0.31544869750916860  0.32611177904056976
  0.33676446007759064  0.34727481840069641  0.35750379907412677  0.36751767295475146
  0.37781994431360483  0.38879087900714931  0.39976593551658085  0.40992920693506835
  0.42001630548824576  0.43036292260281656  0.44081367563659274  0.45146887154344428
  0.46213669987000366  0.47269970701576169  0.48337878938407608  0.49435858596117876
  0.50475750089688154  0.51431839387224176  0.52373954286432456  0.53342654597000350
  0.54338201710195111  0.55323070639837602  0.56295376228665350  0.57263872043812281
  0.58223153744404632  0.59218093009607253  0.60309411678172042  0.61492696487008802
  0.62603018222444307  0.63589954835743578  0.64535214030480326  0.65491043671707239
  0.66450756354239093  0.67383725310490328  0.68293086554933313  0.69235025146987272
  0.70179028641828045  0.71152250138978745  0.72154433862465772  0.73181435464868194
  0.74207493763290344  0.75244309401946596  0.76339772692982855  0.77484986990646321
  0.78735556756995217  0.80017918293155943  0.81260270661803458  0.82423751610919316
  0.83514515166674563  0.84543503912216955  0.85565765490688206  0.86607208412016068
  0.87666441745376911  0.88774884333258031  0.89910013406280798  0.91084951939746228
  0.92243328210077991  0.93357549906594484  0.94470306915271918  0.95598243690236451
  0.96742033015673090  0.97857418241057004  0.98921224718941225  1.00000000000000000
   60.789553673471993       -1.0000000000000000     
 F F F F F F F F F F F F F F F F F F F F F F F F F F F F F F F F F F F F F F F F F F F F F F F F F F F F F F F F F F F F F F F F F F F F F F F F F F F F F F F F F F F F F F F F F F F F F F F F F F F F F F F F F F F F F F F F F F F F F F F F F F F F F F F F
  <DiscreteSampler_grid>
  grouped_processes
  1 # 1 for a reference and 2 for a running grid.
  10 # Attribute 'min_bin_probing_points' of the grid.
  1 # Attribute 'grid_mode' of the grid. 1=='default',2=='initialization'
  0.0000000000000000 # Attribute 'small_contrib_threshold' of the grid.
  0.5000000000000000 # Attribute 'damping_power' of the grid.
 # binID   n_entries weight   weight_sqr   abs_weight
    10   10   3.592469071192364E+013   2.945578164099892E+027   3.592469071192364E+013
  </DiscreteSampler_grid>
