 -0.00305577549069813  0.01209235858710449  0.02246014072843861  0.03206259671478940
  0.04167058532162411  0.05148868480157154  0.06194678547164748  0.07188421613156092
  0.08144078867405070  0.09069700414692976  0.09931197284288874  0.10778273263280566
  0.11644856028768572  0.12444199624403443  0.13270307255488170  0.14086455029906564
  0.15165779616912581  0.16395517709019342  0.17529271448050077  0.18646498855408927
  0.19835804363261883  0.21108316265746757  0.22414683225487128  0.23625928415736408
  0.24716433195024007  0.25795793378903259  0.26919040459204258  0.28105889799722555
  0.29392305024907989  0.30654820773064251  0.31914040651405401  0.33130890364150473
  0.34318252436171448  0.35465740115377853  0.36599810308414227  0.37705638054080404
  0.38889744146563593  0.40151094193955139  0.41453206301129147  0.42784409467425594
  0.43982712423770065  0.45072850383400248  0.46101643123113051  0.47106377680483724
  0.48196282205757673  0.49393846988053347  0.50582845757302175  0.51747608702068693
  0.52820316604623874  0.53903392805048500  0.55017657390520192  0.56146898844728976
  0.57393017751956554  0.58514028427313192  0.59501271127270361  0.60461227775029702
  0.61506915425412667  0.62351471857403884  0.63166517809191924  0.63978559453380057
  0.64941653009774036  0.66017481549771051  0.67066964742375379  0.68018561972094393
  0.68986373523646216  0.69904369655258725  0.70784883130829190  0.71659940701917280
  0.72580690581195617  0.73587309015758995  0.74603133145791933  0.75482319940586939
  0.76274411717856749  0.77165461855153361  0.78123487430938099  0.79042057022663637
  0.79986557046826579  0.81021540946487536  0.82010725440965937  0.82912195154566981
  0.83804240649446204  0.84774282266845202  0.85786311798253290  0.86684790946879131
  0.87560491111002159  0.88564206136355772  0.89655094587640283  0.90892636583320796
  0.92068654032973962  0.93174977518441726  0.94259318199096509  0.95423324074488580
  0.96651558575747132  0.97830806650977309  0.98964650789210629  1.00000000000000000
 -0.00059757234930385  0.00498015384027861  0.01039892297894686  0.01564989628005939
  0.02081482221974943  0.02615187593657915  0.03205686871461434  0.03899918338055891
  0.04836900406166814  0.05853947933598626  0.06777457582129473  0.07577608919392907
  0.08400524759554387  0.09328975389734789  0.10412029120260423  0.11692167377115026
  0.12849393700041870  0.13889350803659478  0.14946645761939520  0.16127460069778055
  0.17264129116901344  0.18503972916748360  0.19687407605502427  0.20776561842102911
  0.21767310126894779  0.22720121685209924  0.23674040568657206  0.24721651589578761
  0.25942396407651414  0.27159148245642523  0.28369184277944198  0.29508659261470715
  0.30602736694171778  0.31670848491631071  0.32777055290568152  0.34006287924316625
  0.35232946927889525  0.36360597607222239  0.37425912735156813  0.38495889163825647
  0.39632623916330439  0.40809948015295300  0.41926012402986718  0.43083876398506893
  0.44281061671298017  0.45566081669148611  0.46564910044044983  0.47425326692552461
  0.48191210815991492  0.48865586156806484  0.49561886150425988  0.50335700981533327
  0.51158450763603136  0.51916041624859155  0.52826802576057663  0.53770835019360352
  0.55084739760124879  0.56424093497771011  0.57722906068311819  0.58951196430133235
  0.60087880154735596  0.61142225263224437  0.62182753058730733  0.63242395757365100
  0.64342745688939962  0.65532515715700013  0.66774953822653416  0.68057985334087734
  0.69327895603591505  0.70521893348433262  0.71649816811304756  0.72776698915938709
  0.73946428854254209  0.75231617311283583  0.76574167558120976  0.77846270680072205
  0.78950214576950661  0.80034410712090842  0.81148796640007681  0.82286810053894943
  0.83572254139586677  0.84854030463541730  0.86144935803977341  0.87373686478668089
  0.88387438742882329  0.89302187437751290  0.90180440484390223  0.91044631013848054
  0.91924145000982393  0.92835268955691852  0.93870628998520644  0.95105541896105694
  0.96295932931815653  0.97390050206385226  0.98612669399132047  1.00000000000000000
  0.00374503673651047  0.04148302878831284  0.06966879144475049  0.09074742467480819
  0.11215648111425114  0.13422579222258046  0.15655983560917605  0.17905538707116703
  0.20154362056348935  0.22403779879623995  0.24654452954726788  0.26881162933300606
  0.29096386268766999  0.31287340130949776  0.33473838647978887  0.35651388117621741
  0.37838188580336357  0.40030336988270365  0.42241626858588477  0.44476537824501433
  0.46772780270915409  0.49104495399319448  0.51466837921434905  0.53872933500058828
  0.56223968987265305  0.57984223441142502  0.59966258598306055  0.61485327405079693
  0.61582285283188887  0.61791179698815168  0.62323139803560557  0.62826427124172879
  0.63330956327739707  0.63844237282511862  0.64363365731763988  0.64889112157380135
  0.65431095349632107  0.65961673787228825  0.66476967421533584  0.66985336281546060
  0.67500665686992456  0.68047805130024597  0.68607924894936967  0.69167450507258965
  0.69727821720195793  0.70290488524987083  0.70858216880626923  0.71427220335197772
  0.71999603996934725  0.72564853208130764  0.73137396789979547  0.73704591062669933
  0.74256212972145352  0.74788861500880999  0.75328468343522414  0.75890660026863244
  0.76465057026206662  0.77041289512086042  0.77635525933850091  0.78255732794085320
  0.78853342234028445  0.79421877903617744  0.79967600372593273  0.80524550700736131
  0.81104704473375178  0.81724691123194693  0.82294844999672667  0.82853862230259234
  0.83400589097287881  0.83980288390734936  0.84573431622307216  0.85168477291147937
  0.85758135354469389  0.86363171428815555  0.86974176340233655  0.87578884288835357
  0.88168310213860013  0.88756583092909802  0.89360802105184955  0.89962749910385775
  0.90556905669218291  0.91143860058745430  0.91740299456007424  0.92353216582406994
  0.92995896045311111  0.93637947321943482  0.94261941622322920  0.94866536074075558
  0.95472617418483097  0.96078402945042407  0.96718775046559036  0.97375478895949596
  0.98033256556018189  0.98686990384775397  0.99347265736671864  1.00000000000000000
 -0.00389688388193481  0.01339687061544537  0.02697843486228057  0.03986658803245911
  0.05227846040505895  0.06446687049959522  0.07688412987149873  0.08884529627156208
  0.09971770003753286  0.11035452108103984  0.12070244867166326  0.13183225241172269
  0.14337265204131858  0.15507302256131958  0.16663914720285417  0.17714198897622230
  0.18697603899330070  0.19479178717571977  0.20214779907789934  0.20998282703399587
  0.21758290137758227  0.22712110625169760  0.23676356795692444  0.24624371444217497
  0.25507411311772193  0.26362084436767802  0.27233059910251417  0.28078855528837809
  0.28906962398432839  0.29727902216808377  0.30581938344094678  0.31476807537058510
  0.32310480201539249  0.33136467552154591  0.33882740217898866  0.34661591158388932
  0.35507585060731511  0.36474440476772746  0.37443962488282767  0.38373209925645918
  0.39340276491071852  0.40386456758343953  0.41594942539152591  0.42769238818766531
  0.44054219354779361  0.45386811840376134  0.46842849172770795  0.48162308723277664
  0.49329256778133301  0.50405136594550637  0.51483895930855839  0.52427305305852800
  0.53274583912689832  0.54125694673551550  0.55091253825792097  0.56062033343191964
  0.57011813016385082  0.58002724982671539  0.59215321572044854  0.60702549153703034
  0.62144279783732825  0.63577391481746259  0.65029002889718124  0.66426486851260191
  0.67845596312468148  0.69010829291703724  0.69912534569202500  0.70713616130890933
  0.71474146667855165  0.72215414690661528  0.73032875808766518  0.73916077749357501
  0.74819035094229858  0.75681951893601707  0.76562219826678690  0.77497144906446591
  0.78385677367419093  0.79196185728263335  0.79977447825762438  0.80741296473237634
  0.81710053157047857  0.82932733171681872  0.84243306461245526  0.85465639923370773
  0.86650648771059291  0.87744754063128805  0.88829289661570543  0.89888836437259478
  0.90948760530688599  0.92131525683186388  0.93415558748999494  0.94750309505873265
  0.96088944145114885  0.97434911470939889  0.98734189046535858  1.00000000000000000
 -0.00208192651706977  0.00793475533314192  0.01799586507855202  0.02821719215736306
  0.03928063505547138  0.04831446310748330  0.05723331946195804  0.06521224430028345
  0.07303700253845914  0.08049964202091957  0.08771172712048218  0.09509750548790302
  0.10438062418701759  0.11719267873871658  0.13091415028032855  0.14313715295773596
  0.15407273755523765  0.16417619048671617  0.17307666327958313  0.18178023240287419
  0.19095850780658224  0.19960555316875822  0.20798396409549175  0.21591147466849278
  0.22398559655643907  0.23374192071411423  0.24398407111256870  0.25253524574115666
  0.26063892833308611  0.26940805703189641  0.27904872454881141  0.28917360019902227
  0.29887361354179026  0.30861121892431281  0.31874141134068618  0.33039608259872855
  0.34185931047776569  0.35461659012253655  0.36705478542034436  0.37773512720972907
  0.38663781080841458  0.39536126294011437  0.40394216098041552  0.41254096685752395
  0.42189502292663150  0.43127548694871498  0.44007395706950603  0.45076669815484627
  0.46171800058756823  0.47311908739713016  0.48471912374085641  0.49615148090909900
  0.50631139496558475  0.51665830015547587  0.52713152217310033  0.53873438408646057
  0.55126633975930650  0.56379791235584042  0.57658243741429183  0.58934856298360183
  0.60242827496722662  0.61535838722052461  0.62687143727442296  0.63687883907357579
  0.64663289712218974  0.65708530633911655  0.66893783525651940  0.68167389665562894
  0.69275691035213638  0.70195889839919545  0.71074599000058303  0.72010776292173406
  0.72992926614721654  0.73989622438828506  0.75005843504851932  0.76184690609895489
  0.77404973132488142  0.78627247995038008  0.79908906321411588  0.81183856839690116
  0.82396759889504456  0.83515813760577262  0.84584390251526131  0.85639191143047921
  0.86747956962136019  0.87856225669098897  0.88879084358130944  0.89887198889620601
  0.90889587461619159  0.91922459925299405  0.93138530889193072  0.94439240363713672
  0.95736649703813259  0.97088899408224361  0.98432803499243204  1.00000000000000000
 -0.00249533701544886  0.00933500968324868  0.02042728166477450  0.03105133808343412
  0.04208565010536695  0.05344936472758017  0.06436686203038625  0.07496604693571980
  0.08585690390385062  0.09672382954394332  0.10660952244386418  0.11529286717351701
  0.12393552450926855  0.13360599885848390  0.14385780773627699  0.15327875308260730
  0.16205314997176312  0.17137550840111554  0.18034284449604873  0.18880926537564519
  0.19705637809671633  0.20577131786379751  0.21583366994335748  0.22723430887684387
  0.23896911567757634  0.25258918860930224  0.26608755528100231  0.27887333296528233
  0.29067559973616258  0.30209088497780667  0.31371266089763178  0.32511276653437027
  0.33587980253453287  0.34609238709443957  0.35704846468983725  0.36752166033782846
  0.37808270530389171  0.38875525528781912  0.39886700145621107  0.40766866675965630
  0.41590887840622670  0.42332395766439429  0.43047006973590929  0.43811139765874263
  0.44626268226907534  0.45386991856537023  0.46188959072315200  0.47108746806309676
  0.48131159244895666  0.49091651911996881  0.49995814610495531  0.50900203544436928
  0.51773373734357730  0.52691019685395601  0.53643458720842485  0.54668226413503851
  0.55777573574797190  0.56828285427832959  0.57824844619139171  0.58881198927195799
  0.59983678535427387  0.60973489046201568  0.61845151778729013  0.62747942864748774
  0.63715779172479670  0.64684223761738824  0.65630482493917885  0.66658537804487616
  0.67909423018462711  0.69313491718757902  0.70641556655336091  0.71927836400060963
  0.73149744722011978  0.74434401459775856  0.75817829585971441  0.77351184503454640
  0.78762390839473295  0.80044717008152189  0.81036575561922886  0.82004011746582628
  0.82988770839234027  0.83933174470557115  0.84940814715683721  0.85971269098224135
  0.87101411598194167  0.88351128743074370  0.89678152771270003  0.90862469313411098
  0.91995117451456199  0.93115433151731541  0.94251326651776246  0.95410807141578835
  0.96512313793523352  0.97576864192075474  0.98714517904584120  1.00000000000000000
 -0.00202975954466176  0.00989866517290071  0.02046893603305545  0.02961887693230614
  0.03942797322753085  0.04962196534396331  0.05991927459404787  0.06989622841177019
  0.07875934393133975  0.08898894889235261  0.10138189569914774  0.11402679863875248
  0.12569367091701886  0.13676137182926976  0.14713688666405234  0.15578530853949826
  0.16413639136140659  0.17249366183219061  0.18076429255179596  0.18891494258220776
  0.19665704896751374  0.20432369932821001  0.21454802888475391  0.22487573022355986
  0.23531152850017314  0.24580987054162493  0.25669743577755094  0.26868551798730361
  0.28076778288500637  0.29182759792867746  0.30299203130028912  0.31403342467467033
  0.32440135870505898  0.33476390339779472  0.34505970166291711  0.35553335312335754
  0.36691580279269914  0.37955824699147628  0.39371075415413964  0.40532472559903027
  0.41690729525404030  0.42890613428520302  0.43969252780652252  0.44938168477579143
  0.45939404373836540  0.47235860861141715  0.48500925572504305  0.49702783106410081
  0.50926626574126832  0.52176874531935191  0.53410132008633293  0.54677776579554294
  0.55946066777021408  0.57213976553050938  0.58498337640543274  0.59665141391172782
  0.60872240540813682  0.62117320563351153  0.63572497051322663  0.64961818137725746
  0.66057223348826732  0.67060618911329617  0.67912810049945438  0.68650460074597475
  0.69356748815678115  0.70057945095950536  0.70913781103676421  0.71910890996944399
  0.73054818723991877  0.74267017461748730  0.75485814036722831  0.76478792264476336
  0.77545018740490745  0.78674061520762795  0.79704098387015909  0.80605514866057681
  0.81463662000936332  0.82228905487658299  0.82994482182994977  0.83811790420185939
  0.84678341206575491  0.85608257518283315  0.86708551243447751  0.87940099334878818
  0.89191166627171392  0.90274509780383672  0.91182506272361841  0.92095361065889569
  0.93048004570851561  0.94027968977091048  0.94857615342121526  0.95656709199376877
  0.96652942154968857  0.97800703116096799  0.98940164240931794  1.00000000000000000
 -0.00317324698103079  0.01266983919924613  0.02605355997842924  0.03890836477459467
  0.04946109001531398  0.05901465910917691  0.06887448816168741  0.07859407151964656
  0.08853878590057876  0.09770619931274603  0.10746735494873542  0.11961841031454415
  0.13156073184311273  0.14334632285625795  0.15361846300543655  0.16351606145625489
  0.17345434099138735  0.18366360561816034  0.19404555585064751  0.20437141636093850
  0.21444429826789943  0.22508269167558706  0.23460473440261373  0.24433237258086779
  0.25436966276030698  0.26552337864310693  0.27802035014807674  0.29037012313576421
  0.30087451278363181  0.31128501728385094  0.32197065539880376  0.33292554907767485
  0.34359692944161113  0.35419656605871463  0.36561694785458043  0.37744129439926460
  0.38893440720531303  0.39960108600689770  0.41049852309654622  0.42161880218206915
  0.43356192690040879  0.44468116160315191  0.45557709883217706  0.46623977267478783
  0.47676949419340509  0.48694866105425544  0.49651282721869128  0.50900451328114116
  0.52010362495623186  0.52879976935248618  0.53716227414327256  0.54568029692312503
  0.55304813324691993  0.56016361176331952  0.56811434845570041  0.57628644969368603
  0.58478123535085991  0.59340909076806803  0.60188779875378129  0.61074445789554077
  0.62094095996172127  0.63213130836375386  0.64366781683794794  0.65441760450013564
  0.66464652656914713  0.67737584547834140  0.69160544460039375  0.70592605249101537
  0.71900979425106559  0.73030351027908147  0.74115808134999817  0.75168882862399078
  0.76226907662814047  0.77416696258055717  0.78630070890915560  0.79702569270486645
  0.80629193228086549  0.81490422201084911  0.82327126244305859  0.83233012866433709
  0.84175037254051521  0.85119478092297640  0.86112897082392681  0.87168033880465645
  0.88351416461199217  0.89600543837493396  0.90853481947752757  0.92082018903768947
  0.93263664115265210  0.94373031698811727  0.95455800709446859  0.96405513239662566
  0.97314725901489729  0.98192253609389168  0.99062691144552661  1.00000000000000000
   992.46894863513899       -1.0000000000000000     
 F F F F F F F F F F F F F F F F F F F F F F F F F F F F F F F F F F F F F F F F F F F F F F F F F F F F F F F F F F F F F F F F F F F F F F F F F F F F F F F F F F F F F F F F F F F F F F F F F F F F F F F F F F F F F F F F F F F F F F F F F F F F F F F F
  <DiscreteSampler_grid>
  grouped_processes
  1 # 1 for a reference and 2 for a running grid.
  10 # Attribute 'min_bin_probing_points' of the grid.
  1 # Attribute 'grid_mode' of the grid. 1=='default',2=='initialization'
  0.0000000000000000 # Attribute 'small_contrib_threshold' of the grid.
  0.5000000000000000 # Attribute 'damping_power' of the grid.
 # binID   n_entries weight   weight_sqr   abs_weight
    10   10   7.605809122063291E+013   1.602562824699085E+028   7.605809122063291E+013
  </DiscreteSampler_grid>
