 -0.00261613702210881  0.00975897230321325  0.01993988606044826  0.03008491840894753
  0.04093323145656149  0.05258809981680414  0.06460262281169719  0.07626763170556511
  0.08758205393278312  0.09843231875537278  0.10874558442715287  0.11879599217344185
  0.12861306389626953  0.13752470011515500  0.14642245352791763  0.15594206939376196
  0.16493301144384323  0.17398601968386021  0.18335612535839826  0.19375592028904198
  0.20628750584912706  0.21844844340122341  0.23060401405044217  0.24198082382867470
  0.25298681365646952  0.26340565132359123  0.27404700508473656  0.28438136032579392
  0.29512529386279374  0.30617488349751010  0.31786262253196051  0.32982318180575126
  0.34149343712716140  0.35283245213945469  0.36376198221135364  0.37463406493310614
  0.38565459850648681  0.39663747303837560  0.40740461360161673  0.41813848552267058
  0.42897635042340410  0.43954462690712981  0.45027789520648726  0.46146720369460720
  0.47370382709914061  0.48523821031842224  0.49684993641665059  0.50894643375670412
  0.52131781320180937  0.53314806803222747  0.54445181691781153  0.55515096276705655
  0.56510795204773778  0.57454193100339779  0.58410083976492511  0.59319680829665111
  0.60262475625820844  0.61194349722439068  0.62157250486705284  0.63077583620343425
  0.64022811727096118  0.65013527421778816  0.66224968737379530  0.67453536023806659
  0.68800418660637397  0.69853223037525047  0.70959741410782040  0.72000956827582385
  0.73087165768266227  0.74051862510020694  0.74990277424180829  0.75989514740749498
  0.77003809710437654  0.77963850980357208  0.78975018044385181  0.79972575228715692
  0.81019694499710415  0.81958305004664744  0.82938978225817639  0.83912028809086936
  0.84936319327868037  0.85933853686707640  0.86948274152322469  0.87945667950433570
  0.88904754071814263  0.89877615685808288  0.90811057674011963  0.91683045180993883
  0.92550711749198800  0.93418059942072762  0.94522124172688304  0.95648017612416536
  0.96795532946745122  0.97852561899540569  0.98922506942394450  1.00000000000000000
 -0.00123493766782355  0.00758232296384401  0.01628906710895727  0.02517812546763228
  0.03430304073553786  0.04360572748124380  0.05315413497685471  0.06278808374049856
  0.07233869002339230  0.08216115644219242  0.09215196945789074  0.10237263457339096
  0.11258920894116194  0.12329349853587179  0.13360517769543484  0.14397336300149549
  0.15419728189293738  0.16443543607386235  0.17424741492181034  0.18424001174240115
  0.19446368234671937  0.20476289830980018  0.21453180882608347  0.22425274121504293
  0.23395673070716874  0.24403378311636001  0.25514489033535859  0.26669683557857687
  0.27786172260317971  0.28860166437033291  0.29958481613235033  0.31075371212137970
  0.32178441166304150  0.33272783384330967  0.34362216741006912  0.35442636606064448
  0.36518740824607770  0.37607438316903025  0.38737661286334629  0.39875691569832561
  0.40967239395463273  0.42040401025823132  0.43065934664659261  0.44081466710003719
  0.45074937342306709  0.46129105652736963  0.47187979122175749  0.48231317280330538
  0.49217813647470160  0.50175621990565256  0.51079511578418224  0.52009967779560162
  0.52992175828088939  0.53976679368285796  0.54941770680096025  0.55937013714783335
  0.56918742994366600  0.57914379535076055  0.58918613057843849  0.59881440073742631
  0.60777935446530096  0.61670931344520485  0.62607233644628513  0.63678538820695585
  0.64846095476753074  0.66007872424589786  0.67084824392744147  0.68046066934390115
  0.68949352279717024  0.69817819639769729  0.70708577835722142  0.71642802740665512
  0.72615682118032132  0.73634395894632010  0.74675631759392125  0.75735067429175262
  0.76818622684668514  0.78011933067588124  0.79294442348354666  0.80598677645590389
  0.81893125159443203  0.83174004354873510  0.84436459031310851  0.85662024112689750
  0.86808980847388795  0.87916054271531552  0.88994023247575194  0.90067779081130439
  0.91098324247743390  0.92123962019748795  0.93114813579577160  0.94104169812462923
  0.95148268719870399  0.96427858593423954  0.98028671937312994  1.00000000000000000
 -0.00910121945482714 -0.00359149820973194  0.00534988852844408  0.03082938543804883
  0.05638764201003138  0.08209743305539738  0.10630182554602338  0.12916339430007159
  0.15062224285170281  0.17177674498588774  0.19325478019288123  0.21499726639771699
  0.23699017355360175  0.25996572052350064  0.28310383790847793  0.30618785092535067
  0.32910511284770710  0.35182173207658879  0.37425654978459522  0.39660265235701253
  0.41893091685355432  0.44120528939159120  0.46339989608809895  0.48546888857295079
  0.50748718144050353  0.52951650833648611  0.55202508816086526  0.57563133838242653
  0.60020160764312558  0.62551112266140785  0.65303290669371661  0.67638468173216171
  0.68281072677270349  0.69003543767231101  0.69122561193442056  0.69386315541575772
  0.69875650960953917  0.70349584031787127  0.70834072409767956  0.71320055042660124
  0.71799734908126289  0.72278026288112918  0.72753900347297085  0.73233180086076621
  0.73716743337966018  0.74200747215177520  0.74687423850140833  0.75177685291394902
  0.75668403434884601  0.76160583698995454  0.76654912307746992  0.77152676329808456
  0.77649118657693084  0.78141714954580643  0.78629632189916199  0.79121435191383116
  0.79611847465622221  0.80108104617939824  0.80618583414360856  0.81129061433761462
  0.81639945559997440  0.82152257898372227  0.82663044155417453  0.83168959662475506
  0.83673498500727039  0.84178843176017604  0.84685089244422418  0.85197275741339651
  0.85715213094996390  0.86229700393012465  0.86738523437350024  0.87250081032921334
  0.87767638886640387  0.88286496386825075  0.88802488856066286  0.89316184712760605
  0.89834156786998642  0.90362208406779265  0.90894614378903449  0.91419901286682426
  0.91951113378369664  0.92485136232475507  0.93011347001036770  0.93538245472416659
  0.94073344361366140  0.94610578582429028  0.95146792763296817  0.95684834998631707
  0.96228692277820327  0.96765886240576982  0.97300428719566223  0.97836013709286507
  0.98372878320929746  0.98908978741927100  0.99450856023587297  1.00000000000000000
 -0.00252968896409387  0.00928459280064636  0.02023600777153834  0.03109216764295883
  0.04251173282954995  0.05426146137800641  0.06593051433362421  0.07777561456182742
  0.08825066638488795  0.09831928406015883  0.10828333284997456  0.11848906323961110
  0.12862048641405593  0.13816885140648402  0.14774550835342698  0.15750051971470630
  0.16747430603154273  0.17762823029635930  0.18770439163427785  0.19851265366349732
  0.20916338304512702  0.21969012006233432  0.23022375039995904  0.24068816628003381
  0.25112015132397519  0.26082430870517315  0.27018845979455303  0.27995521490814296
  0.29027243115230406  0.30013150679951106  0.31022385130539898  0.31976729204841098
  0.32910543202595927  0.33834463038877327  0.34760852250895541  0.35696023571270680
  0.36673054533423421  0.37638973003524151  0.38763103529153375  0.39868088207722602
  0.40879974484727277  0.41929097157414535  0.42971946006301892  0.43955666491316464
  0.44862204303191144  0.45744228792967268  0.46669745612665486  0.47618080049680689
  0.48632575128141331  0.49648833494170869  0.50704834636838791  0.51807549851696588
  0.52913174468464352  0.53983050129129639  0.54984966598266116  0.55937443489461158
  0.56900410098252296  0.57882324696348852  0.58920129399294974  0.59999917717734130
  0.61038404982065864  0.62054820817944678  0.63048941877131948  0.64043902592910118
  0.65022816575210618  0.65979449512548360  0.66952885011170127  0.67957118033150055
  0.69113520968433340  0.70395397233982238  0.71600937887328320  0.72675003282282957
  0.73716745884730361  0.74739065093191881  0.75739514907661087  0.76732020749329688
  0.77865380943360119  0.79116980519946012  0.80392394207719087  0.81610208750590763
  0.82761906021186671  0.83877391281239200  0.84970479831890688  0.86068471169468408
  0.87204236451596806  0.88424011810160408  0.89723614959986586  0.91017105316931191
  0.92277859949684971  0.93407664019598124  0.94477862677807223  0.95488080206143389
  0.96575895439211401  0.97696736420481056  0.98881692239258956  1.00000000000000000
 -0.00291860613003540  0.00969961088419050  0.02171585999826286  0.03318530792751207
  0.04523810341773189  0.05748062211336595  0.06888666948391975  0.07964872482595732
  0.09027260787466976  0.10107021525789593  0.11104228906181926  0.12077329561539020
  0.13025535951892417  0.13953442131154720  0.14869022102449073  0.15765422382835670
  0.16695614868795647  0.17678462574742890  0.18654418744283249  0.19780835271356237
  0.21034223573789274  0.22322501818507634  0.23599651571934405  0.24925831845484764
  0.26217491055678388  0.27523452134659093  0.28767540315053952  0.29974101954677163
  0.31134306285324453  0.32223358633605159  0.33314573672183989  0.34426019752288711
  0.35522985341349406  0.36604593751073244  0.37677264719441828  0.38722039588378337
  0.39760746920622980  0.40799957953060240  0.41819577604202751  0.42796218253412582
  0.43807586967162060  0.44904001553903156  0.45981337102674569  0.46982109006991335
  0.47943895168992662  0.48841231048048278  0.49711839124788915  0.50588525045814814
  0.51496355047767539  0.52377196375384061  0.53215272107257794  0.54071628341282940
  0.54989878149937410  0.55913349488428443  0.56786895813113103  0.57655536794923135
  0.58620975019514043  0.59726187731522451  0.60913266480947570  0.62077301881609037
  0.63289207161944261  0.64458508013384830  0.65592470103243183  0.66687886826620257
  0.67743868363563076  0.68813369968521798  0.69899469789017898  0.70985298199544622
  0.72026827097123292  0.73025058246396846  0.73997385343223177  0.75014858052279398
  0.76118111835711466  0.77259653408228013  0.78381025778450053  0.79448297080908470
  0.80470066403889318  0.81497865814055481  0.82523358763515264  0.83490547894605027
  0.84412366257733340  0.85353445962343633  0.86334386553647391  0.87293578019327334
  0.88187252670320104  0.89065195991323010  0.90044704868568459  0.91169940477903766
  0.92410574736968309  0.93688907913090802  0.94828100751193145  0.95906009073159482
  0.96924850955902331  0.97969494798015000  0.98970642817879972  1.00000000000000000
 -0.00242068765296905  0.01015480545726052  0.01932696815189597  0.02859754248985777
  0.03782828707713080  0.04862687078661571  0.06098040752880470  0.07196771262666508
  0.08273956560186894  0.09332976935818056  0.10352106231756204  0.11349183251144974
  0.12361061224947680  0.13422723252631535  0.14392772067079748  0.15305683925324476
  0.16210858863281813  0.17196591156804819  0.18170265243427422  0.19179474531227020
  0.20233935283367013  0.21268300870008811  0.22294223529899751  0.23362280120152135
  0.24462107798027591  0.25527825985367536  0.26569566770454156  0.27625716515200344
  0.28701991110777092  0.29736016904519230  0.30663256418280938  0.31549253165505142
  0.32404423908129804  0.33273396569199609  0.34177590463117735  0.35090405485418019
  0.36059743464283206  0.37090724883950793  0.38227206025486427  0.39401604870574192
  0.40554033791312749  0.41662447674671776  0.42714876814895592  0.43713964495883911
  0.44686186899413310  0.45621706874354351  0.46633779462508118  0.47568554299935195
  0.48570150551522195  0.49578745918402345  0.50737024284138743  0.51956410128002994
  0.53116999619946426  0.54309178757722698  0.55551641627464832  0.56711349317140036
  0.57765521173814094  0.58812353665408190  0.59897618547151910  0.61004959782324164
  0.62124913335134557  0.63319046242348309  0.64571245256764276  0.65829426670107882
  0.67079141164260925  0.68285038204890725  0.69522714063162883  0.70749080147897880
  0.71941526083007246  0.73111559165517193  0.74318479098347745  0.75438247827164995
  0.76513297548039239  0.77545177170497392  0.78574467724719399  0.79624476696464153
  0.80601316646771559  0.81531143056830291  0.82454189062844108  0.83416369827622194
  0.84408472912520660  0.85410721318866201  0.86420217683766676  0.87463071209465459
  0.88467984520367127  0.89454023224609858  0.90390368340010485  0.91337536835271749
  0.92306366113362093  0.93310398043716114  0.94332242406705968  0.95342403483770066
  0.96402551976225448  0.97554253050228301  0.98756220235297476  1.00000000000000000
 -0.00229043670197814  0.00870723595467651  0.01814167026484821  0.02731717201551299
  0.03687052507319084  0.04664253150903142  0.05665940925767110  0.06683627827389785
  0.07707613001060984  0.08724502723446499  0.09708538572958236  0.10673966952740009
  0.11570532248997523  0.12469726293843475  0.13385486515789888  0.14332010404184192
  0.15354281597454333  0.16463979916754626  0.17647912447738462  0.18841208246021718
  0.19954728855675735  0.20987817582429411  0.21949960513310518  0.22930705140760876
  0.23931581928415438  0.24928959417799515  0.25934589353171938  0.26961650185191310
  0.28055064941675822  0.29170499686338436  0.30302393238679959  0.31482797114129485
  0.32654478076423943  0.33757445739059472  0.34780230844737203  0.35761760564313178
  0.36704428876539752  0.37642685673331239  0.38609175221076497  0.39634924001763994
  0.40605395938323313  0.41522598008893946  0.42416589366468410  0.43328677031352497
  0.44276171663798880  0.45273486899156806  0.46385931630213784  0.47633088121744710
  0.48867009689642210  0.50052748713232198  0.51254286933845850  0.52465514589474727
  0.53664086799975974  0.54789009530288013  0.55844991379199971  0.56906078502422519
  0.57982832602436329  0.59039704613402300  0.60026101036268975  0.61025074295161941
  0.62030717589278994  0.63024403656582129  0.64022697340980816  0.65046814366087147
  0.66146080379886030  0.67333937482603623  0.68539173880709681  0.69653730288669169
  0.70737521764405453  0.71758292293716730  0.72738500147082363  0.73661396651175104
  0.74569037929219417  0.75477775308534090  0.76422338937815248  0.77447267688074473
  0.78638009163556366  0.79927413627405308  0.81250016610473375  0.82404149356367629
  0.83452521135289726  0.84505786835843066  0.85643871060056309  0.86804548891207789
  0.87885730749215085  0.88953519797034575  0.89988389658464318  0.91031605317436581
  0.92061253590031056  0.93102314253003915  0.94164988350747136  0.95283546349873682
  0.96475839477114089  0.97702412778024517  0.98873027002233060  1.00000000000000000
 -0.00262928646718324  0.01081581581531552  0.02261694797019115  0.03323726817275530
  0.04451807425711770  0.05460795942167922  0.06486897305259270  0.07494440170808830
  0.08436258700983995  0.09415316593041800  0.10317048137389040  0.11506403989140970
  0.12703022899445057  0.13946275566374169  0.15180466061471312  0.16377908240367897
  0.17574929178926074  0.18714571966350432  0.19815361968668457  0.20961524236939319
  0.22174398270597317  0.23359195680959746  0.24450378129536018  0.25465148179546704
  0.26450089849569292  0.27417726442743090  0.28347787911543343  0.29262741427364541
  0.30205767558448926  0.31176341674148922  0.32211914277236448  0.33209382147480321
  0.34209224548968103  0.35235575464449592  0.36406622206184758  0.37565891501288401
  0.38673944147837513  0.39733083661578467  0.40808661501768961  0.41887843988380297
  0.42938039374018422  0.44071409517405924  0.45330419767708746  0.46545930461582530
  0.47668781045171488  0.48657936113298728  0.49556578756366887  0.50424978881855886
  0.51303309901915783  0.52211271540771842  0.53140876292123940  0.54093552938570899
  0.55142289115794030  0.56235762135021516  0.57295471902670803  0.58349230938640884
  0.59406799203016603  0.60455217896245250  0.61478039415812191  0.62455284870576599
  0.63380715146609601  0.64311171622862839  0.65295573671272455  0.66291048808343678
  0.67308386566401746  0.68303995293165054  0.69554930926683811  0.70893122058504809
  0.72067603856496310  0.73119056021130191  0.74115585459156730  0.75121155819194174
  0.76123853969437094  0.77168750041875200  0.78227465273662922  0.79349810823921851
  0.80464371751287567  0.81557653466244562  0.82621012617416600  0.83672520012457674
  0.84723849325144052  0.85764638487708655  0.86776011362032102  0.87763782827144632
  0.88757892474302524  0.89783545734748371  0.90818377885025137  0.91828145129416894
  0.92802245072433509  0.93872660869518698  0.95068737984206997  0.96217013594743350
  0.97164561331102561  0.98098855984933342  0.99020699646412680  1.00000000000000000
   61.759484496657400       -1.0000000000000000     
 F F F F F F F F F F F F F F F F F F F F F F F F F F F F F F F F F F F F F F F F F F F F F F F F F F F F F F F F F F F F F F F F F F F F F F F F F F F F F F F F F F F F F F F F F F F F F F F F F F F F F F F F F F F F F F F F F F F F F F F F F F F F F F F F
  <DiscreteSampler_grid>
  grouped_processes
  1 # 1 for a reference and 2 for a running grid.
  10 # Attribute 'min_bin_probing_points' of the grid.
  1 # Attribute 'grid_mode' of the grid. 1=='default',2=='initialization'
  0.0000000000000000 # Attribute 'small_contrib_threshold' of the grid.
  0.5000000000000000 # Attribute 'damping_power' of the grid.
 # binID   n_entries weight   weight_sqr   abs_weight
    10   10   1.904031292536409E+013   7.912010572425832E+026   1.904031292536409E+013
  </DiscreteSampler_grid>
