 -0.00300107836914804  0.01054529074493608  0.02316384348378777  0.03513971850213535
  0.04691735753758673  0.05821152921529252  0.06938236105459711  0.08069308469657507
  0.09171864847547645  0.10277580965728388  0.11430167464918364  0.12548768326725745
  0.13583302824133803  0.14565903689415624  0.15566598982893134  0.16617656115992629
  0.17656038086323383  0.18695441884542771  0.19766486359408972  0.20876983259447338
  0.21956404371170046  0.23005461164836002  0.24100409188967345  0.25282000574845714
  0.26519232068961029  0.27684227483919371  0.28816683481965799  0.29901302083266990
  0.30944421827493174  0.31975164207218310  0.32990050352510680  0.33983643221296378
  0.34919494569519616  0.35856112892368835  0.36816637072628283  0.37844648244497764
  0.38968179842991629  0.40124052136462673  0.41244689813876245  0.42238885492912259
  0.43108318488959413  0.43922516340173001  0.44759135981422354  0.45627338343679580
  0.46486325579576010  0.47310965367627661  0.48231074588723127  0.49341087683455104
  0.50474736393097530  0.51550920156834146  0.52562160553459158  0.53600588424042805
  0.54658834615427421  0.55721965738220858  0.56745192333586791  0.57711254021679226
  0.58720087228588136  0.59716092365806561  0.60687002082212937  0.61631114149139787
  0.62649861946721153  0.63833966627153327  0.64955914261454073  0.66017158057016401
  0.67001934634332749  0.68038967076092760  0.69004327920916386  0.69896081658935139
  0.70783493659849905  0.71645958830051248  0.72512632315885450  0.73367131677313313
  0.74201239406256725  0.75065081486429919  0.75978050305734279  0.76915621321411531
  0.77861313653843522  0.78787395981414032  0.79777226599768492  0.80862849927334801
  0.82025247101612853  0.83205499864579546  0.84353628966223915  0.85462814007748422
  0.86532212270910147  0.87616018806542928  0.88736233513978413  0.89869295152362372
  0.91025340079457140  0.92206496081181955  0.93474442265098223  0.94719531785105093
  0.95998840981010403  0.97285825504924428  0.98661689945214981  1.00000000000000000
  0.00000950864535731  0.00517383474367596  0.01104129046033527  0.01721601985249291
  0.02384323620862992  0.03064439372773897  0.03791336474024012  0.04583853286028245
  0.05413106083752674  0.06240460067168992  0.07077628637860710  0.07926964024727327
  0.08864261767731192  0.09997685795226732  0.11042996224273974  0.12106538081902561
  0.13163529279775130  0.14312894955567348  0.15523148039434731  0.16705938274642657
  0.17806850691197459  0.18847574293336131  0.19908052240446480  0.20999830919606383
  0.22083705289675187  0.23250139186187524  0.24458064406764973  0.25703019846853603
  0.26888749488879904  0.27916823033764854  0.28909614199461542  0.29909464340882075
  0.30881290001136547  0.31832847430529038  0.32809459726805551  0.33873099515344357
  0.35004942516927301  0.36134626398120490  0.37247473529234371  0.38362181437318027
  0.39507990580331598  0.40780113952201791  0.42148786356220097  0.43430406928459503
  0.44568434556350284  0.45572888356096414  0.46577371147870361  0.47577373443976173
  0.48572378483319706  0.49508073143491121  0.50523399293630122  0.51608924730633965
  0.52674998145648944  0.53643006773583835  0.54576312868941534  0.55551033174235331
  0.56552731889431063  0.57526605910472572  0.58487678731070669  0.59389609629864892
  0.60277833604485154  0.61166202819015847  0.62120096778926992  0.63173543388193398
  0.64240572943405261  0.65372169314026862  0.66557849142844516  0.67704333119346038
  0.68832112723126926  0.69980907536456927  0.71153653709940479  0.72295363994354589
  0.73443171610051095  0.74591879299697650  0.75705141209662219  0.76793206571310257
  0.77867293201998489  0.78955286765712263  0.80077895687753076  0.81203919483930542
  0.82269485001210096  0.83315437919224411  0.84396462547998374  0.85513534242729117
  0.86651297276883188  0.87826249348411101  0.88988437237707163  0.90077094936531221
  0.91129320027289884  0.92236598431939221  0.93372908729154080  0.94483386826118387
  0.95613142112688820  0.96857131181837908  0.98345609649337085  1.00000000000000000
 -0.00897541703078500  0.02181884500860135  0.04603191808175711  0.07065220161360233
  0.09455091947054142  0.11673265532359042  0.13758509066901498  0.15722474705753164
  0.17708586428621034  0.19703631767135216  0.21723684174205696  0.23840529551277614
  0.26083539259031935  0.28298635033938546  0.30502071388085167  0.32724719374303279
  0.34948443458918566  0.37172043335114924  0.39403481816396230  0.41645418693213626
  0.43888164017411269  0.46131298179932712  0.48364327016856595  0.50589646699316149
  0.52781966928057189  0.55033107578220486  0.57377233808967554  0.59783700594186096
  0.62235747441259825  0.64665300809467430  0.66809485046952377  0.67782836629929100
  0.68810103043671511  0.69059886118868119  0.69258343400465816  0.69670830278520435
  0.70146856598794771  0.70621992654903409  0.71101481529782495  0.71582939756470210
  0.72067681011749085  0.72547782559099727  0.73024188614988661  0.73503768179707685
  0.73986559000942875  0.74466499184241575  0.74941469422055740  0.75418217636554696
  0.75899880418308541  0.76383310782469160  0.76866098697476859  0.77358643368117008
  0.77862873890137618  0.78362184826515469  0.78853141629123102  0.79344844279101279
  0.79844767430276065  0.80336950094085990  0.80825928677302394  0.81316373622464488
  0.81804902689641956  0.82295027191301484  0.82792206802923340  0.83291900039505162
  0.83794881724906933  0.84305531622738039  0.84820747483113779  0.85334312394051959
  0.85842910675225503  0.86351375154409737  0.86852712908967589  0.87352976982239194
  0.87858676675715675  0.88374542402284673  0.88892419576361625  0.89404991571301595
  0.89920015941351150  0.90433940128217261  0.90954175547178728  0.91474365611489650
  0.92000325434189945  0.92534213312437597  0.93067126210700835  0.93598943730503403
  0.94128002597231131  0.94659979298944774  0.95191878591683343  0.95726171362762891
  0.96260528233293774  0.96793793348305446  0.97325910049319109  0.97861471260284016
  0.98399533646378368  0.98936977671570381  0.99468840406207193  1.00000000000000000
 -0.00304262241601806  0.01023016565371244  0.02208549413341276  0.03425514172748981
  0.04602708187342599  0.05736662502537186  0.06845239499638854  0.07949500658666152
  0.09046011816480690  0.10130055455473264  0.11158364289705545  0.12130269225022305
  0.13054674970527591  0.13985056828049294  0.14962459797241406  0.16055281019103018
  0.17193452032464457  0.18393387910498535  0.19536449823560850  0.20651828957862955
  0.21718553183610356  0.22828201047413735  0.24019999389095140  0.25192707199568470
  0.26301698185930905  0.27394048763230694  0.28496907669778471  0.29609813553896097
  0.30715065226549515  0.31900476017665153  0.33064405600604457  0.34155175292542156
  0.35225478658883053  0.36257973387028503  0.37303888433259791  0.38298216146370700
  0.39256204425606783  0.40221578304556255  0.41244250808741001  0.42330089596346715
  0.43438845741427062  0.44435623624898191  0.45396171896385151  0.46357880575688254
  0.47273850501773823  0.48189191184803332  0.49136645234500098  0.50064217313643444
  0.51125582302095840  0.52187198628113496  0.53334456729510760  0.54465265511953231
  0.55588339470272574  0.56687819842185094  0.57724781264297009  0.58746265098061423
  0.59789645423235493  0.60894175826103558  0.62001754796950836  0.63019481166487656
  0.63983021034324250  0.64981600555955654  0.66073763830776233  0.67242131767436619
  0.68418120303981389  0.69674165806553101  0.70902231897754886  0.71969317260195453
  0.72993840205526561  0.74046315419228026  0.75125064665991059  0.76237316962157375
  0.77365567120287326  0.78491542374122736  0.79564813722837469  0.80539303560517361
  0.81464130442872873  0.82262092719894642  0.83102603867689406  0.83971843251181222
  0.84854554008077510  0.85717346741452105  0.86603360779477001  0.87448419750297102
  0.88573522699548735  0.89672250395630415  0.90701187008841955  0.91789131290436787
  0.92964668242652471  0.94069744416987566  0.95142961454814834  0.96195983472310853
  0.97233535834555196  0.98213387304334054  0.99123120956335642  1.00000000000000000
 -0.00245466360287718  0.00902899297502441  0.01980761296148508  0.03082356336250713
  0.04208936402526952  0.05305755252835497  0.06375755444231472  0.07600028821450648
  0.08801229014723455  0.09983230810421878  0.11145535800570151  0.12298331042550834
  0.13444756158682164  0.14634108920906033  0.15883139119457296  0.17043948520710042
  0.17983130200146244  0.18920815568943317  0.19855303253177639  0.20848442310517093
  0.21886312628923429  0.22944382660057849  0.24043619788706905  0.25136413811243041
  0.26199471950090941  0.27290011767280420  0.28401316781229574  0.29465795626250901
  0.30478082449493488  0.31480284317813240  0.32474060848811831  0.33479832506535412
  0.34480837929209268  0.35428434944680204  0.36468781591287347  0.37462966965031230
  0.38460215167484657  0.39473201369464833  0.40482960576061955  0.41546251912823223
  0.42598509893465597  0.43600865978174230  0.44521448702433847  0.45420299486045018
  0.46290062331290394  0.47183684852205254  0.48197155524674157  0.49234707831023050
  0.50215120619367670  0.51197464414437099  0.52215339908432579  0.53292180186020688
  0.54358659801086673  0.55388848697412563  0.56451417656831937  0.57531560089803213
  0.58604748631857384  0.59669939284548690  0.60766644848755069  0.61872624794341979
  0.62914642842649304  0.63856249605301407  0.64775421572905667  0.65737456531090876
  0.66726749182946210  0.67761032395402432  0.68808439961463685  0.69877826251162911
  0.70969430459337224  0.72068449005594892  0.73146478830851935  0.74241180253580907
  0.75432279228014654  0.76681575157513160  0.77832457582933257  0.78883452996066616
  0.79928546736863659  0.80989365563756266  0.82040196939141019  0.83077521005375365
  0.84138604640410186  0.85215079132263005  0.86326574886723928  0.87423803250849552
  0.88526374179582679  0.89656331824493085  0.90800648853481158  0.91904301899038310
  0.92881004756554186  0.93878016403330833  0.94809864915771469  0.95737041275242019
  0.96693260952928750  0.97730047663473385  0.98832657732722062  1.00000000000000000
 -0.00248211833416350  0.00946973210866232  0.01973646955610193  0.03025241011802568
  0.04061951580591330  0.05079318371416517  0.06130133398731707  0.07109629408507603
  0.08083809330490856  0.09034791788753170  0.09991818114888108  0.10960626770064102
  0.11915171131833178  0.12964325885183514  0.14194581985126206  0.15373145236661254
  0.16504154390438830  0.17645970538772912  0.18829106259651701  0.20052157697851419
  0.21336174690784493  0.22602644550050380  0.23717465046292530  0.24823637078349481
  0.25936115549212863  0.26998513811649266  0.28008868531809644  0.29012671319300914
  0.30082349271342246  0.31212134891127813  0.32328695195690904  0.33383317069446861
  0.34392547762324177  0.35413189397326078  0.36506429903233206  0.37641068744905343
  0.38777205837608753  0.39921796030023671  0.41057660260037804  0.42208282855354046
  0.43335613887031937  0.44429962487649965  0.45510140934122567  0.46524066502368927
  0.47480740435293878  0.48433018622206259  0.49323326489360558  0.50195016968442474
  0.51117939230652765  0.52062575642733278  0.53019441167452253  0.53953676344860679
  0.54881718609900787  0.55803295396801333  0.56790710178986414  0.57819533310936455
  0.58833440564024364  0.59882480261037652  0.60938372820314302  0.61974963392339244
  0.63002586107617520  0.63998556391105565  0.65007032015478516  0.66056561853256612
  0.67194513142321299  0.68391156780773776  0.69595172633715907  0.70767001429352527
  0.71917596072998990  0.73038491765924340  0.74084813274872696  0.75159601281956667
  0.76224071601468402  0.77277292624863447  0.78232860294586659  0.79170378023014265
  0.80167256196919823  0.81264791110724865  0.82514602906420287  0.83658908505588914
  0.84724347579623027  0.85800117893694838  0.86886817050193621  0.87988442596461669
  0.89094564855094482  0.90200041671734277  0.91278947790538822  0.92299428375456982
  0.93293643566781603  0.94292324584844900  0.95290931714056970  0.96277558670236163
  0.97224504501822984  0.98148061686242827  0.99054453830609879  1.00000000000000000
 -0.00332996812346656  0.01232735453713285  0.02563232000817681  0.03874096841104863
  0.05145579325450594  0.06320936272406076  0.07431862227846160  0.08552566736646554
  0.09710441092082266  0.10793917181769092  0.11742694737705904  0.12696194800200866
  0.13676879784930682  0.14621757261465990  0.15559654580120222  0.16483119303710733
  0.17586784871996813  0.18763277838514766  0.19945887511046578  0.21185965950766994
  0.22453863819572512  0.23609317622013656  0.24663076461398462  0.25739269464423337
  0.26869962947085574  0.28046018870239053  0.29178642377565400  0.30215710146923619
  0.31202574967882674  0.32107944918871961  0.32987400319837612  0.33833253238913913
  0.34669568166543913  0.35548959903222138  0.36468843961836078  0.37390202690764529
  0.38342826926217133  0.39304561266469357  0.40454109236078217  0.41651476744943111
  0.42746292732180624  0.43819687396941992  0.44914281237714421  0.45970527683242746
  0.46955859721994514  0.47951955685695485  0.49038034789665746  0.50208952851451816
  0.51434531159180474  0.52622463932153540  0.53697850672339020  0.54734925333213325
  0.55721585535688434  0.56732759661232746  0.57690319443888605  0.58683983786766680
  0.59704265973848591  0.60758964322184361  0.61886266835658710  0.63047785968442116
  0.64247514578721010  0.65391076076291199  0.66524060806224372  0.67690953374760543
  0.68805609668473755  0.69853797968081965  0.70897777142868035  0.71975350867848920
  0.73104651253896280  0.74246829617597276  0.75369859879532020  0.76396141160286779
  0.77370766707374505  0.78307905229544894  0.79251376679723040  0.80169121232661089
  0.81102343457165182  0.82089005532618353  0.83120637481914428  0.84130925507808685
  0.85101211794851028  0.86025886916223526  0.86944400178407055  0.87916936170267601
  0.88893830347583080  0.89867567774856172  0.90848078497091744  0.91857395407298525
  0.92938873821538348  0.93933516031177522  0.94918881704645452  0.95918768280026023
  0.96932075071814638  0.97946467483979294  0.98967482518878469  1.00000000000000000
 -0.00360893615371674  0.01113385804947843  0.02245326891596282  0.03250009850870339
  0.04234112982815264  0.05210348749295293  0.06138071485984566  0.07102812445488942
  0.08040436393656597  0.09201561252666647  0.10378665852619405  0.11501921781116968
  0.12610394421727433  0.13758568764159426  0.14945575928040339  0.16125825481808931
  0.17248766267981264  0.18320800499592110  0.19337108687611629  0.20308991925818734
  0.21240209612784117  0.22159191040935880  0.23125728486287336  0.24159099125672265
  0.25197460803641042  0.26296170049340245  0.27413586163254161  0.28610584664134775
  0.29694617276967150  0.30686760885374287  0.31690894248550394  0.32707349566414995
  0.33715360542356948  0.34695119492076759  0.35693961579501998  0.36889692807429680
  0.38098799970146668  0.39269628617707819  0.40466304283924204  0.41694157437100782
  0.42932829620235891  0.44164386569720732  0.45354847637801482  0.46457047724105216
  0.47491793028700369  0.48542736225574346  0.49555177455815935  0.50636440669225147
  0.51676532646310558  0.52728523102487501  0.53763599483727209  0.54771474664590236
  0.55769740955375158  0.56776912340326269  0.57744788679892933  0.58740516996863978
  0.59688177114733487  0.60617623311640967  0.61543646530235863  0.62478130618423433
  0.63454745069231822  0.64522875731337026  0.65615839323895375  0.66689699301248440
  0.67688361933106034  0.68671758252196002  0.69723351880687046  0.70787651688951414
  0.71797176681129982  0.72806750022555144  0.73878753260696395  0.75072518478483641
  0.76317962435449782  0.77612236918370803  0.78848015167069641  0.79916825559348437
  0.80897677215905506  0.81896929330170698  0.82946569759266009  0.84018900329671364
  0.85093753837909381  0.86158051757830523  0.87200490310592227  0.88211295108858745
  0.89181244616312516  0.90114897613629574  0.91029354801455153  0.91969194033149160
  0.92970025188878846  0.93988614490616262  0.95022098971489877  0.96034874058819664
  0.97040796873278057  0.98014172377943720  0.98984623732502230  1.00000000000000000
   61.030221378852325       -1.0000000000000000     
 F F F F F F F F F F F F F F F F F F F F F F F F F F F F F F F F F F F F F F F F F F F F F F F F F F F F F F F F F F F F F F F F F F F F F F F F F F F F F F F F F F F F F F F F F F F F F F F F F F F F F F F F F F F F F F F F F F F F F F F F F F F F F F F F
  <DiscreteSampler_grid>
  grouped_processes
  1 # 1 for a reference and 2 for a running grid.
  10 # Attribute 'min_bin_probing_points' of the grid.
  1 # Attribute 'grid_mode' of the grid. 1=='default',2=='initialization'
  0.0000000000000000 # Attribute 'small_contrib_threshold' of the grid.
  0.5000000000000000 # Attribute 'damping_power' of the grid.
 # binID   n_entries weight   weight_sqr   abs_weight
    10   10   5.562805690478876E+013   6.562911668843169E+027   5.562805690478876E+013
  </DiscreteSampler_grid>
