 -0.00304764778193199  0.01125904824150408  0.02279398964553091  0.03444696735386116
  0.04554714736788949  0.05665904060931188  0.06787845457490763  0.07945612571464837
  0.09036520260410075  0.10021995025219073  0.10995034108548461  0.11994461064976886
  0.13047397717762263  0.14144651731899058  0.15282713086448882  0.16464430645743100
  0.17646380213338425  0.18807068374913596  0.19915156761302655  0.20931740058466622
  0.21882038735032949  0.22778755661762398  0.23670659260306559  0.24545807055636204
  0.25447041035769613  0.26382984485766536  0.27387410709991689  0.28463435354454353
  0.29530255130625832  0.30561281584100275  0.31582177670583406  0.32611970407934254
  0.33701176460278104  0.34860739582124511  0.35958846158772079  0.36942710002254497
  0.37882708226387751  0.38820996507109384  0.39775064383713843  0.40735077289620503
  0.41703488533800592  0.42715610791612540  0.43741251179679408  0.44725979511606540
  0.45663131590427231  0.46571715284386017  0.47435012913733388  0.48352788622621884
  0.49441081774940837  0.50657942325002003  0.51913980222313671  0.53101534409812046
  0.54295413854380048  0.55449686678678201  0.56598380950266769  0.57778848391017701
  0.58986538965854429  0.60210744615555678  0.61328821462760785  0.62323734525259078
  0.63299908036639074  0.64264779790212634  0.65243793783253468  0.66308337897281167
  0.67583977876407386  0.68880849609599537  0.69978367336594682  0.70978258230683544
  0.71956423063841723  0.72952081099380672  0.73929666791044968  0.74888124866264327
  0.75825846379038375  0.76774431410935773  0.77734314449523534  0.78692821478130071
  0.79656222323671899  0.80656429630369497  0.81750313257529739  0.82986587444522275
  0.84143100392475889  0.85257945709323490  0.86313792996183303  0.87395029357060094
  0.88441565266780253  0.89486752993287366  0.90612726268619115  0.91735122937072933
  0.92794496218223876  0.93792186308593328  0.94753008174642028  0.95724627627967118
  0.96681965346161125  0.97698606494774332  0.98809916128070163  1.00000000000000000
 -0.00012453369683132  0.00489004859457606  0.01052962833235637  0.01685945947422966
  0.02435821657506489  0.03270041087850977  0.04120065939674181  0.05055139706441201
  0.06037911998378171  0.07005309594169926  0.07999624613938282  0.09056441035650538
  0.10195091057859407  0.11354358177986247  0.12576161942243980  0.13858125263915336
  0.15099536100890093  0.16274176691619460  0.17437411085808308  0.18571902669417079
  0.19623930323780520  0.20651172011465152  0.21700678177968458  0.22797955199739500
  0.23920369930292579  0.25025160986726064  0.26102046241988763  0.27216422410164520
  0.28413195002555186  0.29597393800439303  0.30671046844888056  0.31650278227928585
  0.32578209461302998  0.33538605215967310  0.34714452915272603  0.35939454591779918
  0.37102589720373608  0.38237005702996091  0.39348223656394327  0.40450939359367122
  0.41522828598557465  0.42507459331790548  0.43455738228216273  0.44394754304195200
  0.45316568534722212  0.46241200633299567  0.47160811585442086  0.48138088115782596
  0.49181643312955375  0.50267753665325965  0.51448999385519134  0.52557759748727995
  0.53579928965454215  0.54568137922723781  0.55486597765510237  0.56409445852490714
  0.57323768758142546  0.58247012734154446  0.59182314957837223  0.60182234003877777
  0.61228468812738990  0.62244899818848065  0.63240978682299531  0.64274670296352798
  0.65289751897278780  0.66344251304405155  0.67385706735266926  0.68444072982527937
  0.69564305531361159  0.70787569990338695  0.71923777330910255  0.72952489473182780
  0.73939806057117052  0.74919327385287571  0.75915891806209101  0.76904878093179030
  0.77934643412633287  0.78973333859781691  0.80025534246919516  0.81061270315274980
  0.82022241224527315  0.82975947809750050  0.83996560344722671  0.85104331329816163
  0.86206879882485898  0.87304430878564032  0.88499466230086299  0.89667640920249714
  0.90836822902548553  0.91993778727636744  0.93263472064298225  0.94459022817209259
  0.95685054835238625  0.97000211311704010  0.98437209194829944  1.00000000000000000
 -0.00837287496662691 -0.00266006948725098  0.01109756419868540  0.03701697804764253
  0.06194969999656597  0.08654164716513446  0.10915279029562290  0.13095982275320595
  0.15091328578591390  0.17116634751215892  0.19158688408637473  0.21213513002305409
  0.23349238110073595  0.25611114392637074  0.27851228876338924  0.30082757275107341
  0.32305122485266796  0.34539271235540703  0.36796393787017362  0.39042451619692914
  0.41282452713415863  0.43531273958737399  0.45780831939884903  0.48030950169164871
  0.50263171469307222  0.52480455133824555  0.54800842801182059  0.57152259086171830
  0.59611391842539008  0.62138482174023801  0.64839530278276403  0.66518110149235454
  0.67696680070832083  0.68989202227550206  0.69068593324629057  0.69228129914769798
  0.69718445483031199  0.70201677957882092  0.70679104881058841  0.71157165467870764
  0.71631856396846416  0.72108129804657251  0.72587585654147424  0.73066592669641384
  0.73548047832023700  0.74028275356540374  0.74505826787362139  0.74985632026102755
  0.75471795215861770  0.75961934447628043  0.76457696890090121  0.76950733601283183
  0.77441227599746709  0.77932371029437775  0.78425477768700680  0.78918022984746239
  0.79408580853635524  0.79904281603706573  0.80407304435296079  0.80917707470390188
  0.81428960705712161  0.81942656573506323  0.82457804106219468  0.82976283096291681
  0.83490156562146323  0.84005882116157904  0.84520811790425543  0.85030401633708708
  0.85536331619719785  0.86041589556712794  0.86553235637164372  0.87074315205228159
  0.87602347109381606  0.88131352786987360  0.88654839772757610  0.89175910219146293
  0.89705108024092195  0.90241264073547611  0.90775005503149298  0.91304036775215713
  0.91840041452383159  0.92373492093673304  0.92902757482004872  0.93432608059568867
  0.93966446201754827  0.94504250302650794  0.95052958847545421  0.95607896621112831
  0.96162978288907996  0.96711420036019513  0.97253937115823541  0.97800011731338543
  0.98355852099294994  0.98915124685620481  0.99463480593429010  1.00000000000000000
 -0.00313296321138654  0.01041335883890920  0.02187088416002429  0.03381137381003378
  0.04563137626520467  0.05724418591095067  0.06841409323770632  0.07914540766731797
  0.08993503132225782  0.10045635324641058  0.11055046270224375  0.12083726501790394
  0.13205268823785471  0.14393930970189076  0.15573057881857924  0.16755431145668201
  0.17961033904229401  0.19100891981542120  0.20129680530342031  0.21139892652856618
  0.22145636127365292  0.23128248641999594  0.24057348308770832  0.25038853814110845
  0.26155041397101914  0.27304846108011899  0.28366876774292593  0.29380592406952655
  0.30375905162862143  0.31462708088709701  0.32586897912159091  0.33757061811704625
  0.34882568254183627  0.35995104961997831  0.37110873627356294  0.38201030584105927
  0.39247176574415743  0.40299719557294855  0.41384282578317388  0.42496864105727161
  0.43586915682489347  0.44562648138196398  0.45511703563482453  0.46461533176588687
  0.47367585977735532  0.48250110084061942  0.49125051716524054  0.50008506343405779
  0.50984305122762175  0.52000264761187920  0.53124484976235897  0.54235238900534977
  0.55303589616882054  0.56362397837989564  0.57451929950897529  0.58519255447842833
  0.59534099057004963  0.60555959180012553  0.61565085952663379  0.62570905777838948
  0.63535054474610453  0.64522107029261033  0.65470360195467436  0.66383309405013657
  0.67265524517493780  0.68146776313214186  0.69066616966054095  0.70010792924156695
  0.70931652658776823  0.71833910031918724  0.72749744423268314  0.73696808903219679
  0.74678893773663901  0.75661979844245442  0.76652042250414043  0.77691413986138624
  0.78800750041358425  0.79965309356747505  0.81133231218158874  0.82260345316884731
  0.83398625101359081  0.84516870318946735  0.85557041199711314  0.86577334503523329
  0.87589770682055301  0.88628866636065773  0.89670758454731769  0.90717058053058597
  0.91763289830838002  0.92818688436290797  0.93922144567563592  0.95117265651406857
  0.96395466237082816  0.97612711922429241  0.98824490743597926  1.00000000000000000
 -0.00206436906109675  0.00808888076975656  0.01672216769588335  0.02625016035484301
  0.03641199614724756  0.04666495802822748  0.05787432371857235  0.06914435292678417
  0.08170755787960474  0.09437368854059347  0.10679106014562009  0.11816266095768056
  0.12863160342292063  0.13800539876922033  0.14734439709140582  0.15738503288216388
  0.16821722211799495  0.17951631280452809  0.19089925390197285  0.20322835700763023
  0.21439669379291257  0.22464805932554807  0.23409589174835380  0.24343963493061002
  0.25309600884141525  0.26296985883955998  0.27302065209903192  0.28405714599568682
  0.29518921511180141  0.30624186003207415  0.31748012398206299  0.32855335720696394
  0.33912330182237110  0.34899893342909072  0.36019607831496003  0.37198433136059644
  0.38332565734843599  0.39410071491750659  0.40497520545195004  0.41574712810888492
  0.42563505124491957  0.43512706356491748  0.44518312005507454  0.45549174679086735
  0.46591327460812598  0.47701324451739213  0.48970802331491337  0.50224250140885074
  0.51364661478749385  0.52461717300955191  0.53613044439738533  0.54769789843450256
  0.55879966623556987  0.56909276204678716  0.57929240421236905  0.58928700594218941
  0.59876050303635053  0.60771443127250957  0.61625561105371196  0.62574459300265861
  0.63564220593114962  0.64561903522000186  0.65602013021313765  0.66696124769159715
  0.67802676114303462  0.68938210112051201  0.70022171658703802  0.71246498043916529
  0.72476148251063832  0.73604996869926276  0.74654185419396091  0.75691546474978055
  0.76775602524595865  0.77821251774470868  0.78891299447313223  0.79875911738522498
  0.80853197756335815  0.81860197655240641  0.82806960493036141  0.83737247866071751
  0.84677838620117285  0.85706299674522968  0.86851285269560830  0.87957270526475795
  0.88996424647276073  0.90076387695872673  0.91154873513180934  0.92208032327738132
  0.93245382976517222  0.94292796194786965  0.95337245969384055  0.96338265880697072
  0.97295770092255751  0.98199909531890162  0.99101901119903635  1.00000000000000000
 -0.00313771162837410  0.01117222697137501  0.02311796910477827  0.03422240975975629
  0.04479900273592109  0.05462349812094044  0.06398931075373630  0.07357838928078529
  0.08320731617781711  0.09392862186239498  0.10463378700039411  0.11594857301884744
  0.12796305884746556  0.14065903681139819  0.15378449981762005  0.16652248312499818
  0.17869553467080315  0.19070480445186622  0.20245047193149890  0.21379476036764011
  0.22483145205182517  0.23546536864019060  0.24711285017326637  0.25630190637030409
  0.26546154553192403  0.27532384280332795  0.28538744196889204  0.29562166019101688
  0.30509083908954371  0.31453269748246310  0.32456710713404141  0.33436158271986066
  0.34355739177934125  0.35274575178653467  0.36231754019580864  0.37225095202822089
  0.38309992484577038  0.39408528224880357  0.40445135534471571  0.41436324216830100
  0.42401858984170177  0.43386527449278695  0.44430482903628010  0.45411978858991936
  0.46345631137918286  0.47244737085729310  0.48297934501303125  0.49466661819743157
  0.50614364804047218  0.51728213158324543  0.52756917373089940  0.53800435891450982
  0.54823514200338086  0.55822644300713686  0.56769038513717496  0.57659760719991615
  0.58562464195576647  0.59468329788531327  0.60408614728913801  0.61387648946697215
  0.62381559464910641  0.63449387687661174  0.64455049769086736  0.65415063138886487
  0.66353388087073251  0.67372859205020186  0.68463665909777727  0.69542361547957965
  0.70640480005958362  0.71786504030034581  0.72848010861736034  0.73834203684831134
  0.74781311887791790  0.75903008966719843  0.77100905686896959  0.78366271521211450
  0.79665028217374845  0.80918694316390127  0.82134657523671317  0.83345858739649603
  0.84549980973471583  0.85659592237596760  0.86643966722984633  0.87619590097839151
  0.88619980257490216  0.89647198552058116  0.90618487903251632  0.91568720846929830
  0.92656827737266378  0.93813654056287465  0.94830810407042709  0.95843594003133181
  0.96862837995225293  0.97908905764832432  0.98926410428471834  1.00000000000000000
 -0.00238226607769529  0.00989118170560299  0.01996029481885631  0.02899916524617825
  0.03775823025508407  0.04722347837474082  0.05770566442617033  0.06816467936044236
  0.07815053874777876  0.08864340957655018  0.10001983981096481  0.11121395322873585
  0.12201837151333325  0.13318487979471771  0.14487081416800984  0.15646696264948337
  0.16767379066096563  0.17724244536383463  0.18709952811602082  0.19724108318128505
  0.20696434065966027  0.21571130195667612  0.22380634812474440  0.23260190089289709
  0.24208385913415970  0.25236533772360509  0.26235946696767021  0.27296845786966201
  0.28426134675628661  0.29650812314538688  0.30955225581287393  0.32233610792473782
  0.33411992184531081  0.34463288817705340  0.35478692933439765  0.36480243903536730
  0.37444001314918030  0.38348491643569643  0.39271117750011719  0.40281615092785455
  0.41333984049087125  0.42401705616958479  0.43485653386816225  0.44575333993350946
  0.45665329998003290  0.46767494292458250  0.47851452218286550  0.48931621643912077
  0.50019652184668417  0.51176606855093854  0.52263277693242671  0.53346225272532499
  0.54361408633113717  0.55374150542843192  0.56370024969564325  0.57464265312064289
  0.58485094788238090  0.59553797964783439  0.60555184968864118  0.61551452800523565
  0.62512055189492322  0.63503429429746638  0.64553373629181310  0.65617738370406964
  0.66678572772326572  0.67657662724661372  0.68617549653419518  0.69570018397720057
  0.70528168341204722  0.71561878966027304  0.72587474212553338  0.73710533490697350
  0.74932920999268171  0.76106013844645204  0.77239849193901644  0.78386163262013375
  0.79558950353695301  0.80777046518216844  0.82040777945230026  0.83316487552436336
  0.84552621868236166  0.85711842143219630  0.86821716953395722  0.87876835227867633
  0.88889605671434702  0.89940792155787641  0.91037900871280975  0.92034089897850180
  0.93052289666547083  0.94043749758622786  0.95120668686114351  0.96157250897460322
  0.97150201537008962  0.98113604910706298  0.99041148478300789  1.00000000000000000
 -0.00323490856750074  0.01087271230625427  0.02331626066139442  0.03565730248611352
  0.04811549719709616  0.06053002896271913  0.07302730541530698  0.08467560822403380
  0.09530050378703495  0.10550036750936326  0.11547660760170304  0.12503749378821244
  0.13403355676897102  0.14300592522199265  0.15245783247087802  0.16228566895681965
  0.17236232990452433  0.18270874893838959  0.19380052824952843  0.20516719828579427
  0.21595180490303231  0.22611394323236420  0.23676921096265735  0.24787053136134554
  0.25903528182820329  0.26970770035854824  0.28064040257871326  0.29133469245208232
  0.30168550019282381  0.31243347326456378  0.32403983735211411  0.33651274600622755
  0.34948539125124933  0.36236915155069166  0.37461710830972134  0.38598696614100941
  0.39717233924814110  0.40655973888015129  0.41713570389307097  0.42720864267761571
  0.43755383010885829  0.44593504754382340  0.45527277122334109  0.46457983985101031
  0.47431125434323201  0.48398770114818473  0.49393692045669257  0.50415081099010128
  0.51682950956991336  0.52924868331803732  0.54273698120170555  0.55482580955871430
  0.56542077496706611  0.57481299046706236  0.58413484981119879  0.59389123150203638
  0.60374729826265161  0.61342508188738576  0.62281151454374750  0.63236172250123401
  0.64226515002774742  0.65261917623384313  0.66301565046718369  0.67205363817992048
  0.68011749588233184  0.68862218840170231  0.69832561396806314  0.70855182102591707
  0.71773538553557314  0.72670772141183404  0.73724992060819772  0.74867599712575306
  0.75933025814524469  0.76920791273549183  0.77882682408293680  0.78849218846011382
  0.79794268203109975  0.80659296217017284  0.81513907845040667  0.82357787226301749
  0.83214887889904510  0.84103217640768368  0.85025103069780883  0.86059034262015777
  0.87224304703389111  0.88480991026181943  0.89809843255004196  0.91078307621335808
  0.92256787193421852  0.93351362417085393  0.94434552769492397  0.95550240757284610
  0.96659341445842684  0.97736766933732699  0.98854519806341246  1.00000000000000000
   61.833421855441749       -1.0000000000000000     
 F F F F F F F F F F F F F F F F F F F F F F F F F F F F F F F F F F F F F F F F F F F F F F F F F F F F F F F F F F F F F F F F F F F F F F F F F F F F F F F F F F F F F F F F F F F F F F F F F F F F F F F F F F F F F F F F F F F F F F F F F F F F F F F F
  <DiscreteSampler_grid>
  grouped_processes
  1 # 1 for a reference and 2 for a running grid.
  10 # Attribute 'min_bin_probing_points' of the grid.
  1 # Attribute 'grid_mode' of the grid. 1=='default',2=='initialization'
  0.0000000000000000 # Attribute 'small_contrib_threshold' of the grid.
  0.5000000000000000 # Attribute 'damping_power' of the grid.
 # binID   n_entries weight   weight_sqr   abs_weight
    10   10   4.076085006045553E+013   5.210698234855475E+027   4.076085006045553E+013
  </DiscreteSampler_grid>
