 -0.00000354956710498 -0.00000245767676098 -0.00000136578641699 -0.00000027389607299
  0.00000081799427101  0.00000190988461501  0.00000300177495900  0.00000409366530300
  0.00000518555564700  0.00000627744599099  0.00000736933633499  0.00000846122667899
  0.00000955311702299  0.00001064500736698  0.00001173689771098  0.00001296383737321
  0.00001436843537276  0.00001577303337232  0.00001717763137187  0.00001858222937142
  0.00001998682737097  0.00002139142537052  0.00002279602337007  0.00002420062136962
  0.00002560521936917  0.00002700981736872  0.00002841441536827  0.00002981901336783
  0.00003152428816786  0.00003339306890937  0.00003526184965087  0.00003713063039238
  0.00003899941113388  0.00004086819187539  0.00004273697261689  0.00004460575335840
  0.00004647453409990  0.00004836673414672  0.00005083507601514  0.00005330341788355
  0.00005577175975197  0.00005824010162039  0.00006070844348880  0.00006317678535722
  0.00006564512722564  0.00006864809571315  0.00007181591619954  0.00007498373668593
  0.00007815155717231  0.00008131937765870  0.00008458066669500  0.00008872313677941
  0.00009286560686382  0.00009700807694824  0.00010115054703265  0.00010592973694705
  0.00011090872318892  0.00011588770943078  0.00012098497480141  0.00012672857688312
  0.00013247217896482  0.00013825522373879  0.00014539082895181  0.00015252643416483
  0.00016077592654960  0.00017008766959080  0.00017678321173235  0.00018161122858268
  0.00018570064169816  0.00018977057971035  0.00019390059129542  0.00019812274417596
  0.00020251107182593  0.00020743585719395  0.00021242601041564  0.00021770212289699
  0.00022306074093917  0.00022866977534488  0.00023434689355595  0.00024020121264216
  0.00024640373055309  0.00025314440986256  0.00026067192952792  0.00026871039491829
  0.00027707485067902  0.00028629205581683  0.00029651722736006  0.00030854245538620
  0.00032333130686132  0.00034012775408013  0.00034451172771156  0.00034451172777184
  0.00034451172783211  0.00034451172789239  0.00034451172794335  1.00000000000000000
  0.00000030904064885  0.00000957882147573  0.00001344601482484  0.00001449853440579
  0.00001574252456482  0.00001664848544673  0.00001731227218729  0.00001786632420226
  0.00001843053272546  0.00001910781537391  0.00001997827662070  0.00002124670316930
  0.00002266700929597  0.00002382898574267  0.00002469153948927  0.00002549884018746
  0.00002616050815303  0.00002703757416024  0.00002787686202400  0.00002858350679190
  0.00002926984691090  0.00002993646342516  0.00003069952780487  0.00003155547960723
  0.00003254091174791  0.00003418836751294  0.00003585624139810  0.00003697987760835
  0.00003799011950900  0.00003902210760691  0.00003999993006491  0.00004104615536053
  0.00004227231449984  0.00004326529677784  0.00004413982278004  0.00004497057975935
  0.00004578282645222  0.00004672342062813  0.00004770466678100  0.00004898044964077
  0.00004985277483775  0.00005077873311206  0.00005158757752437  0.00005234499808672
  0.00005302980798855  0.00005373368175259  0.00005444473936734  0.00005520237750103
  0.00005595425797568  0.00005672948474781  0.00005767565570510  0.00005881957368313
  0.00005998006995133  0.00006100607372545  0.00006189543771231  0.00006274215213671
  0.00006359283070785  0.00006462345743543  0.00006607246594186  0.00006828419618693
  0.00007025901810444  0.00007204504707230  0.00007367612445791  0.00007523833229087
  0.00007688304658226  0.00007824500502033  0.00007948239687175  0.00008076324873879
  0.00008198356668168  0.00008314932416558  0.00008436871342767  0.00008611666067842
  0.00008825899039523  0.00009046812389149  0.00009278716043882  0.00009491691232902
  0.00009706940923542  0.00009950685241991  0.00010204047431975  0.00010499123102396
  0.00010811474132450  0.00011103002757132  0.00011425985253306  0.00011836387337587
  0.00012306296544639  0.00012759306322544  0.00013282197295983  0.00013913205896588
  0.00014582973480241  0.00015305910671404  0.00016027448845835  0.00017207183073888
  0.00018658892013160  0.00021685664009181  0.00038797240252051  1.00000000000000000
  0.95353878407414072  0.96283153131159471  0.96347926430039188  0.96385936662781146
  0.96421511584986008  0.96455757662880814  0.96482985942123711  0.96508005610514425
  0.96531607802812192  0.96559057092880940  0.96588438255278986  0.96612467329230112
  0.96635944271348539  0.96661848266734152  0.96683722537070049  0.96704262842968791
  0.96722773605161849  0.96739560865921226  0.96755412820235032  0.96770777789237317
  0.96785641114490895  0.96799818790058378  0.96813677246502094  0.96829813275162735
  0.96850039973348001  0.96869974492602329  0.96888648532203314  0.96901680817308367
  0.96914374430907324  0.96926919137521783  0.96940545707788739  0.96955901182599957
  0.96969539140989136  0.96983476543985181  0.96994715761050232  0.97005010971907923
  0.97015466329040556  0.97028006281137746  0.97044281969451163  0.97062177557851248
  0.97078572052956713  0.97091333511794986  0.97102629348212754  0.97114285974846015
  0.97126905121686591  0.97139680265424566  0.97154035419945239  0.97168189158490836
  0.97184508695545180  0.97200661075609140  0.97216205549816292  0.97230950704841135
  0.97245546977200059  0.97257672086068103  0.97268554269468965  0.97280419456128453
  0.97294256198107310  0.97309584345143085  0.97324639203101349  0.97339151247591416
  0.97355317263128827  0.97374083186821370  0.97396117331803245  0.97421163427790403
  0.97447433249178439  0.97467515170359831  0.97484567049531912  0.97499021406127295
  0.97513745502409743  0.97529329112786123  0.97549958889388000  0.97574455850289799
  0.97598420762314442  0.97621047274101114  0.97643319551903918  0.97666445068257290
  0.97686242661548639  0.97709365028770545  0.97728138315166724  0.97747042734971934
  0.97768715177233090  0.97796596165883909  0.97828470525911371  0.97859132859820097
  0.97895657284855553  0.97957436109978269  0.98028014355726978  0.98079777632764154
  0.98126854055271784  0.98171848661379546  0.98217694233658004  0.98254647674200102
  0.98323380642950053  0.98554642908802359  0.99227474825460249  1.00000000000000000
  0.95298212560591344  0.96696492610918994  0.96866316430761790  0.96954151322259596
  0.97011578203142868  0.97065214346374928  0.97109655340993806  0.97153884735994311
  0.97196053844513564  0.97234678888397241  0.97265273608097269  0.97298516745661101
  0.97329661212557816  0.97366721840626913  0.97398352036531100  0.97425271127802782
  0.97445669400012680  0.97462356684140206  0.97478828398164974  0.97497553361790590
  0.97522244222813115  0.97551378418692680  0.97577477577327232  0.97599279631222613
  0.97617480978966920  0.97636494549545594  0.97656499545682196  0.97674104459758837
  0.97687914730432557  0.97700957900825569  0.97712760306581758  0.97724644638135094
  0.97736457728257653  0.97757860713960687  0.97782788151685840  0.97804156682411081
  0.97825749921798633  0.97843291778501840  0.97856314414117640  0.97867791778151803
  0.97877820766775725  0.97886855050358723  0.97897468544390787  0.97909627637118335
  0.97922163908798299  0.97934777929915562  0.97947086814869710  0.97958835389496191
  0.97972803552544030  0.97988402843538558  0.98005252921116748  0.98023233143576383
  0.98041712347638699  0.98059364748831013  0.98076933320263260  0.98094880027511688
  0.98116034119212603  0.98139164528282685  0.98160070309389924  0.98181981410839403
  0.98207023957279882  0.98231439496245565  0.98256519630251726  0.98284353119055334
  0.98320920284114910  0.98351271703875720  0.98373258885868975  0.98391093533951757
  0.98406427950622088  0.98420925375705492  0.98435163185513308  0.98450824226202771
  0.98467748956325929  0.98484462117453797  0.98491533119295238  0.98496856195938709
  0.98502209119098105  0.98507756973074523  0.98513304827050929  0.98518429134182306
  0.98522966439058435  0.98527503743934564  0.98540590163872133  0.98553059318076897
  0.98567819871875939  0.98583265392287645  0.98603339254749622  0.98621627279022572
  0.98672528807612703  0.98743132520911636  0.98782605176796756  0.98825875599556545
  0.98900868588713187  0.98962917610430645  0.99522450379594840  1.00000000000000000
 -0.00187315324225727  0.00863455252162519  0.01856194458903337  0.02703002396760968
  0.03748746559200657  0.04869119779103405  0.06027352186765371  0.07065221631816125
  0.07974200461821578  0.08866929906107446  0.09788540087063934  0.10766044276733383
  0.11807222782173772  0.12948099883182212  0.14132791430773994  0.15434967435747726
  0.16740509669984294  0.18799426726105128  0.20559171198545101  0.21825508721272002
  0.22995307423292802  0.24517567915247068  0.25830326728470804  0.27032243815193735
  0.28273445039895934  0.29278078019299109  0.30268340017302842  0.31087494695704676
  0.31920412518696073  0.32697100132311835  0.33351947271317411  0.34388048203174820
  0.35417191557507138  0.36440139795428972  0.37433648490329458  0.38384103705444911
  0.39272770772094839  0.40131588645480115  0.41119138835882374  0.42018548052356497
  0.42695351120937663  0.43205243474802069  0.43663918637650290  0.44122177052309591
  0.44604895090094054  0.45208074599261355  0.46013950171653262  0.46747713705041816
  0.47326279909973890  0.47977445140156205  0.48630323739082681  0.49802905052843199
  0.50742196700383690  0.51711292916871787  0.52695800012749006  0.53943434738462837
  0.55483084851393483  0.56890473684678466  0.58048593587773345  0.59051597251471843
  0.60052188028560871  0.61133499784169976  0.62536145820070022  0.63605583822284717
  0.64869705563093871  0.66274071223418540  0.67734909631414997  0.69513199107938084
  0.71224150001292985  0.72581209708021388  0.73782412223148286  0.74794833086722534
  0.75806332991481928  0.76944693410237219  0.79175364430884676  0.81479032757980874
  0.83255645065581241  0.84386008428669124  0.85152223816288186  0.85767648247795403
  0.86417242207066436  0.87116132845191885  0.88048744736153173  0.89058496533466225
  0.89932954599647719  0.90485369205982991  0.91024129419207278  0.91556930069353848
  0.92149013012559566  0.92999281770030018  0.94519278356397263  0.96003723613568825
  0.97206079637034837  0.98201183120211089  0.99100586906269106  1.00000000000000000
 -0.00223671428078980  0.01222811420055960  0.02380008096057369  0.03512608992448052
  0.04328096251093863  0.05206722157834914  0.06019211768374836  0.07205249684449766
  0.08268433063548018  0.09155449384558911  0.09913637234712494  0.10683812059738956
  0.11640957438733461  0.12906029688869147  0.14432423696559291  0.15774527805283747
  0.16889255148723498  0.17810104545084757  0.18645127508957376  0.19134034132169234
  0.19623096411981036  0.20128429651389046  0.20729957789354206  0.21510434949334534
  0.22140956083129290  0.22753485130618659  0.23439564674843283  0.24109905198380033
  0.24753941388121908  0.25495548932330048  0.26498861972191784  0.27684492135783328
  0.28609158168409637  0.29170066808135697  0.29717484461055210  0.30257635480176953
  0.30771678068415659  0.31325683461997372  0.32246996800152722  0.33210808431774524
  0.34141928502499097  0.35076327878041502  0.36206461106057602  0.37319111293779361
  0.38832027826640081  0.40233015077933565  0.41644774832616521  0.42914222416887626
  0.44034138899615860  0.45043945232004173  0.46113108213469350  0.47048721739630284
  0.48110016814534701  0.49320618032362801  0.51268779852702850  0.52840659912922616
  0.54388459555449908  0.55838485535563853  0.57359807968209076  0.58393997718414947
  0.59332543438591834  0.60238894747349037  0.61564944624545181  0.62844007053149598
  0.64042201103226504  0.65048980211868257  0.65952151047355778  0.66830063966340436
  0.67689875785384224  0.68459523702686231  0.69316336883338203  0.70323616388962273
  0.71580108031436818  0.73342989270636660  0.74833065430398626  0.76038842088243996
  0.77231463262792921  0.78559774742425259  0.80123505500203829  0.81602054883355524
  0.82809244489246248  0.83802715374869285  0.84610912483458800  0.85305250186080805
  0.86000026611279512  0.86663112651150731  0.87228426893464572  0.87880740367662979
  0.88656386571479107  0.89881208983714367  0.91703008988272661  0.93213190702769599
  0.94536424282962972  0.95924430983909936  0.97640767839539344  1.00000000000000000
 -0.00218422178212115  0.01036034912101463  0.02072985512489008  0.03242094839766137
  0.04425783089097893  0.05620570366811157  0.07397078979701119  0.08322147600611281
  0.09137176049453846  0.09925342010824183  0.10450430448486146  0.11338035442497531
  0.12429792953391529  0.13554302717645933  0.14565267647142674  0.15546698902538963
  0.16402680719252088  0.17346700402177076  0.18331418584872999  0.19939497930334799
  0.21655527253302068  0.22796047509323730  0.23843476253365506  0.25080485530960095
  0.26233979502031174  0.27297254542647076  0.28322032357929983  0.29491253271717111
  0.30625321733131877  0.31761517211287271  0.32900950245127408  0.33895032002122499
  0.34643555423911487  0.35352189656666483  0.36038548893183775  0.36758280133259508
  0.37522097923741876  0.38327142311007339  0.39038856030350449  0.39841148324334713
  0.40852580243509246  0.41672487731879165  0.42397687144612212  0.43743107754691429
  0.45312807531693178  0.46590945789892013  0.47728670079669611  0.48834798660081646
  0.49770813700568101  0.50576969184644072  0.51213661238283759  0.51918614110138117
  0.52720870473840964  0.53579760412853039  0.54636757778974387  0.55898947591918036
  0.57012721029627078  0.58053852222227720  0.59180107341392896  0.60323273606123551
  0.61442797753614165  0.62566583315484881  0.63624633039298994  0.64359095724165993
  0.65095450004266486  0.66004715616733378  0.67278456480816695  0.68671519677046178
  0.69645684703551580  0.70664500461660740  0.71785800641444941  0.73070537913988920
  0.74226892252030796  0.75275910926132183  0.76205010283919861  0.77132643496061870
  0.78053320932538883  0.78931148777790860  0.79749370899123961  0.80847379241912853
  0.82055993220120760  0.83279574782779275  0.84651083348429323  0.86021543502970010
  0.87284865657354038  0.88530729667789143  0.89525058478845942  0.90447391307884761
  0.91387059002607718  0.92340680310389811  0.93310868621315513  0.94360813884155692
  0.95649412746464979  0.97183613662555646  0.98551659077057074  1.00000000000000000
 -0.00291963696907440  0.01420956798677587  0.02437701151283731  0.03339951312279136
  0.04198244002599746  0.05164836353185000  0.06074547684064954  0.07182955377963107
  0.08439289501413050  0.09795783831056804  0.11120632016668837  0.12263846763464283
  0.12969857071414664  0.13767426605178720  0.14656440634847548  0.15761105570669706
  0.16566399299597157  0.17246767402155413  0.17863956219813845  0.18674896054639403
  0.19787624895980199  0.21225871421754094  0.22910616640251535  0.24398439382495438
  0.25533054580507608  0.26498295406577799  0.27197515148298312  0.27897860512804795
  0.28570890861272857  0.29310416547810120  0.30241593998850719  0.31302060985806751
  0.32384527283141779  0.33616933655574038  0.34789732137351537  0.35901635376707125
  0.37010573030111599  0.38330677420239861  0.39745838692488750  0.40825666796931931
  0.41659593646623705  0.42587793743225516  0.43495025032982720  0.44402644706961653
  0.45320614036092022  0.46305325098843275  0.47267729251791724  0.48093042693758364
  0.48944260289884739  0.49667310443235069  0.50639816627099254  0.51791740917198970
  0.52945804763531268  0.54168590291192653  0.55485711660045278  0.56660796815373415
  0.57769651998673865  0.58669060905541370  0.59232202047388216  0.59814673997733692
  0.60432269500024027  0.61112297811936400  0.61847219725988278  0.63154468209026260
  0.64471011529530486  0.65563368755753570  0.66615431189237462  0.67663538960565339
  0.68684358401932732  0.69676247588081464  0.70452532412119206  0.71099719115308202
  0.71746623485937211  0.72506633182451918  0.74066301247385269  0.76047554016614083
  0.78433807281563894  0.80177332395019463  0.81478076141499101  0.82639303333533298
  0.83712209638605439  0.85072590753481248  0.86142784591549371  0.87085078281894435
  0.88173200527896056  0.89302852218452777  0.90453696041214016  0.91608509586785158
  0.92788553983424915  0.93795549080082696  0.94684587008147214  0.95566039776011213
  0.96440403320981816  0.97481538066127560  0.98739304820479401  1.00000000000000000
 -0.00212654143046261  0.00778736273300205  0.01656542740365696  0.02633258220583937
  0.03739692493584284  0.04850359423129683  0.05844548972888612  0.06896304328890589
  0.07842783898730241  0.08922344278587901  0.10004463680559542  0.10945053516099994
  0.11766151196710165  0.12624224951148266  0.13590887081647937  0.14816470837506668
  0.16180819450316836  0.17738605090089907  0.18842299418581351  0.19712029209637080
  0.20510866090488261  0.21181235464666739  0.22056829991277563  0.23274590789799632
  0.24761392159578610  0.26199538036538161  0.27635425662879204  0.29046410180264481
  0.30564239974697932  0.31941452787005714  0.32860203501768170  0.33684266574578342
  0.34312313224980595  0.35017078383080535  0.35833552794306944  0.36743043503088235
  0.37780934544147782  0.38876869030467559  0.39862963713710514  0.40973552766652055
  0.42634674342017770  0.44196985547517548  0.45455365625142008  0.46566869285338236
  0.47633139558351939  0.48746835095189728  0.49849031145862721  0.51054795960926236
  0.52436045541990906  0.53848104559565391  0.55398647204113571  0.57045182286668261
  0.58449453897987225  0.59773096174353302  0.61180916755204651  0.62712321266179316
  0.64288803616296086  0.65832365206126264  0.67435511363394329  0.68845950447011495
  0.69927981764896541  0.70937283776137516  0.71822395234197312  0.72708408404521729
  0.73512016637801858  0.74200331075395021  0.74910301855815464  0.75562571260920264
  0.76241893888470014  0.76977515054484191  0.77870014743872684  0.78890547213205386
  0.79560784684921393  0.80206720369205264  0.80884578287645226  0.81646123225064338
  0.82719294270610444  0.84010931356140495  0.85006168866363463  0.85813123646134115
  0.86475938149090814  0.87130157979282163  0.87774720135726303  0.88849481150654142
  0.89978380534511382  0.91168519039382501  0.92222510864878149  0.93024135612781467
  0.93793158753229811  0.94622727458269829  0.95486515187038745  0.96166775782845992
  0.96827654142198971  0.97473826218417681  0.98284766036621640  1.00000000000000000
 -0.00226583858323689  0.00804558155906595  0.01741510747171974  0.02619630651864539
  0.03543153038465416  0.04515342812248815  0.05686614032359040  0.06623340042775962
  0.07583601016716365  0.08495575211948098  0.09477128323538175  0.10450701335088450
  0.11518295251594908  0.12597375011627182  0.14015519641080207  0.15590242918603758
  0.16762218489978523  0.17901721457766601  0.18848751308159084  0.19834300421067017
  0.20806499858040647  0.21792570211906123  0.23030849558953848  0.24177810202992267
  0.25393241807546152  0.26839023614099333  0.28178437886108337  0.29474075904804625
  0.30745824635066898  0.31853293792162091  0.32868576537334349  0.33914195549427067
  0.34914996850432001  0.35869885705478405  0.36855731603431302  0.38293206287590387
  0.39543181703369423  0.40839470453920312  0.42232769533175624  0.43722966834678956
  0.44962506891370385  0.45865371340559730  0.46629038087181651  0.47690597173861887
  0.49261716598399680  0.51369747724458370  0.52870268270651710  0.53751489243412331
  0.54433496494672062  0.55102931612608297  0.55911431062463302  0.56953637060181916
  0.58172192609849449  0.59507742336002445  0.60802348044301191  0.61779933075838012
  0.62572351603811593  0.63351212781199717  0.64119158586886749  0.65500599347645549
  0.66711541419514475  0.67878869312907131  0.69253429924122001  0.70679657096120263
  0.71910500603369498  0.72893536348528931  0.73798306142292747  0.74331013559187409
  0.74846455541071721  0.75462404246161918  0.76057022045420519  0.76615643991314197
  0.77426278587489439  0.78464855109373299  0.79602361061053806  0.80965768282194583
  0.81899478164103168  0.82628062177961226  0.83333201687783753  0.84085296527845210
  0.84917111049797611  0.86087361126514583  0.87162786440580631  0.87876382442089396
  0.88509940509593976  0.89164656364304840  0.89955196345935595  0.91024846066986975
  0.92219001305994863  0.93236465659262691  0.94234340448304188  0.95521842115267808
  0.96600944991733784  0.97754770607636488  0.98812188588466932  1.00000000000000000
 -0.00406882224625790  0.01753833006440318  0.03302464283986160  0.04600698596026215
  0.05858108595602397  0.07256060226734826  0.08893401217125120  0.10451136301432386
  0.12081055505722005  0.13248631841023248  0.14252544041596790  0.15254616644312236
  0.16213597211348973  0.17029623973213717  0.17733192308369611  0.18321247925061468
  0.19024086739254906  0.19976165048605565  0.21105825227974917  0.22253144828290888
  0.23351276612113550  0.24992865205440273  0.26951507532802832  0.28405690838298114
  0.29626655604841007  0.30650781487133782  0.31531098465465923  0.32344653008636837
  0.33281795255701879  0.34278771296121940  0.35255021779449669  0.36189137398341753
  0.37066181332374776  0.37985030519503843  0.38777306211179524  0.39658601661344633
  0.40650425377508093  0.41897711401645465  0.43609048645325954  0.45197659548547403
  0.46492715979234722  0.47590885697920804  0.48515130865559969  0.49079794327179199
  0.49587412721681318  0.50040936153577253  0.50478607321847735  0.51051003534120143
  0.51849736086520914  0.52886419237027782  0.54153724454979768  0.55580917494736626
  0.57011754562745320  0.58347628464141121  0.59611314208762489  0.60674545646157330
  0.61512436143719973  0.62339494067816770  0.63548397232707132  0.64564813122515996
  0.65445872201864796  0.66360862080113114  0.67504593909800226  0.68546622240045674
  0.69322584871787107  0.70036436738280372  0.70725568042146536  0.71355138627085446
  0.72061799759337453  0.72949834017648107  0.74195111985126339  0.75727417671587471
  0.76936355359660591  0.78120278678942690  0.79442045046932896  0.80724453225473936
  0.82428755652864671  0.83485874922970849  0.84286914273344615  0.85002446603357396
  0.85789253176059077  0.86711576546416347  0.87549951714705010  0.88358835998073393
  0.89188740815767331  0.90185610489209667  0.91296228992657369  0.92329516205574114
  0.93227792393913866  0.94324849924548271  0.95310851233641958  0.96478551644806942
  0.97583125845255858  0.98373592013714106  0.99168581094443076  1.00000000000000000
 -0.00224697569200074  0.01311280145087997  0.02608644004291599  0.03675643523484456
  0.04645488435623590  0.05615409175199430  0.06561538575637424  0.07540433615095535
  0.08456325590084768  0.09497124397294077  0.10596566249614521  0.11726132634367414
  0.12776121023722226  0.13757778514647301  0.14690834000048200  0.15493528534377107
  0.16256490016077849  0.16936536899578084  0.17510397040226572  0.18216772207940773
  0.18981001204977968  0.19833095478319296  0.20730296770072212  0.21577672094578468
  0.22499130006832166  0.23522258712061503  0.24292932614969176  0.24971290483385516
  0.25604262312540482  0.26347709558646781  0.27334114216995797  0.28359053443614590
  0.29547225899005236  0.30859344824688284  0.32213492844294306  0.33439205814316370
  0.34461412878954006  0.35456482935293887  0.36523293793658951  0.38152974556834784
  0.39838913403112647  0.41238810970425488  0.42401206141910230  0.43483454786782522
  0.44485223778524557  0.45250035647691172  0.45923635194344370  0.46574459854440264
  0.47324814653862685  0.48403089184008097  0.49646902774639151  0.50845048646290381
  0.51890892686381829  0.53000545579737246  0.54331615316872250  0.55501593115753067
  0.56699325755029673  0.57657193341827384  0.58250811353316956  0.58829240809489347
  0.59394891194016297  0.59993533532962950  0.60808230858565715  0.62052246691735136
  0.63235599141596444  0.64393650941710834  0.65439317329455116  0.66528558899963419
  0.67713030184332557  0.69032408244992116  0.70361232015002195  0.71539135527902098
  0.72713210957651209  0.73902861458183733  0.75031739081460391  0.76133978218923615
  0.77165259820104537  0.78044911266340611  0.79027726559687272  0.79941066310101383
  0.80910105739459004  0.82286870637211962  0.83747445637250728  0.85469736324413448
  0.86604938096764239  0.87382129624290239  0.88099337515651810  0.88885597605897293
  0.89970118374786301  0.91372636680166897  0.92741658100010460  0.94080327343735193
  0.95382262544578622  0.96696979083995893  0.98220009151259979  1.00000000000000000
 -0.00255589495780651  0.00867979745253817  0.01805853614469164  0.02803949702245772
  0.03728363412654179  0.04589627700132155  0.05484322163520917  0.06559178403804149
  0.07514569416560206  0.08223533120058260  0.09092789112386858  0.10014357929421920
  0.10714492469789967  0.11593414511403048  0.12899323368261909  0.13879664202798561
  0.14649640512196668  0.15365934794268687  0.16125095422601565  0.17097041197652363
  0.18170082652965688  0.19434460145437332  0.20723173256070448  0.21615685524424785
  0.22549975222379778  0.23724887425073263  0.25307435013121687  0.26494071740066305
  0.27458203503742185  0.28418581949785660  0.29349611952874827  0.30484883346793895
  0.31872104985271915  0.33297037115877770  0.34822218220476570  0.35997390179308991
  0.37247536405626580  0.38665293061775191  0.40208098983377155  0.41401344995070621
  0.42457041292616399  0.43193824111108819  0.43842993597665514  0.44473214107695247
  0.45162714527207254  0.45870067524784847  0.46685234923613489  0.47759994967889730
  0.48972302214196561  0.50011830024213055  0.50819492560064783  0.51665153017161591
  0.52568750078684678  0.53583923675648926  0.54453505136651714  0.55361694945678963
  0.56341820373828744  0.57339076288900781  0.58262170477348596  0.59193913539646026
  0.60088852557580630  0.60987837073474460  0.61950023917973029  0.62825764598239053
  0.63825430190515076  0.64866215468427035  0.65732128818974611  0.66525341291444051
  0.67349179733247455  0.68200147622355256  0.69712116402587676  0.70786682427973768
  0.71603256910697988  0.72377961026276239  0.73225596802538795  0.74185292668695169
  0.75086254929335972  0.75966824683905576  0.76905916964367682  0.77882463481702613
  0.79454981904655253  0.80970269269634876  0.82711810829875121  0.84869017425109472
  0.86632702657060701  0.87750272870420554  0.88640952699228837  0.89504960433384095
  0.90475545275305347  0.91633122019560109  0.92739728094927487  0.93813647764357211
  0.95058650990701510  0.96583095793451701  0.98321354547504203  1.00000000000000000
 -0.00172156301286615  0.00663649843704323  0.01490361633954142  0.02483269978468777
  0.03790232658556873  0.04782335206023339  0.05471763207946071  0.06141004835877873
  0.06721902223553075  0.07316760287929100  0.07982302590915583  0.08735004071041381
  0.09743115463499802  0.11121472103942265  0.12510907892475548  0.14373891006483219
  0.16039950029820430  0.17516857334115396  0.18738481440485191  0.19747051636734761
  0.20839476239723023  0.22404443014164763  0.23865851874826638  0.24967535226716098
  0.25983964668333281  0.27175879944587500  0.28562506144607092  0.29813697955471208
  0.30680516277080810  0.31456356880849368  0.32143082370203552  0.32968977334202415
  0.33988954718529019  0.34949186533585647  0.35748391615489006  0.36541429928304980
  0.37428681026918176  0.38732010515294263  0.40170614145011685  0.41614735508288847
  0.43139713100745525  0.44857882602015847  0.46272402797310502  0.47289398409835753
  0.48349872220365570  0.49215071934307875  0.50041934692841572  0.50823676744143986
  0.51623509530010636  0.52733697739463858  0.54318616127271779  0.55537100288703023
  0.56757139826147318  0.57984234859866435  0.59296636552910342  0.60801747582235199
  0.62434131705637019  0.63934232428950466  0.65066785998628540  0.65985839718542350
  0.66731613483912366  0.67438172146476738  0.68119245230057646  0.68793326105867836
  0.69564327444461804  0.70519609025502228  0.71497147288695506  0.72619493392259804
  0.73663207522703600  0.74803792936686175  0.76105069702661354  0.77500774116729987
  0.78960535945461841  0.80443394627578857  0.81875397721820631  0.83152859013413538
  0.84200847848906701  0.84973868995731849  0.85676323112586950  0.86300456945136006
  0.87091803090954945  0.88089978223829390  0.88983929649462079  0.89832026026550771
  0.90474040810554057  0.91123987730989309  0.91855221819933797  0.92709162084926788
  0.93569998524218889  0.94551048794244008  0.95574718885402554  0.96569267030711736
  0.97466360422504095  0.98254140560461956  0.99030920573891201  1.00000000000000000
   1.8016134228835612E-047  -1.0000000000000000     
 F F F F F F F F F F F F F F F F F F F F F F F F F F F F F F F F F F F F F F F F F F F F F F F F F F F F F F F F F F F F F F F F F F F F F F F F F F F F F F F F F F F F F F F F F F F F F F F F F F F F F F F F F F F F F F F F F F F F F F F F F F F F F F F F F F F F F F F F F F F F F F F F F F F F F F F F F F F F F F F F F F F F F F F F F F F F F F F F F F F F F F F F F F F F F F F F F F F F F F F F F F F F F F F F F F F F F F F F F F F F F F F F F F F F F F F F F F F F F F F F F F F F F F F F F F F F F F F F F F F F F F F F F F F F F F F F F F F F F F F F F F F F F F F F F F F F F F F F F F F F F F F F F F F F F F F F F F F F F F F F F F F F F F F F F F F F F F F F F F F F F F F F F F F F F F F F F F F F F F F F F F F F F F F F F F F F F F F F F F F F F F F F
  <DiscreteSampler_grid>
  grouped_processes
  1 # 1 for a reference and 2 for a running grid.
  10 # Attribute 'min_bin_probing_points' of the grid.
  1 # Attribute 'grid_mode' of the grid. 1=='default',2=='initialization'
  0.0000000000000000 # Attribute 'small_contrib_threshold' of the grid.
  0.5000000000000000 # Attribute 'damping_power' of the grid.
 # binID   n_entries weight   weight_sqr   abs_weight
    10   10   3.092181094487870E-006   2.688289550680510E-011   3.092181094487870E-006
  </DiscreteSampler_grid>
