 -0.00345039503940502  0.01231849925337878  0.02495866557507826  0.03609556119148861
  0.04666209877738828  0.05701392245355141  0.06760283047141867  0.07830043053251758
  0.08850570758293097  0.09849200204612274  0.10897066869169539  0.11934121666188036
  0.12942346577763547  0.13889489097319721  0.14868242724782299  0.15953225688327360
  0.17095163540916888  0.18195334360197210  0.19279230349279056  0.20360693684499537
  0.21460047555011230  0.22587060529642061  0.23594042821310743  0.24580190423309525
  0.25537740465716396  0.26542800301573322  0.27614355715335864  0.28679984475762788
  0.29717129368586109  0.30859162732949996  0.32027764471938358  0.33227521668315640
  0.34269548037675612  0.35291185464844016  0.36252795062328985  0.37226590090651485
  0.38214047801970330  0.39154297252603265  0.40063557318566329  0.40922056616552799
  0.41801603968409201  0.42636936366884182  0.43548098554084180  0.44480300229935610
  0.45408191138636506  0.46323119605757779  0.47212379212959033  0.48143687366024740
  0.49170145967648166  0.50239654297091074  0.51337969974074626  0.52453879628353683
  0.53608856950943062  0.54812033138496552  0.56042250769523905  0.57299879768241280
  0.58580861666207129  0.59858676457353899  0.61049171242511824  0.62164795742127965
  0.63230730440671334  0.64269558076950983  0.65297975091137184  0.66355562927323708
  0.67492464553886022  0.68664955852218268  0.69772591432411513  0.70835425584961731
  0.71877367708613626  0.72916138781915085  0.73914282854947544  0.74893708843930917
  0.75876526728505045  0.76911162255467969  0.77970396752257476  0.79020372999537491
  0.80065303184346193  0.81115565461100891  0.82155551087808687  0.83223656553724579
  0.84337302810383385  0.85445651403922496  0.86494690874248814  0.87510791693522316
  0.88544886418789370  0.89617338478436781  0.90705506760468024  0.91784006023528297
  0.92784852119539185  0.93756329014554263  0.94727842654881089  0.95736340598122882
  0.96780433923478770  0.97828557288078744  0.98921815433166338  1.00000000000000000
 -0.00053677993117050  0.00621530202281498  0.01299196809211939  0.02054520844883275
  0.02873685012900829  0.03711958895799666  0.04530596976808428  0.05330971519614867
  0.06156049850147242  0.06996481183955808  0.07827696507585358  0.08636977761138206
  0.09405011357291550  0.10160870303957760  0.10964744854300267  0.11851547179611475
  0.12784119219795048  0.13759134462120995  0.14777440494743216  0.15941358571459757
  0.17073328166151955  0.18203224992258707  0.19376703795567887  0.20603421223840732
  0.21663989838705408  0.22625295265496226  0.23505920285934656  0.24378610984874566
  0.25271442445080922  0.26183869210604571  0.27113652255304327  0.28095789583487379
  0.29138427621610902  0.30240040380809835  0.31299753046703921  0.32273476023118697
  0.33163131305896049  0.34195872962868840  0.35183041731827597  0.36267756351834657
  0.37182058583466787  0.38215664119264320  0.39288808217406945  0.40350759197511415
  0.41483588798339571  0.42698507022124488  0.43908732090087466  0.45007383158410086
  0.46071250712401823  0.47088961438565430  0.48082849509746201  0.49117772579578073
  0.50173508755218954  0.51414143943407919  0.52625347855719995  0.53809725444555923
  0.54938777657066529  0.56055932427749577  0.57122406991789676  0.58183740299511177
  0.59239099272144424  0.60314252706368221  0.61335116946308843  0.62334783832953322
  0.63384520034489644  0.64496006502440006  0.65597671134998392  0.66695364040297778
  0.67865105248980284  0.69092110243207872  0.70317717527268120  0.71436560645078528
  0.72477840599360932  0.73536998738287596  0.74622850341969615  0.75773477405235301
  0.76894237465691506  0.78043404570258623  0.79220593748747203  0.80494876191116038
  0.81762637149367068  0.82993236611333721  0.84205433265337004  0.85404534139175203
  0.86494287449243012  0.87514232025146965  0.88562985543105088  0.89669658890960313
  0.90854051779672063  0.92062222738372690  0.93258600285490800  0.94451491589700687
  0.95653864294204094  0.96871839230075341  0.98300461814816043  1.00000000000000000
 -0.00833771261628013  0.02014728710691702  0.04386959294009987  0.06772293595396203
  0.09120443242408008  0.11419669822957924  0.13461885711670993  0.15394527817361575
  0.17378080035446214  0.19340678925495980  0.21271993737160538  0.23386589317286044
  0.25569555302548969  0.27812422716737023  0.30051734276307118  0.32281092022581465
  0.34521347450134299  0.36772369091679108  0.39025552164604177  0.41279830954958441
  0.43547600690137661  0.45812864366903733  0.48072481492102886  0.50316050129036460
  0.52547160645860624  0.54771239032595542  0.56993514362484765  0.59479450326959316
  0.61993937226286921  0.64658828550664771  0.66784719737389275  0.68182463755324363
  0.68800143413058368  0.69069400953242210  0.69244531474021365  0.69708062139735205
  0.70186581569755890  0.70659035575706786  0.71127239480404647  0.71591779887973417
  0.72059992021331642  0.72530253309996984  0.73004121808565681  0.73482095745675902
  0.73956928581637738  0.74429325927352685  0.74905202718151032  0.75388257287407989
  0.75876321636357813  0.76367582837787529  0.76861211837690058  0.77356134973936441
  0.77843543682342886  0.78327420200759856  0.78817051552037942  0.79313421577289944
  0.79810044815099246  0.80300656481557764  0.80794169962704721  0.81294278326470559
  0.81790404569466135  0.82284719122423855  0.82782298213648053  0.83288648906028395
  0.83798665436834474  0.84310768037551265  0.84827109189293137  0.85345716368724123
  0.85858779842300970  0.86370098682317842  0.86881705800039377  0.87396738551912168
  0.87912499276854039  0.88426063749170392  0.88932856144176353  0.89436929659353970
  0.89946711898651188  0.90463826938690839  0.90985552700851602  0.91504900636269548
  0.92025451250637746  0.92547993768991754  0.93073395224629174  0.93593948517635617
  0.94115280433849968  0.94644993269551669  0.95182930676410693  0.95720574499532762
  0.96257380405773674  0.96791385037599731  0.97317095375346574  0.97849658835732678
  0.98385418477190834  0.98919003228351021  0.99456472730234569  1.00000000000000000
 -0.00254900505420532  0.01004135178468802  0.01973692654421009  0.02884821264923088
  0.03853676209459454  0.04831071543151848  0.05807843343232080  0.06758803600965350
  0.07735809982696336  0.08664154341697312  0.09689006779848422  0.10693354738317239
  0.11931672289665528  0.13167109089270979  0.14400548800284357  0.15506479155420649
  0.16614668626383491  0.17730803522719898  0.18892197415132722  0.20034894807116757
  0.21209524039739766  0.22435003032508183  0.23694568932776430  0.24976680026974524
  0.26244593302811847  0.27441562552556442  0.28581176418687937  0.29661786092933590
  0.30692062715251373  0.31686015484356783  0.32720600939578576  0.33749891584199293
  0.34680755166527721  0.35573539563437140  0.36487776521813065  0.37443285506827401
  0.38379604683730728  0.39317903931584541  0.40329038467890826  0.41362957770952752
  0.42313904634373350  0.43222166303920040  0.44189935564574556  0.45163858334675855
  0.46129956416756640  0.47106750639228517  0.48096621272828460  0.49263346988677625
  0.50480819153056122  0.51669334130755040  0.52811712991597182  0.53909798477860615
  0.55016966484691010  0.56180830919280622  0.57311486553760038  0.58403729044431685
  0.59444927168322748  0.60496160194422310  0.61589774669176833  0.62684659553278810
  0.63810904977939187  0.64994716150173859  0.66269598905510652  0.67524278697257500
  0.68728188619138819  0.69927523763478128  0.71101698524130785  0.72187142177495500
  0.73221046855613292  0.74266838948694736  0.75282688288456745  0.76213908278235654
  0.77121250060217494  0.78105672993877684  0.79132290917663617  0.80124961458852473
  0.81060312696438774  0.81972793457512583  0.82901372049950461  0.83830615523083041
  0.84774249721048578  0.85704817806209843  0.86574486798145855  0.87458277713557298
  0.88366020555994007  0.89333479861348053  0.90334622727145131  0.91362564135832169
  0.92439234732374320  0.93557868085995688  0.94669720955001579  0.95734704233050949
  0.96721901136644151  0.97745419857850691  0.98845208177411270  1.00000000000000000
 -0.00234347699789244  0.00907434069404523  0.01864479816197200  0.02929837269775666
  0.03972010400436232  0.05242528508142644  0.06499418027192327  0.07695203753169520
  0.08847591858959965  0.09964553651403946  0.11060764128938601  0.12102085500994694
  0.13105407652349951  0.14135073767159922  0.15249692139144061  0.16406778526157334
  0.17487450699729443  0.18496942802179087  0.19437903597575512  0.20399181191040824
  0.21403461697349721  0.22444876559114546  0.23522879318117332  0.24589785025892444
  0.25716573859325620  0.26880586127636874  0.28087421240602339  0.29227116491396032
  0.30284147491016011  0.31295968627188125  0.32326694130633882  0.33360035652554115
  0.34318022906110734  0.35206079882951413  0.36136739637951104  0.37122104820184654
  0.38141842401597315  0.39132335970018228  0.40153796337108499  0.41156575327339212
  0.42137728454183859  0.43085119996660370  0.44065773186364215  0.45116969214580843
  0.46221960473401447  0.47354026878579669  0.48512040225512998  0.49707049854387736
  0.50911587116148360  0.52034375212585138  0.53042701357369426  0.54001108725204805
  0.54955442085568074  0.55961310787937313  0.57014952135067132  0.58019027087127195
  0.58995923099647241  0.59992990077197994  0.61041306031683717  0.62160304083120343
  0.63183374549916704  0.64199754657205399  0.65197426215007681  0.66143939468301649
  0.67117787522921935  0.68119224474678064  0.69127646580711100  0.70151241401910858
  0.71170660471964486  0.72204333572395851  0.73224153436605388  0.74255701828223597
  0.75349820469596740  0.76522757041247336  0.77709554325856434  0.78910591495120286
  0.80076101820060164  0.81286999406250460  0.82440373220768148  0.83593394354142470
  0.84722370720332385  0.85898484640139838  0.87106055734855825  0.88302410889881466
  0.89464015519699225  0.90571531367790636  0.91595299823974707  0.92530995534573135
  0.93434562122284626  0.94343563890021442  0.95218811698661310  0.96133980885324621
  0.97059968877399394  0.98046263368976183  0.99038621736534171  1.00000000000000000
 -0.00289960211815667  0.00985940323755956  0.02104494303541479  0.03204869022134972
  0.04319768085099831  0.05420604147067287  0.06536397079965853  0.07639760629137293
  0.08796147487940556  0.09954138911016805  0.10950911992883350  0.11899352906719077
  0.12861561342038560  0.13837207100963458  0.14781302472310071  0.15676209490904222
  0.16583062236184731  0.17513229886257009  0.18427438485701464  0.19279741551767784
  0.20135197004211572  0.21036423046220715  0.22016640520549122  0.22989239346778820
  0.23995967903801491  0.25072922849295537  0.26197800302787766  0.27283418228671646
  0.28348081965646582  0.29468849446782153  0.30584239890848075  0.31710491107922312
  0.32815705765684289  0.33858240090248037  0.34971184432773050  0.36081164972618529
  0.37264866614039971  0.38381776454899585  0.39519319926268670  0.40630347095975516
  0.41695005254426964  0.42688075435913003  0.43687561665662544  0.44712956179983315
  0.45717679504224401  0.46727796128027499  0.47745129577270690  0.48760441435787022
  0.49762796631224526  0.50853386776269138  0.51954551420369899  0.53014436673438969
  0.54094238734620770  0.55224771747418033  0.56374957543017379  0.57447413027650995
  0.58470020726897698  0.59567540690350529  0.60608198468235708  0.61592941839999793
  0.62518700393100901  0.63471594409400878  0.64460908276595730  0.65377506652573236
  0.66264306395976036  0.67211041739646449  0.68210338673299686  0.69201456652197602
  0.70223153010618400  0.71352668962656773  0.72616787763649771  0.73914540572602916
  0.75216606253664486  0.76532864279004165  0.77801494328337095  0.78971190939887315
  0.80014746016678950  0.81020644866365410  0.82069491823540885  0.83144618648948332
  0.84156822405323317  0.85148990952030068  0.86208712652309405  0.87324221619460851
  0.88306854542405189  0.89268534054478110  0.90256705940236404  0.91254189015120601
  0.92372421737698396  0.93520833285590510  0.94817706214821162  0.95972427880913480
  0.96964731698037143  0.97928405432072396  0.98910128675318654  1.00000000000000000
 -0.00206890818111934  0.00838762791076704  0.01759890507271829  0.02725781435403112
  0.03750862373040457  0.04881161116859445  0.05948410186525763  0.07020970320134545
  0.08039197117927803  0.09192797473835010  0.10441604857669338  0.11750103946198555
  0.13000805058218251  0.14169982874398179  0.15314771013397965  0.16387067188555024
  0.17346824324951779  0.18266397830699865  0.19219368718305749  0.20206898517074548
  0.21164107590939873  0.22095168124602094  0.23092214779944928  0.24258206476093072
  0.25423033096536679  0.26550916625993282  0.27639419528710518  0.28697478418943406
  0.29763636747151501  0.30771269250435529  0.31796829797121617  0.32838118181401238
  0.33962775128366307  0.35119157977462157  0.36304036273597384  0.37458380168327549
  0.38513588419485567  0.39516805701522195  0.40568902134463425  0.41651318634426326
  0.42758622893728460  0.43896394130885674  0.45105124807274921  0.46232848820068945
  0.47212042683940320  0.48139135340760397  0.49071619792960580  0.50061581902204688
  0.51063264450085111  0.52033574763900325  0.53009564546395427  0.53999330307873949
  0.55036121482798717  0.56068598066093200  0.57153157306050362  0.58240853749217869
  0.59230971952586864  0.60220833289687792  0.61169224956140689  0.62065747072307675
  0.62910414306834717  0.63784381941259294  0.64734212138060365  0.65817407693785512
  0.66801706010746331  0.67819390848440697  0.68810694793271887  0.69919500907495769
  0.71047058160307219  0.72053190943157497  0.73102702438838052  0.74023440547327179
  0.74997134098821594  0.75915482966980974  0.76935621862215009  0.78057245516373619
  0.79228239365852104  0.80400158274480660  0.81535655149437392  0.82654449407496233
  0.83699573636590574  0.84712428393850681  0.85752105071280749  0.86843029754451495
  0.87946617645361114  0.89054074588321674  0.90127236944507461  0.91139454099978978
  0.92192235199908090  0.93210202842358847  0.94276799052357463  0.95340697085986847
  0.96521743293392082  0.97722308234602229  0.98873433640329655  1.00000000000000000
 -0.00220611670878151  0.00898952157203681  0.01818002116797229  0.02728182891084781
  0.03644063099578982  0.04593710386180816  0.05603209850855276  0.06698331913121761
  0.07843395765411937  0.08921472162484782  0.09922750496745457  0.10934851342316992
  0.11986447050659697  0.13060751411765378  0.14151721556432922  0.15260872915927709
  0.16401938882887993  0.17578889799488248  0.18755763173910020  0.19860852661246939
  0.20918933952642332  0.21919082649577581  0.22958839350175217  0.24028920417280436
  0.25067317211823897  0.26157069188074317  0.27325826346580623  0.28608458521957303
  0.29922367870696465  0.31200366113012323  0.32280400579960566  0.33298682541059926
  0.34295549323780022  0.35290873715854360  0.36260466871800712  0.37234511183814634
  0.38333009103903948  0.39420280677043751  0.40512575334941769  0.41564796753014721
  0.42682826380919431  0.43791056662544442  0.44772181519214199  0.45724591545285298
  0.46667634527095986  0.47631030102543670  0.48665551117235567  0.49761130700265538
  0.51078091544370718  0.52381082459679174  0.53473357353464035  0.54560928724389390
  0.55704466025481814  0.56781137877518795  0.57798179367362235  0.58803125658840427
  0.59852383156143252  0.60913534013728843  0.61982343400209006  0.63154075047731417
  0.64295391374876509  0.65461502549599682  0.66567458233150067  0.67614378909351947
  0.68627440936183504  0.69619140689677661  0.70585637154238612  0.71571758696248755
  0.72595351644062822  0.73833267336018493  0.75081349843399370  0.76308085806256509
  0.77493669134993637  0.78575177285283715  0.79521363247761334  0.80385391506202108
  0.81278643357316094  0.82165947845446641  0.83042994109316559  0.83966789415674514
  0.84942427743494231  0.85992959525563395  0.87058760405858671  0.88028430339974095
  0.88950732896085904  0.89825627955685339  0.90708622453041432  0.91627120105428761
  0.92654751147246672  0.93648313436473318  0.94694425013582084  0.95671165089425403
  0.96800913288389712  0.97949405121738498  0.98995936969527032  1.00000000000000000
   60.462460821176165       -1.0000000000000000     
 F F F F F F F F F F F F F F F F F F F F F F F F F F F F F F F F F F F F F F F F F F F F F F F F F F F F F F F F F F F F F F F F F F F F F F F F F F F F F F F F F F F F F F F F F F F F F F F F F F F F F F F F F F F F F F F F F F F F F F F F F F F F F F F F
  <DiscreteSampler_grid>
  grouped_processes
  1 # 1 for a reference and 2 for a running grid.
  10 # Attribute 'min_bin_probing_points' of the grid.
  1 # Attribute 'grid_mode' of the grid. 1=='default',2=='initialization'
  0.0000000000000000 # Attribute 'small_contrib_threshold' of the grid.
  0.5000000000000000 # Attribute 'damping_power' of the grid.
 # binID   n_entries weight   weight_sqr   abs_weight
    10   10   3.552994487801471E+013   4.200788660129804E+027   3.552994487801471E+013
  </DiscreteSampler_grid>
