 -0.00189971028360009  0.00761930548333860  0.01635641553205643  0.02591522490572892
  0.03595228722434140  0.04587480406849344  0.05868694303961394  0.07041843400419348
  0.08207365550227820  0.09257956831710128  0.10301664105894152  0.11330922726737422
  0.12375787733954415  0.13403827720865463  0.14404377214775713  0.15449264458704381
  0.16533988963030541  0.17606150855175864  0.18689857378746469  0.19777591265422043
  0.20890575238877512  0.21867123108964187  0.22947798069438444  0.23952470425678457
  0.24893689827922005  0.25808737347516875  0.26737063467980698  0.27752039034895604
  0.28818333547025476  0.29899342785932032  0.31008331893244551  0.32143357373602760
  0.33288484028473125  0.34325077984661895  0.35404745677691657  0.36429237937750542
  0.37511482748944841  0.38588679851559948  0.39705882157911321  0.40879364356171544
  0.42122982635866274  0.43324892965584105  0.44554763660191560  0.45692096117455655
  0.46792425421103118  0.47845032223281364  0.48864384541977562  0.49932487566814859
  0.50971551048306696  0.51964767450972782  0.52975881992068241  0.54008706422813946
  0.55034340951899463  0.56029150042843523  0.57043009219539587  0.58095216792906257
  0.59142458658246810  0.60185099180532287  0.61214337139989605  0.62241983229904352
  0.63306676260958972  0.64388254942974443  0.65365039358495824  0.66282748884176401
  0.67234152462859242  0.68282618188515831  0.69292194605482182  0.70186208133679984
  0.71101177352751810  0.72124898880118204  0.73257034669056154  0.74423998491099541
  0.75576359063705201  0.76763227000816781  0.77854589114296868  0.78902122946515385
  0.79909295325833329  0.80901435067432648  0.81957189472920811  0.83025358536472793
  0.84135643134791960  0.85251308587120112  0.86412144937468272  0.87554363474795827
  0.88661575772000589  0.89793221467349305  0.90982202413250435  0.92096874075420021
  0.93172724177117050  0.94216899448084324  0.95236224689376525  0.96200101510049341
  0.97075430129723728  0.97979521638886824  0.98956928723987425  1.00000000000000000
 -0.00033723789957988  0.00598912406079823  0.01247090301986873  0.01934426661713214
  0.02657814883648331  0.03396819713928027  0.04146746751453437  0.04949186298094803
  0.05823204552588909  0.06771012743403436  0.07749013870640478  0.08761128372071544
  0.09816281857033984  0.10971129376569093  0.12142383156329019  0.13286166495764101
  0.14454995355212757  0.15629993040375617  0.16762090269575045  0.17834196564771751
  0.18837792966287895  0.19871790763665786  0.20892205744887890  0.21952612602689475
  0.23019582317158782  0.24124652045583342  0.25180208260396042  0.26218264078777370
  0.27225708222247413  0.28304614155827984  0.29379749124461235  0.30463102351471477
  0.31513654404570368  0.32586060931706712  0.33721370963790098  0.34870267288490031
  0.35976150498284931  0.37016145380094151  0.38070763243579492  0.39149258024551536
  0.40210869032018054  0.41228275142104787  0.42350557796710825  0.43534064585265020
  0.44632233242741431  0.45683390320731809  0.46757458962253540  0.47882373962551877
  0.48998173757016783  0.50042761939286318  0.51025441121433979  0.52022582231797465
  0.53063767481494661  0.54073601906365243  0.55047563512216979  0.56013940064801870
  0.57168174742236999  0.58364508174182039  0.59529374152771808  0.60601024072450671
  0.61574317245446453  0.62553250028847818  0.63556629411629695  0.64621317694441360
  0.65701932215084868  0.66733605300951881  0.67914984152145208  0.69053877663462915
  0.70117980470637742  0.71197466776074703  0.72277295430251143  0.73351531433376216
  0.74370733182829651  0.75384855770473536  0.76409753533867408  0.77494674927761831
  0.78541996390030167  0.79590966002473595  0.80607607797736136  0.81615304178400960
  0.82625273474836924  0.83719693580640708  0.84848997913953106  0.85915252677775722
  0.86938386895397046  0.87968401405652574  0.89060546079503999  0.90211794457098138
  0.91402809209085689  0.92550146965404412  0.93648695483480127  0.94770492400619610
  0.95966038682435018  0.97170794760412893  0.98501693055989903  1.00000000000000000
 -0.00827797559821716  0.01986815474296217  0.04397878865201683  0.06824768327217011
  0.09221361551339775  0.11559620610162107  0.13672952437711181  0.15639708586009529
  0.17676894679225658  0.19704597912341298  0.21696218809192414  0.23854290220463564
  0.26107076015510045  0.28343293740322761  0.30577646861356111  0.32808809633563452
  0.35025641700210519  0.37224875254777101  0.39434026623331164  0.41646533348786274
  0.43846066063115557  0.46038310432004181  0.48214135029105692  0.50370988696323504
  0.52512717234519357  0.54620970925232548  0.56719583137213980  0.59149844503019999
  0.61609066824668990  0.64197347051108777  0.66513469423626836  0.68292487573832950
  0.68809627788235750  0.69058052379022283  0.69236899909250915  0.69661706085707631
  0.70136198911390035  0.70612196322933474  0.71091588307905640  0.71567953390300376
  0.72048066121869658  0.72526844186159034  0.73003734346491078  0.73479058234786643
  0.73957101604385989  0.74436220266480624  0.74908086234947446  0.75384835621844803
  0.75868819856736514  0.76351524288815142  0.76835562515364164  0.77333998321120778
  0.77834106058211860  0.78326045727519666  0.78816354521986187  0.79309291202665588
  0.79795369376521530  0.80270096787149825  0.80751443285016167  0.81242200394494213
  0.81726784706350952  0.82215074878362826  0.82718511797289407  0.83228671020699685
  0.83739166500945172  0.84246001701980910  0.84750304468259630  0.85265408179824576
  0.85783071535706457  0.86299121458151362  0.86817602099499891  0.87333259822705367
  0.87847325461399595  0.88372942145455280  0.88900451146025394  0.89426282769979437
  0.89946288545633146  0.90464380393144450  0.90987121150877881  0.91511888258172047
  0.92035777505353034  0.92558393565324504  0.93083208193384537  0.93598629258903743
  0.94125485492057470  0.94656060011909715  0.95184656502853360  0.95706714192372366
  0.96233549202713509  0.96765962098296565  0.97306405368780569  0.97848336174866557
  0.98389841243137133  0.98928258360829202  0.99464959900807914  1.00000000000000000
 -0.00231757137770305  0.00781540523348086  0.01834851312848840  0.02970700222582662
  0.04306395820755313  0.05544635286353299  0.06712608596899090  0.07851755252906287
  0.08987559434339050  0.10127206582044791  0.11238941114381543  0.12326243586224178
  0.13395178336827593  0.14436612715842487  0.15459388556574599  0.16492867697348357
  0.17554034742069818  0.18620575802445333  0.19709138101987481  0.20807992659212654
  0.21999466598320441  0.23183867835518865  0.24315101957398000  0.25417077056739795
  0.26408719544510162  0.27388012747307822  0.28360285992885415  0.29340213223064593
  0.30399551511374107  0.31497690425718733  0.32697530925374724  0.33805089034789093
  0.34846306218116518  0.35933864115338876  0.37058614626490399  0.38131069274555363
  0.39179753941014789  0.40230488362471367  0.41220399153388948  0.42138827606379264
  0.43003150388953998  0.43892197118712456  0.44790400701924016  0.45743078033405882
  0.46779749016254613  0.47818066973002665  0.48786612859590900  0.49770174750281881
  0.50799392408817323  0.51786604792276270  0.52690311012958724  0.53566668740171375
  0.54475122147601529  0.55387757339007604  0.56277973419625960  0.57263268652162591
  0.58297633261688442  0.59400770892120081  0.60474364864284791  0.61640523176291195
  0.62840891571807334  0.64048619394246764  0.65169369061116333  0.66224307043211117
  0.67248763796444022  0.68290792799827704  0.69318332190270149  0.70372233773581483
  0.71515668396691989  0.72762726567346259  0.74047665387932116  0.75291374360517271
  0.76464579130179722  0.77558735414889213  0.78653686773324516  0.79794532738892487
  0.80920850270267775  0.81984099425222656  0.82960312351384580  0.83980241572026226
  0.84961128444410949  0.85931690060990285  0.86894207125164591  0.87842067055556150
  0.88772096415774682  0.89721626774118002  0.90740985051019785  0.91755746763377166
  0.92702239804292796  0.93634569934501788  0.94657737847328716  0.95722972527705874
  0.96762195266478646  0.97827581031698929  0.98924334880288223  1.00000000000000000
 -0.00186470108891575  0.00709614479440544  0.01635363810794611  0.02555741459207961
  0.03534286150901420  0.04627740932232035  0.05888114361631528  0.07018201256035374
  0.08159903200696331  0.09261504285811833  0.10295469625252154  0.11291273406431929
  0.12286772747628827  0.13361719892457027  0.14513045460738319  0.15684245559535392
  0.16804625610417284  0.17897076050087732  0.18946680766316479  0.19924645124344029
  0.20862983715026640  0.21768678034744987  0.22693358458378712  0.23682644615051107
  0.24726624154767354  0.25924382532332918  0.27102137459480530  0.28237847244158415
  0.29317864410774430  0.30410167348499167  0.31468422024986920  0.32490445454852884
  0.33464258864289276  0.34427034683319080  0.35437570738114893  0.36500035872296949
  0.37545872854360773  0.38565764687981635  0.39583013534286093  0.40688647571150283
  0.41724458997537378  0.42806536324576039  0.43925882638113944  0.45066057258371145
  0.46190299899933390  0.47202075218679246  0.48182901534142519  0.49149009821362782
  0.50111435414702632  0.51072254971240716  0.52041765484557834  0.53079402690871236
  0.54137289730750127  0.55127984617155967  0.56091742143699630  0.57069920390365880
  0.58072310842433372  0.59053800927007727  0.60000571587093265  0.60999910269888458
  0.62089754192016100  0.63181525537909178  0.64276938206440148  0.65289551233203347
  0.66262475764833384  0.67247930468204964  0.68215723267008632  0.69121557987201387
  0.69989563255325982  0.70881238082595766  0.71952134280500513  0.73026047434682595
  0.74044263049442993  0.75097712792757298  0.76126318029372275  0.77188659253338610
  0.78195420720461351  0.79229256089517397  0.80304162623622433  0.81470313031405606
  0.82697580902582246  0.83900499094634939  0.85056616536798690  0.86189628654887340
  0.87306054738665539  0.88466914111876616  0.89634380791514312  0.90808145146068475
  0.91971605367897391  0.93076244496769245  0.94200142746131965  0.95300420026107702
  0.96365800235435628  0.97479248954564701  0.98631859113438858  1.00000000000000000
 -0.00235336496512750  0.01010159610144094  0.02012562503728701  0.03081868159788242
  0.04130161803634754  0.05205903187135162  0.06263876608757765  0.07240495021813495
  0.08216111751261092  0.09229491325327092  0.10276773205635241  0.11370725962908904
  0.12465356795839533  0.13573340468091305  0.14690452522304562  0.15733938832893998
  0.16812535267462639  0.17802471110306067  0.18740412456808428  0.19636135530243520
  0.20561691470931770  0.21524053183162761  0.22481354401613399  0.23418090712553874
  0.24326411689376637  0.25227710751201426  0.26181992039298135  0.27165444188052423
  0.28161434113219630  0.29148111633736884  0.30188565386635019  0.31279364364103845
  0.32389534165052863  0.33526092151849762  0.34702398530558159  0.35907136564140524
  0.37137098404189128  0.38391300860700139  0.39617981544892411  0.40775711275119070
  0.41901087916985175  0.43019912660890064  0.44127086440311525  0.45089637733819254
  0.46085427656484479  0.47060320805246775  0.48021494583534768  0.48954860512872622
  0.49891874396219910  0.50850312677457166  0.51803074532925231  0.52749449064088105
  0.53687115854235845  0.54628149625989675  0.55566153023476450  0.56548199464832094
  0.57630889720306100  0.58731374706114137  0.59814755183474755  0.60928891395085605
  0.62064408233683555  0.63204727856716192  0.64387016022774390  0.65568176319216487
  0.66711541508742378  0.67750338501027685  0.68769526728951369  0.69788002525704240
  0.70826851485074782  0.71848398402464186  0.72832707513642803  0.73891410293697979
  0.74986798285325851  0.76127218097656901  0.77252704524192128  0.78292276951556938
  0.79361245384289369  0.80426314743417437  0.81490661126851704  0.82487384611428582
  0.83486169849746505  0.84591463228939812  0.85736681244772206  0.86852549904066001
  0.88020809027442370  0.89214451130569650  0.90324214982860107  0.91339735807289935
  0.92345369451961035  0.93386043213122516  0.94391731021638059  0.95388719709009306
  0.96458292906332621  0.97620346082097587  0.98822536141754413  1.00000000000000000
 -0.00205165448100183  0.00896413367592340  0.01821764792566781  0.02843258047080712
  0.03810484301375786  0.04788035450971848  0.05783142905701329  0.06804872662037982
  0.07767608508775285  0.08727778033416876  0.09712568891188209  0.10714236891301268
  0.11657667642585363  0.12574545357737424  0.13530593008094549  0.14518566433099911
  0.15515046944368835  0.16512613310694702  0.17614138656368034  0.18723627119281724
  0.19729730702155995  0.20717664714765829  0.21794610802834125  0.22884530794394861
  0.23942509372525941  0.24981889644659072  0.26058714921696102  0.27164610248402377
  0.28194529422141545  0.29273274844896563  0.30361360442016327  0.31477187364132286
  0.32470913334782070  0.33481799026930176  0.34426949575039856  0.35417981871357818
  0.36367186855228950  0.37304174892422670  0.38316622628983305  0.39436189424567641
  0.40605363942403150  0.41772271564745500  0.42817910682474192  0.43853590479540633
  0.44900030117847245  0.45963524083979940  0.47034099445661987  0.48199192494786741
  0.49435929962413439  0.50489133443735346  0.51433527175391880  0.52411336627511573
  0.53415869225859269  0.54457233147398676  0.55399468377780103  0.56391882309570485
  0.57396765315040110  0.58374876786008101  0.59392942578589014  0.60382273862881586
  0.61390730055796239  0.62454572270430120  0.63537028189656453  0.64580227023496795
  0.65582968286546706  0.66585785575592082  0.67642030598852820  0.68759051996797216
  0.69939323029131639  0.71113964017473508  0.72315090825154560  0.73390409507261689
  0.74405271815051877  0.75474629614541600  0.76534386040054836  0.77603748038077491
  0.78658665134720385  0.79725808613429716  0.80841031502012262  0.81940523608478211
  0.83028028137558996  0.84096097196041020  0.85139223639487893  0.86203377605040166
  0.87317478557261519  0.88450497385381766  0.89580624303556089  0.90713093883095974
  0.91883113975158048  0.93094584942119540  0.94252720741531149  0.95325211926977083
  0.96462500605002000  0.97650022991624708  0.98843468272422474  1.00000000000000000
 -0.00243607522589784  0.00872321556905134  0.01908924556531854  0.03014776187775714
  0.04190925300117677  0.05248320357463126  0.06262281077899451  0.07208047975090075
  0.08121692851173715  0.09029360260786921  0.09909977156753173  0.10867932085996657
  0.11943187878893079  0.13019457898655276  0.14105897844817911  0.15276601845233873
  0.16490561889026245  0.17596735662802143  0.18588897556469872  0.19542276162373914
  0.20479193774499768  0.21397271790004618  0.22312839052079619  0.23353012027560238
  0.24523972307300151  0.25660839449498479  0.26691177595419974  0.27702894991639054
  0.28748377001793535  0.29828176303405657  0.30884848183905061  0.31996997083749368
  0.33151288059969108  0.34226198982151806  0.35240407955171277  0.36273084900464625
  0.37271309140644537  0.38219197880007821  0.39170333739211666  0.40178293311525221
  0.41208706038366927  0.42197455296234970  0.43127676437101431  0.43999405862640745
  0.44835388613797056  0.45726590916432563  0.46728427452927357  0.47684250203761969
  0.48713246306768565  0.49748708307567152  0.50844715667533358  0.51968784149705360
  0.53049875030277305  0.54160831135758525  0.55305169788933184  0.56467644634388736
  0.57601868972089409  0.58625449140622066  0.59577740252504707  0.60546670283280146
  0.61534491847370454  0.62539862832107784  0.63589619204240255  0.64652697622142841
  0.65660622918810441  0.66658538951298352  0.67668942762748996  0.68734247596862252
  0.69765786761060733  0.70752434815083420  0.71705302519786651  0.72657770676145950
  0.73634609578669452  0.74679081116480195  0.75796520842783188  0.76901017931013593
  0.77936961985565067  0.78947380786586108  0.79994158124678272  0.81069317314733014
  0.82132524095884696  0.83114847620167287  0.84180614023034428  0.85280566355245779
  0.86476031704961775  0.87715896984847452  0.88991581227723493  0.90293341102322000
  0.91569506885714602  0.92816952336409231  0.94093700199056018  0.95369414640193562
  0.96583224058955142  0.97727138616801645  0.98875854379558248  1.00000000000000000
   61.790799066555763       -1.0000000000000000     
 F F F F F F F F F F F F F F F F F F F F F F F F F F F F F F F F F F F F F F F F F F F F F F F F F F F F F F F F F F F F F F F F F F F F F F F F F F F F F F F F F F F F F F F F F F F F F F F F F F F F F F F F F F F F F F F F F F F F F F F F F F F F F F F F
  <DiscreteSampler_grid>
  grouped_processes
  1 # 1 for a reference and 2 for a running grid.
  10 # Attribute 'min_bin_probing_points' of the grid.
  1 # Attribute 'grid_mode' of the grid. 1=='default',2=='initialization'
  0.0000000000000000 # Attribute 'small_contrib_threshold' of the grid.
  0.5000000000000000 # Attribute 'damping_power' of the grid.
 # binID   n_entries weight   weight_sqr   abs_weight
    10   10   3.495371462434082E+013   3.484774556562434E+027   3.495371462434082E+013
  </DiscreteSampler_grid>
