 -0.00250945561218685  0.00999728522570418  0.02063845438179696  0.03204471833081259
  0.04288106604523918  0.05266998571493168  0.06218760634237361  0.07212993024150280
  0.08263590372001571  0.09247074161948189  0.10199041854989940  0.11178716799391716
  0.12217399428095037  0.13205439156644780  0.14196905922009173  0.15225057702558528
  0.16370312364742112  0.17602914276058326  0.18911504320316153  0.20128988990899305
  0.21340152197849707  0.22525999300025601  0.23780397911125661  0.24997488072021035
  0.26076536671425371  0.27067336763776467  0.28056831166396518  0.29069746805328778
  0.30128965112833167  0.31149549692493067  0.32111494887794639  0.33066328969522862
  0.34035133845805982  0.35029633170549340  0.35986064296839493  0.36937297053927609
  0.37908547871518666  0.38971806035381629  0.40012301286536384  0.41053475104939063
  0.42054461599594994  0.43052655240322651  0.44045691770195805  0.45026384520422202
  0.46108551957464677  0.47079408047956223  0.47959750590246225  0.48862146066336226
  0.49828434301000213  0.50936293405871313  0.52049316100712328  0.53161051455448816
  0.54267859099960802  0.55355027136972490  0.56473302137890680  0.57607051312585111
  0.58771795497438517  0.59927102060748894  0.61186029428305067  0.62475761245416062
  0.63792150664521574  0.64989804576977805  0.66035183987390456  0.67023051006256806
  0.67954588891758561  0.68905163809724879  0.69848056969691230  0.70805298286199436
  0.71781903336358643  0.72833393543566904  0.73940964236433970  0.74993343336716900
  0.75963803490295345  0.76901404308728638  0.77946172488287047  0.78918047331191654
  0.80010825997992052  0.81082981860368009  0.82159579608229971  0.83279126400004466
  0.84386933357629246  0.85461760608365334  0.86475553174654074  0.87533582407698007
  0.88681899680460818  0.89800708743013036  0.90837623905020237  0.91875291804913006
  0.92881858197916367  0.93828953865080522  0.94744833935417749  0.95696943442274573
  0.96738102749778443  0.97805525729437859  0.98887267308505589  1.00000000000000000
 -0.00017644199638911  0.00485780390064897  0.01086617074909446  0.01733240595511546
  0.02604281289559073  0.03484241811969787  0.04375304613358591  0.05246471229041498
  0.06188350071280529  0.07258879360431750  0.08343209094824243  0.09426869032913218
  0.10502146475226309  0.11581819155403461  0.12711647143398364  0.13847172742577213
  0.14892903442566358  0.15839524937898186  0.16755380931827857  0.17745130285361715
  0.18777100246299033  0.19798990672485214  0.20804638992111249  0.21775663684000215
  0.22767516003309443  0.23807427682498394  0.24847997395346763  0.25804139778988638
  0.26716312409975723  0.27674131734545671  0.28688192204373053  0.29683749725974684
  0.30667611946683082  0.31728155155418514  0.32862686207552638  0.33980005878944597
  0.34963003215223126  0.36010010890683930  0.37026445586382989  0.37997440754322132
  0.38907616122158278  0.39849090232727669  0.40898118216039014  0.41929175854340633
  0.43002819168917039  0.44110250822381192  0.45300463137986963  0.46494347794170199
  0.47707094885411061  0.48872767067163536  0.50027499637435424  0.51184093023313182
  0.52217015306094638  0.53232266553885932  0.54244163447478511  0.55303540976677779
  0.56364655582462420  0.57406196561629430  0.58448174809753939  0.59527616080965573
  0.60614575528887193  0.61693768161395068  0.62785457237320652  0.64039124416519988
  0.65247117766904472  0.66432208972387574  0.67513174233106998  0.68612221561610054
  0.69656473565287713  0.70693919040856279  0.71675233724049014  0.72636227238782536
  0.73641348900522585  0.74690073311275362  0.75773114398791563  0.76869045380752155
  0.78060431852506063  0.79343919386958117  0.80235469203436394  0.81230163017809032
  0.82189199059864659  0.83150020851281203  0.84099392142761020  0.85060562171266263
  0.86116013640094546  0.87208575737216987  0.88277881219386001  0.89374752568400784
  0.90625015184585400  0.91956088647446421  0.93224329567629738  0.94446809211872440
  0.95664751665218728  0.96906164277046436  0.98321893224442025  1.00000000000000000
 -0.00838031838785048  0.02240843498818295  0.04600413688013071  0.06957855086662815
  0.09281206514150513  0.11553939521120857  0.13586764378648961  0.15487504740587008
  0.17453608736882070  0.19416896760544322  0.21359273449588770  0.23438903078856513
  0.25612580166896864  0.27833528679873959  0.30059711124530730  0.32278351675228922
  0.34490319711349127  0.36691011462650969  0.38891369349343780  0.41091525123256822
  0.43295722431914391  0.45504188404243301  0.47734998403630846  0.49973770010962426
  0.52224458399404772  0.54456516978475711  0.56679217575424634  0.59148504245499012
  0.61657924611225756  0.64273330434990206  0.66681732393156745  0.68746441936728908
  0.68981051815568240  0.69100797986266460  0.69321077563170275  0.69803014989234236
  0.70273597375621033  0.70746954273428575  0.71218591152145205  0.71689066430352222
  0.72158379610194101  0.72622786511341508  0.73095528034819157  0.73577960955196742
  0.74060106827743299  0.74539630681227143  0.75023851318560064  0.75506344950291693
  0.75985856875147695  0.76466880714242269  0.76947568000838584  0.77427963573577674
  0.77907642128334420  0.78392134634548005  0.78876896426174281  0.79364086157292635
  0.79857786995506597  0.80351123182955064  0.80840714206197795  0.81329147483213604
  0.81822064884171197  0.82308737235958429  0.82798217927759132  0.83301094008764254
  0.83814311572666789  0.84322633924351209  0.84829633812615801  0.85333416405068496
  0.85839237489797160  0.86351738033074643  0.86871247914630179  0.87392405082305336
  0.87909033644128853  0.88424220554969668  0.88943523444458039  0.89464490761206572
  0.89977922050420311  0.90489157140400767  0.91003888697117952  0.91519516034053960
  0.92035814367087676  0.92558276410895168  0.93083140586794699  0.93614933348427787
  0.94145234518892140  0.94676172966289796  0.95211151674497496  0.95749952002373118
  0.96284891763647507  0.96813028734192430  0.97340425945511533  0.97869217374674755
  0.98401901122561741  0.98933895940922056  0.99465296760055277  1.00000000000000000
 -0.00255141024512490  0.00940897272606322  0.02016567406273695  0.03114711947303521
  0.04225267103384531  0.05231605032451465  0.06196423619001894  0.07132178602632976
  0.08095089058616770  0.09064097980906795  0.10108183251807740  0.11195802806405941
  0.12391954865435197  0.13615599161795544  0.14830142567670190  0.16044319555883585
  0.17161143636156886  0.18251367860099771  0.19207723323415229  0.20126387344517524
  0.21072894133072614  0.22106597657028504  0.23131695998658791  0.24041683880419887
  0.24940989589027956  0.25812467732453637  0.26707502000194988  0.27607462994426640
  0.28528443086782335  0.29518165667223806  0.30654996350410857  0.31763576708004920
  0.32792230391027982  0.33813139682968107  0.34880510217704913  0.35934697195499116
  0.36942914196879278  0.37961988967006122  0.39028820979578938  0.40079683048989889
  0.41087563540290645  0.42050907213880034  0.42983445705453754  0.43936420212828720
  0.44874670131221756  0.45834893072565980  0.46820229221884252  0.47797096210464307
  0.48816584688706849  0.49878087873111204  0.50990831703152217  0.52132998200548941
  0.53233298586248434  0.54315085208495673  0.55416983737240921  0.56513659617170231
  0.57603132897510378  0.58716128706183213  0.59889512304934234  0.61110655565195893
  0.62307650100120304  0.63416752217538586  0.64442287947704968  0.65503759210389290
  0.66610957956790018  0.67668733890174981  0.68765687167509881  0.69920392969713641
  0.71100321062723326  0.72268574843102329  0.73455381783548224  0.74750993138033939
  0.75876662971775433  0.76943961410470663  0.77968266691306665  0.78991443686145468
  0.80016661360497321  0.81033225261397701  0.82085511100760478  0.83144682990281338
  0.84326320006339983  0.85542642435537986  0.86626173774726811  0.87727185998300528
  0.88792412381407793  0.89786398265495271  0.90703960542665407  0.91626512204910926
  0.92679671388882434  0.93826632403850307  0.94871057536475512  0.95926121461180969
  0.96928951406058761  0.97954995126707134  0.98959289965426522  1.00000000000000000
 -0.00352383864968551  0.01119091109491712  0.02291851552944317  0.03382539281922423
  0.04379371695245807  0.05304427560977241  0.06232475794264999  0.07129391916828487
  0.07973192395334305  0.08876732302871311  0.09852805407964978  0.10965604864198045
  0.12122752470185086  0.13133684837874335  0.14146075149832871  0.15185455170166995
  0.16243050130895192  0.17340685421947602  0.18386988830280249  0.19320896609296187
  0.20276312503162924  0.21253291668542190  0.22268515143207732  0.23323078288896401
  0.24424927280857064  0.25558670562490238  0.26720161522549046  0.27806706384645175
  0.28849095942251241  0.29836411850813954  0.30773764567644579  0.31706353585779762
  0.32658003906359018  0.33624743495556747  0.34627552616867135  0.35639947842447045
  0.36728605022073424  0.37816797410062347  0.38884940565574760  0.39836367658349775
  0.40734241592606224  0.41696015017718369  0.42788209695550106  0.43811191387432463
  0.44713194732860012  0.45601419502678919  0.46618421321570658  0.47727385686472534
  0.48811323464961359  0.49883393120549135  0.51004135371154757  0.52162145134450710
  0.53317549148578436  0.54480948740095203  0.55635841107891248  0.56759622741302651
  0.57875731128893826  0.58997306175339126  0.60112423055256581  0.61174511888037830
  0.62128948408639695  0.63103265546362775  0.64038501109151991  0.65022297167220855
  0.66033119084355629  0.67129142623123306  0.68272133171066163  0.69407547334007735
  0.70599352867980270  0.71711735173480529  0.72883320952887953  0.74115330564303317
  0.75304134345293539  0.76437954570224620  0.77496811222876161  0.78562949049706143
  0.79639780962078510  0.80731034390423051  0.81858409821116207  0.82958273118354253
  0.83996955114095373  0.84977581666869240  0.85951917347740658  0.86921850096792941
  0.87957545520196012  0.89011529731148031  0.90072581572043908  0.91097211095728392
  0.92115129879705371  0.93179242046953092  0.94290775984268260  0.95495872247278979
  0.96652189174188841  0.97795971282003580  0.98897888298737868  1.00000000000000000
 -0.00286428399341326  0.00971993424089983  0.02047449282154736  0.03210853332653235
  0.04361285321428502  0.05428222234837596  0.06429875829631825  0.07414317016573742
  0.08420863847263764  0.09443553953475012  0.10454123372596699  0.11375570872526547
  0.12280111536096540  0.13282908594867249  0.14312079867387778  0.15298306028183145
  0.16229150284063024  0.17210021542396836  0.18287554206241266  0.19357627344046879
  0.20470784629362174  0.21618290339674587  0.22765457850722010  0.23863736636939173
  0.24920743770902892  0.25912752010574719  0.26923348033775840  0.27961374197225891
  0.29032837409330831  0.30122338126993331  0.31207829744771781  0.32206774755405121
  0.33172908664295903  0.34134203757238679  0.35107782889758077  0.36137806544076134
  0.37174112479546922  0.38206378187731271  0.39207668535138912  0.40252320391235713
  0.41391732505513612  0.42608705608179265  0.43853105823287142  0.45073159499369825
  0.46296191237170109  0.47470162693708307  0.48522296997721936  0.49499719866536762
  0.50488144499462995  0.51469458043436600  0.52391583547852405  0.53257175203053153
  0.54130105018758179  0.55002295787182398  0.55878267206327159  0.56776952746814713
  0.57715924992429812  0.58700620279040905  0.59640413074534815  0.60631295499688531
  0.61766376582349980  0.62975284450621360  0.64195685772276234  0.65422118785730188
  0.66652947684553854  0.67862735258306928  0.69061500043156243  0.70268908257118856
  0.71423125876742188  0.72518375972880411  0.73634523211398206  0.74812408404605890
  0.75948610701794783  0.77086141943452191  0.78200532486708640  0.79305243405788994
  0.80414061862601127  0.81452819962988721  0.82411192015537171  0.83403035815322146
  0.84433045350268587  0.85451333613046054  0.86496211136035883  0.87515028139496864
  0.88646548963447436  0.89725223962158285  0.90778126205817644  0.91833579899552198
  0.92919854951395087  0.93989083822178954  0.95037270040288346  0.96004639549476856
  0.97041892556873088  0.98031807479586741  0.99036146599947583  1.00000000000000000
 -0.00241099320920197  0.00919460261799698  0.01919384996006989  0.02849979722611141
  0.03753062576965813  0.04622637093006197  0.05518903527681056  0.06467535260501417
  0.07382584282676068  0.08316609318746856  0.09320773911472224  0.10360971224396277
  0.11409564518338566  0.12490527272211316  0.13690077886918978  0.14894514684567392
  0.16108212352581380  0.17232539889403733  0.18323682372992176  0.19428128853388291
  0.20540162403942416  0.21619873159456865  0.22653052344928490  0.23783710398571745
  0.24879175043881249  0.25922131761007466  0.26922213864407968  0.27958056941321885
  0.29012627288805243  0.30144479322670364  0.31239760552171658  0.32442893215417690
  0.33598541503680757  0.34756925890924134  0.35855150793969404  0.37004828722685967
  0.38146107070434088  0.39236319206777137  0.40315430102696770  0.41379734225611842
  0.42377201114373264  0.43435247036022240  0.44500231372649790  0.45636867112524676
  0.46643198059453617  0.47650116326046554  0.48631693541655419  0.49629642274408736
  0.50681261168133296  0.51708305968347645  0.52832868682836698  0.53984557588689319
  0.55125161972724501  0.56301667584936499  0.57511927651609962  0.58784369908020961
  0.59842895804867424  0.60871955446294224  0.61799070773394960  0.62781208627400908
  0.63797823126754405  0.64809076250280295  0.65735821455081156  0.66711058971472414
  0.67752747410603675  0.68830982967547960  0.69873828187433662  0.70735805999277701
  0.71803513846578892  0.72843384451321147  0.73922957194349148  0.75058795543221091
  0.76213030857797948  0.77314620165815140  0.78383891867057753  0.79431754754234596
  0.80531103362875578  0.81661078825880107  0.82806754357933621  0.83895947295097428
  0.84926188238977629  0.86011557952848938  0.87081662963334550  0.88021659513942796
  0.88909866189214115  0.89899327026741227  0.90974230682492963  0.92027146228658718
  0.93008202485347213  0.93941009700179323  0.94890057008702500  0.95846562957295256
  0.96863529176741126  0.97886008759283083  0.98962280531522195  1.00000000000000000
 -0.00252284890023285  0.00892985932326368  0.01926345156146588  0.02924908890477523
  0.03983042275996276  0.04943559539303966  0.05919012779505439  0.06913989865505871
  0.07949818745785509  0.08976606231992583  0.10056263634208396  0.11153965500528723
  0.12247583480446533  0.13274544746425745  0.14326697445106959  0.15331217480821324
  0.16327001120207768  0.17296559251664487  0.18241258893530646  0.19181462393552384
  0.20122189907282964  0.21153655661617887  0.22274884683943491  0.23406121032689059
  0.24477012220846045  0.25714477910307554  0.26930401056252556  0.28157232378906943
  0.29303310047599385  0.30404175334402983  0.31522473214248270  0.32685576273556305
  0.33855964972894237  0.35014157425075504  0.36173643308696185  0.37311032429490326
  0.38336331707537424  0.39277815844898878  0.40187232730988809  0.41107529601087855
  0.42079137811068407  0.43040544854451268  0.44043721821915477  0.45054811713301007
  0.46096713932059447  0.47204680116594439  0.48298605902218922  0.49362329067857236
  0.50406412076338403  0.51409309059399666  0.52389998207783051  0.53345372653683976
  0.54282678203033063  0.55315099927897871  0.56307587886865229  0.57241740739470170
  0.58211886566204629  0.59182469100031332  0.60199851439039553  0.61190098122156789
  0.62234903292697030  0.63293993731958620  0.64386343158189163  0.65444720649600130
  0.66511094170468077  0.67581590312091100  0.68630125248142071  0.69645961195969597
  0.70691519146177950  0.71782803339607826  0.72910851167804880  0.73987573450312660
  0.75107421095961235  0.76211197172942291  0.77300737990046264  0.78363810152597169
  0.79371429450118047  0.80357084968534787  0.81379486839847859  0.82474072086076755
  0.83570978140317009  0.84674003494565153  0.85781573477711426  0.86868194752593064
  0.87971231920848281  0.89080677967032895  0.90149038121366210  0.91132524436261519
  0.92091806862005610  0.93021225499163995  0.94100476041950598  0.95171655649662157
  0.96239912214444534  0.97394635117551098  0.98620698986808097  1.00000000000000000
   61.640555223079254       -1.0000000000000000     
 F F F F F F F F F F F F F F F F F F F F F F F F F F F F F F F F F F F F F F F F F F F F F F F F F F F F F F F F F F F F F F F F F F F F F F F F F F F F F F F F F F F F F F F F F F F F F F F F F F F F F F F F F F F F F F F F F F F F F F F F F F F F F F F F
  <DiscreteSampler_grid>
  grouped_processes
  1 # 1 for a reference and 2 for a running grid.
  10 # Attribute 'min_bin_probing_points' of the grid.
  1 # Attribute 'grid_mode' of the grid. 1=='default',2=='initialization'
  0.0000000000000000 # Attribute 'small_contrib_threshold' of the grid.
  0.5000000000000000 # Attribute 'damping_power' of the grid.
 # binID   n_entries weight   weight_sqr   abs_weight
    10   10   6.876436697033973E+013   8.688665896028444E+027   6.876436697033973E+013
  </DiscreteSampler_grid>
