 -0.00226580263864946  0.00938388829385785  0.01902984034288386  0.02920714901504744
  0.03819392217587099  0.04734326307205394  0.05701300002442142  0.06650012120927627
  0.07577362187552573  0.08538761897617987  0.09584144462927735  0.10647768697622553
  0.11660017940518827  0.12684338664238248  0.13802307107127093  0.14984833306009379
  0.16318982108131630  0.17621535491712007  0.18892384426028414  0.20007257304402806
  0.21146267113118861  0.22265025581685260  0.23390065669878887  0.24353738603190239
  0.25469083475245657  0.26659452224189145  0.27899667492794761  0.29086233473122491
  0.30180391811654378  0.31224240724334335  0.32202596235804426  0.33184737496981259
  0.34154431801765472  0.35132333883582623  0.36144077704801525  0.37137762374301975
  0.38151351563823782  0.39137790860266025  0.40178106207817837  0.41199998553415357
  0.42208604857733861  0.43222837334268294  0.44415021384667397  0.45732897649507170
  0.47009114632539556  0.48240606759747257  0.49445451136252178  0.50547526378353691
  0.51561995458164112  0.52507479831571369  0.53394696508395567  0.54260486269937924
  0.55117613684705802  0.55994347285883761  0.56849536946935841  0.57691366278508127
  0.58540166915398739  0.59427422131369034  0.60342896332317009  0.61300596881480129
  0.62281455394543772  0.63319544090551683  0.64389424271376539  0.65435269818730379
  0.66479747940338862  0.67522885815273526  0.68541976367279700  0.69601682498857964
  0.70637975855945012  0.71742401496420161  0.72835385883630011  0.73906673243710408
  0.74967024896829548  0.76029485491063797  0.77106982736896812  0.78188285234950095
  0.79286898368986503  0.80350002723173797  0.81381395966580294  0.82410351108122915
  0.83444653793227253  0.84495247987475397  0.85567313845306892  0.86646010734619383
  0.87726004291901016  0.88819146642702795  0.89949834681057350  0.91113871405201408
  0.92237901743648354  0.93312561654448944  0.94382022158119905  0.95466417165208306
  0.96560817707654156  0.97653879174303149  0.98795737510277870  1.00000000000000000
 -0.00072844839100362  0.00631546061716330  0.01350349194481337  0.02124158280796037
  0.02980009646934604  0.03880153369906100  0.04757808427480210  0.05615777604644143
  0.06516161325133359  0.07540715495970254  0.08624584910048207  0.09753872721556504
  0.10877287670184144  0.11875188442012123  0.12878827617499120  0.13861652894061197
  0.14843854545175544  0.15814464632312084  0.16774214212011074  0.17760549492059519
  0.18740943140704502  0.19694779565302048  0.20658449562175346  0.21621782158519470
  0.22570576611034543  0.23534185750898098  0.24568747766443913  0.25598720916776907
  0.26581609516188104  0.27556046622548525  0.28530734088407683  0.29523270595748591
  0.30527839168078963  0.31637429792547550  0.32855487554783552  0.34047477638644397
  0.35147533975539702  0.36208074596218026  0.37290824755428342  0.38416158093296582
  0.39571312776825962  0.40711044369872734  0.41799505375127882  0.42808844510571664
  0.43777274866406241  0.44731186748172819  0.45677731336381305  0.46649455830727093
  0.47651110220778309  0.48694285330424047  0.49741568225200550  0.50826270703450305
  0.51957760044823742  0.53017529606428349  0.54013432961367458  0.54993490449959426
  0.56014102275251754  0.57078398329212388  0.58153326622024126  0.59249974594684385
  0.60366253181570328  0.61517604935676451  0.62657148226164205  0.63723739183432515
  0.64791404298284683  0.65790321939344942  0.66759640408687038  0.67752955938978021
  0.68817474293568104  0.69966546168049493  0.71027575012770672  0.72029541639378991
  0.73032577895532780  0.74098950520086548  0.75184500337261417  0.76224744626768504
  0.77290610606978383  0.78394168143427234  0.79476807845796038  0.80552126177329042
  0.81721366822461972  0.82985777844698605  0.84159019906506094  0.85261972976356903
  0.86370796348443624  0.87519909579875865  0.88728990101840954  0.89973486908272549
  0.91228387409241418  0.92392774551955492  0.93454862687321061  0.94505457084515010
  0.95636897368027629  0.96870335328788137  0.98299351325425122  1.00000000000000000
 -0.00816691371708226  0.01888669045636184  0.04218074500967729  0.06570228507274627
  0.08879856479845617  0.11119721855967847  0.13153074479905003  0.15064230394568956
  0.17028916580245154  0.18985650810646312  0.20921410260792569  0.23069911566234447
  0.25318171058896616  0.27572459199661531  0.29823280685792242  0.32064521548399405
  0.34297588545561519  0.36523505907039328  0.38751256354378633  0.40980864112762433
  0.43226505595992226  0.45472589464771218  0.47719447282142130  0.49950082749609320
  0.52170812851888726  0.54436923050926700  0.56717475527690286  0.59163311461569668
  0.61648440983136399  0.64289499632547753  0.66210694021581817  0.67407324481133413
  0.68787336134118204  0.69030813719749917  0.69186744965689839  0.69566793092137813
  0.70047035667548996  0.70516582895483282  0.70985604545486547  0.71458797267023966
  0.71937665633595227  0.72425441111137157  0.72908105672930612  0.73382683590085862
  0.73862094971574488  0.74346145294732024  0.74842945486652335  0.75345712439982482
  0.75838602060449467  0.76326248396766661  0.76820447673637682  0.77309626450505242
  0.77795126387524516  0.78279182813545112  0.78766063983768131  0.79251514154170366
  0.79744780521344327  0.80236987650256075  0.80730964953097772  0.81224624835513659
  0.81729927102818467  0.82240540039179155  0.82750983350348406  0.83262572614846775
  0.83768600559205530  0.84272134466141246  0.84782677167911558  0.85291609067900820
  0.85799967700435509  0.86310536951098504  0.86821950101720990  0.87333920474123639
  0.87850804774856850  0.88368839138173172  0.88886643818467859  0.89407634426203220
  0.89935536173937436  0.90465862338366465  0.90996890865056068  0.91526766049167008
  0.92052243649185506  0.92573173793619712  0.93086216118077292  0.93598971929632868
  0.94120907312208313  0.94652313888930151  0.95180643270208698  0.95708422373966884
  0.96234572965966414  0.96766728213516362  0.97298058349441918  0.97829941987747948
  0.98364084309136246  0.98908277547988788  0.99455221447897302  1.00000000000000000
 -0.00312593445782674  0.01116212413058903  0.02306483193833361  0.03427583833128894
  0.04461678099501756  0.05406352451642741  0.06347950749953757  0.07293615395036530
  0.08256803019905920  0.09191123903504038  0.10094707132593331  0.11001894914702058
  0.11952560892289543  0.12924786094383306  0.13900832756714251  0.14908191059945083
  0.15886906583823615  0.16862894652067303  0.17927896365060036  0.19128156097120760
  0.20506807649190523  0.21896288649934784  0.23172610962026940  0.24349392653082838
  0.25505309357472561  0.26736299356633908  0.27863113491163360  0.28904032141523833
  0.29975460908908891  0.31077610261332439  0.32159524540025747  0.33207099165660764
  0.34249066009514961  0.35272941066161845  0.36234480803600388  0.37193836233657840
  0.38226869691731402  0.39309042154031620  0.40350527085630955  0.41345669426380155
  0.42347545278587956  0.43388829328220918  0.44432071146513064  0.45497429811286810
  0.46571754207765836  0.47602915398153767  0.48619156778649963  0.49620587623476792
  0.50738837403649617  0.51918806016707697  0.53176651122560137  0.54415698250706612
  0.55563208978500844  0.56617697209344919  0.57631709560991973  0.58610411422305631
  0.59550127347499493  0.60448098311555565  0.61351182663277248  0.62286668638654796
  0.63277518631722429  0.64290287970031934  0.65313462863597205  0.66327099775694420
  0.67315142490309965  0.68331382539990593  0.69384991053577372  0.70537484904179049
  0.71743330449439036  0.72949985020912234  0.74100747932643207  0.75176412433762363
  0.76215528062983473  0.77222579398171121  0.78271278107246600  0.79403186913296975
  0.80556946481752179  0.81650617862952601  0.82698068617554554  0.83785923941324625
  0.84881798282691656  0.85929637171645257  0.86918103465493057  0.87918522304356705
  0.88976527694530805  0.90028648914739873  0.91093110603428051  0.92080985852427188
  0.93054008263721277  0.94073909896780583  0.95073084546874098  0.96070844915332321
  0.97031718955265556  0.97972303122656590  0.98980293809790620  1.00000000000000000
 -0.00375246391175729  0.01199429918043251  0.02531184994382253  0.03772811730619794
  0.04933780708380920  0.06025679083163785  0.07063518113090550  0.08055080223934444
  0.09013494856416950  0.09958035420319609  0.10926366990751603  0.11912509283061085
  0.12938387582194055  0.13982794698037365  0.15013544575094753  0.16059947263837057
  0.17145204562666116  0.18264718742690583  0.19325288422683165  0.20369827738637589
  0.21421022605480056  0.22447439076804937  0.23449114361940454  0.24452621268184546
  0.25542974393288786  0.26681221653687937  0.27748419007100189  0.28782836036475573
  0.29861407998649042  0.30972314368284110  0.32045503985472118  0.33108347344470118
  0.34181735847620615  0.35288263760895922  0.36369321242773800  0.37370224258790236
  0.38317641545078979  0.39243293992219391  0.40208425828535727  0.41214255236161129
  0.42213754632439277  0.43152303870054687  0.44118349457005851  0.45092902048080286
  0.46052448215016351  0.46995920826359316  0.47962238351877168  0.48988111549927621
  0.50045249294499594  0.51082608992316358  0.52147071128046185  0.53305972299214588
  0.54415001632423876  0.55481876427585819  0.56497207552380024  0.57540469463623023
  0.58556200257059132  0.59469811031315123  0.60406432102187113  0.61343479237664267
  0.62297931052441491  0.63204426358440124  0.64103896840742491  0.65011615397808287
  0.65949198006577348  0.66908242307627386  0.67893765801951644  0.68892594377573924
  0.69954251502526910  0.71095915781295582  0.72295259015940916  0.73506921411708559
  0.74706364894060229  0.75901713100172308  0.77093947099855376  0.78350343868203032
  0.79572947802412242  0.80803510447266624  0.82056750055167560  0.83339877716457889
  0.84595772175553396  0.85754893759501671  0.86810317860384911  0.87835133139182442
  0.88848091799480788  0.89875401225849694  0.90909800518096695  0.91917343042264488
  0.92886275039903243  0.93794242348392420  0.94701035988280569  0.95683066173754594
  0.96674112096275000  0.97661852320600295  0.98767858526158603  1.00000000000000000
 -0.00234575255071611  0.00948374464324060  0.02034684162646523  0.03092888784399653
  0.04203484338998879  0.05284485471307787  0.06279681254050361  0.07236418424340593
  0.08193989707544343  0.09174818977069620  0.10164523930631766  0.11173118318273065
  0.12254742211635883  0.13345912322137002  0.14405366129104558  0.15401137895875794
  0.16371755215956860  0.17358396607829554  0.18314213327852841  0.19284817265429521
  0.20266501272402407  0.21314383144505161  0.22423821637414618  0.23595749403445238
  0.24787484127337692  0.25913806536693546  0.27013141147062292  0.28161506073281722
  0.29349802120739477  0.30554156399391930  0.31704907482145545  0.32856675482277981
  0.33962045525961043  0.35045366030958380  0.36086132415102706  0.37120416719986188
  0.38265204230538091  0.39433192278663104  0.40460696350560676  0.41443476450909156
  0.42449408379643894  0.43469049071751847  0.44472694734359669  0.45464481063394957
  0.46457160332307268  0.47452738950256179  0.48461648086642484  0.49480352242863102
  0.50548182404328013  0.51622886859139228  0.52781587549042464  0.53913316756714924
  0.54964125846095924  0.56005469287934795  0.57175615316505179  0.58288277561029012
  0.59300531438240023  0.60295646524551882  0.61328289763961130  0.62296847913454867
  0.63203149118553681  0.64107864655608282  0.65149451974049588  0.66244676182067219
  0.67314328484715591  0.68362803144216477  0.69506223419597413  0.70624346746714595
  0.71686798941583474  0.72733504477141853  0.73832697446478268  0.74984179030341502
  0.76088560872826427  0.77130791916583441  0.78147184022864713  0.79161553382652028
  0.80132963822751324  0.81056853133508799  0.81978583825943074  0.82839276161612141
  0.83698054340434225  0.84559626866449811  0.85471018600245241  0.86458943996805659
  0.87479621737945645  0.88540085895660370  0.89632910903844443  0.90824759144073375
  0.92093182671565066  0.93366282729703065  0.94566590586698795  0.95693743224960293
  0.96734607507367976  0.97803684158149473  0.98835870140767135  1.00000000000000000
 -0.00202113919865076  0.00847458321924511  0.01768469066404281  0.02817600177679238
  0.03796356180487908  0.04715099515120487  0.05671366431634623  0.06677344398109746
  0.07676042338949320  0.08630558167800681  0.09618926542730147  0.10677392574250039
  0.11799202331560853  0.12970551229719499  0.14144205650961147  0.15306415050335159
  0.16446166603797022  0.17596803480639248  0.18726839190129244  0.19854938481729445
  0.20979360907533345  0.22084792508102882  0.23199348614538237  0.24177853087841783
  0.25198955705153836  0.26220311714725453  0.27243063570284271  0.28288806964288954
  0.29335729609322087  0.30453026191781435  0.31587258172966215  0.32704735388907558
  0.33818796378516419  0.34852915222806224  0.35860049075727141  0.36814895443299539
  0.37816542409054044  0.38877237738881504  0.39950490337602329  0.40988874259848945
  0.42032667972598381  0.43124229821546267  0.44189491828022015  0.45246154404131900
  0.46239702846867164  0.47245412534232800  0.48279678002318976  0.49351028340452407
  0.50393075449644997  0.51400895380749401  0.52396913567191450  0.53504255136098977
  0.54589860426719727  0.55669301747187061  0.56781005605038404  0.57877032512383086
  0.58917706483751786  0.59904957659684066  0.60867513388375838  0.61849096080006016
  0.62853892769547592  0.63877952022142515  0.64994001932485312  0.66117639143246487
  0.67161901464650109  0.68156539370184976  0.69177513348106412  0.70196377335722937
  0.71225161144401328  0.72215066354468482  0.73258151112345027  0.74385377377255579
  0.75563067280396945  0.76752853401603482  0.77883777725671133  0.78977647206366652
  0.80054307515317213  0.81126070862026911  0.82129652841375378  0.83120747421471941
  0.84111255117248263  0.85174347568643161  0.86178123977772025  0.87188439725927835
  0.88168691157673151  0.89209149144036970  0.90271125320910717  0.91242984521551174
  0.92196649718640256  0.93140457805724974  0.94117959680532925  0.95204062174319437
  0.96292458895469513  0.97598959078189584  0.98777695997209503  1.00000000000000000
 -0.00217222543338418  0.00957702447615232  0.01959053717255006  0.02996772061788450
  0.03941143696742777  0.04887728396442229  0.05896362739077542  0.06953416494268402
  0.08019810037166725  0.09068629623366194  0.10131647456443450  0.11223068133481008
  0.12360486662680888  0.13590490135095640  0.14797781268920945  0.15927588376524204
  0.17060984615076924  0.18115605969887963  0.19247178154552766  0.20416586246187654
  0.21568125698801258  0.22674910439772966  0.23719464835536996  0.24753968223776401
  0.25763846249411909  0.26771440701092869  0.27776093735323909  0.28814955393851044
  0.29929483568649978  0.31062433109116178  0.32123719627754843  0.33184659558291846
  0.34309407919558077  0.35437097791852012  0.36435263533482987  0.37441429319494707
  0.38537581780566987  0.39636650556906827  0.40574463570333696  0.41505875666437086
  0.42457620272543861  0.43430742429879765  0.44358850748462825  0.45244558673984359
  0.46175020651114951  0.47154207935072529  0.48148164635427781  0.49147562141994316
  0.50148009204106192  0.51181054486946431  0.52306935188680526  0.53535463281943552
  0.54734281811197272  0.55782087916698475  0.56853536078073952  0.57950321489640333
  0.59050770776992922  0.60105382108157879  0.61165118231913140  0.62235124932257690
  0.63314581005519965  0.64433292548426679  0.65511281366885832  0.66642455531408540
  0.67746121786462643  0.68837096613630511  0.69890338878593872  0.71005115299164911
  0.72117767811943445  0.73176839006660943  0.74235816129429621  0.75286051451784675
  0.76339900047409459  0.77323654579206669  0.78211118105135380  0.79139478667877816
  0.80074332661895631  0.80969291949982358  0.81881305053249098  0.82817444892852832
  0.83770999297525095  0.84796115306032604  0.85885120658654834  0.86990141626903716
  0.88155596883915688  0.89212518518695338  0.90274405526582624  0.91348128102608739
  0.92523422356767460  0.93621219066497341  0.94651147506735767  0.95673957168056356
  0.96752773205599640  0.97873616175130862  0.98933414924439922  1.00000000000000000
   62.316314245992636       -1.0000000000000000     
 F F F F F F F F F F F F F F F F F F F F F F F F F F F F F F F F F F F F F F F F F F F F F F F F F F F F F F F F F F F F F F F F F F F F F F F F F F F F F F F F F F F F F F F F F F F F F F F F F F F F F F F F F F F F F F F F F F F F F F F F F F F F F F F F
  <DiscreteSampler_grid>
  grouped_processes
  1 # 1 for a reference and 2 for a running grid.
  10 # Attribute 'min_bin_probing_points' of the grid.
  1 # Attribute 'grid_mode' of the grid. 1=='default',2=='initialization'
  0.0000000000000000 # Attribute 'small_contrib_threshold' of the grid.
  0.5000000000000000 # Attribute 'damping_power' of the grid.
 # binID   n_entries weight   weight_sqr   abs_weight
    10   10   6.146869035381704E+013   7.732652470211768E+027   6.146869035381704E+013
  </DiscreteSampler_grid>
