 -0.00261818137463398  0.00990849130139745  0.02068768435444116  0.03245865595180317
  0.04338339965225172  0.05379709451885402  0.06364157537233686  0.07373311625705858
  0.08330251460620347  0.09260618144677901  0.10190846804933816  0.11193956101368288
  0.12268855599784013  0.13392907575077687  0.14526386758510015  0.15712532730526935
  0.16885567983718139  0.18043221456664871  0.19206249661773106  0.20441587243264112
  0.21748920088624610  0.23077150955911568  0.24254695917845653  0.25346809989835645
  0.26336295222269357  0.27321917813821595  0.28258950597683441  0.29215249139219240
  0.30194737416324685  0.31209606687056429  0.32309271086460539  0.33395505179164725
  0.34427026932255106  0.35378876575698909  0.36335278753894107  0.37312444505441472
  0.38356820832235589  0.39380888983507817  0.40416043328950274  0.41453747656806866
  0.42537818328797278  0.43595714329247937  0.44665530814473137  0.45746499838455984
  0.46826569322903144  0.47921204227976660  0.49025719580078109  0.50060160194884229
  0.51003942081061004  0.51968262365270179  0.53076596028154599  0.54257406861919166
  0.55357545135473507  0.56449050595265993  0.57637209273613865  0.58875122888582698
  0.60176347286682463  0.61592512927973819  0.62916963037044871  0.64185144293289598
  0.65234789829682327  0.66257123848780253  0.67263453438862963  0.68291147293511367
  0.69313762342290430  0.70297731333582880  0.71278314489961891  0.72159315606628716
  0.73046919285699663  0.73919253587218614  0.74851046097254548  0.75791597017808843
  0.76733265990186028  0.77634267338711849  0.78511862652098041  0.79362648613997133
  0.80188417446036231  0.81022416143408793  0.81880051405372245  0.82769079901348053
  0.83700872810756277  0.84743886593127182  0.85718151947809318  0.86763904864676522
  0.87756272701475246  0.88855438853209734  0.89886299802378555  0.90991677941609483
  0.92116433932330455  0.93133772627226752  0.94138051709648118  0.95107107953658709
  0.96180072682182216  0.97313812283821788  0.98619276842449455  1.00000000000000000
 -0.00039658705124881  0.00580254945549873  0.01269126076836483  0.02016824687479525
  0.02912694770071470  0.03834102599826172  0.04774299432762329  0.05758665574089757
  0.06771396491649109  0.07809369487225766  0.08858458632269192  0.09937556111585361
  0.11119350152743725  0.12381077092027148  0.13477886686627275  0.14395355981954711
  0.15274358871551388  0.16140991212729475  0.17029322697642513  0.17973710582620106
  0.18960591356741191  0.20029189741860978  0.21083392391511505  0.22092009508564148
  0.23128760873012316  0.24157695939475218  0.25243832436047631  0.26398204951392323
  0.27521391715358751  0.28591348136143063  0.29656066413311460  0.30760647816397946
  0.31811574724930208  0.32805472086170623  0.33781143062811292  0.34799229660057263
  0.35766852319445080  0.36650714911188220  0.37529827718977021  0.38425093866944188
  0.39323171573387650  0.40230417281582304  0.41134861618873420  0.42089843512144920
  0.43088538665115778  0.44144295496175018  0.45220874907521291  0.46304200720508865
  0.47364053305278919  0.48446605917152269  0.49532780678296362  0.50549773998445913
  0.51494913920181540  0.52409304150667557  0.53325308906017443  0.54261934228724107
  0.55264100322789678  0.56349501436347593  0.57522861077216592  0.58702036774030231
  0.59858832476914492  0.61018144305476862  0.62182621656468795  0.63320827807910851
  0.64408339206416954  0.65510456528482586  0.66647000968096048  0.67787895668442844
  0.68893203164716110  0.70174287735477270  0.71327890475429312  0.72469713653349388
  0.73521365096371283  0.74540065709450354  0.75539983053660442  0.76491682150213380
  0.77456053514130430  0.78424323614579761  0.79421342999146716  0.80461210701081332
  0.81571212690442596  0.82740113429083317  0.83906544762583124  0.85094577725967435
  0.86371276923854745  0.87651197193182784  0.88788478505709179  0.89913300649833994
  0.91027089950270179  0.92122291565951020  0.93153495058150937  0.94208573263734352
  0.95391445729383895  0.96721988854428653  0.98283588526165488  1.00000000000000000
 -0.00821803609258318  0.01764447273475236  0.04150031775279027  0.06561649516340261
  0.08940468998812229  0.11266388597558666  0.13361813584442020  0.15328391095766636
  0.17333527824251288  0.19322633841037229  0.21280870995923862  0.23434141029035602
  0.25677331091859357  0.27968677423629440  0.30263813089232283  0.32566043575400760
  0.34847648081021959  0.37109142809738288  0.39355273917522082  0.41596889615554283
  0.43836507336636499  0.46064949833436380  0.48265335771312295  0.50453697371773620
  0.52631770816134316  0.54839220672677658  0.57055195494037969  0.59484689622767639
  0.61945602790619259  0.64565104419071218  0.66608619592754248  0.67936556020550221
  0.68709104389798159  0.69050342994695590  0.69201121435273116  0.69627755564530647
  0.70108664080331240  0.70582776899975341  0.71058746827884156  0.71531753305646606
  0.72003492893009280  0.72479245683361149  0.72963656867577242  0.73448550976615889
  0.73926823334142866  0.74401960995867733  0.74883720576235480  0.75376196729092526
  0.75870514413830237  0.76354930619736183  0.76837965086692506  0.77326957787677530
  0.77817594501764975  0.78311525200235377  0.78809922333137694  0.79301720287732169
  0.79797073741220526  0.80297013047595123  0.80801107562099250  0.81309525582565867
  0.81820821350714112  0.82323160716937649  0.82819682054341670  0.83316582563905872
  0.83817985236977655  0.84327246725413030  0.84831365981484530  0.85340922180758472
  0.85852682556095572  0.86360619617172607  0.86863829302427309  0.87369797846044661
  0.87882148998105813  0.88394302079262443  0.88905149472774803  0.89415629689359544
  0.89930291382150240  0.90457393669545405  0.90984088369050187  0.91505324772642749
  0.92023327570616775  0.92545306260394178  0.93073227644164680  0.93601859690508626
  0.94131060828374868  0.94660571479678368  0.95187712058746254  0.95713193708294386
  0.96239603859571166  0.96769387787410188  0.97297382728376547  0.97834914752977831
  0.98376003226938247  0.98918183461934672  0.99463079776221841  1.00000000000000000
 -0.00300719807619254  0.00971372651409707  0.02205053011736009  0.03457783622117389
  0.04722958930143092  0.05952579222707023  0.07175855617684866  0.08375093867766377
  0.09481182624624082  0.10571803591367333  0.11682082807040942  0.12791114605584389
  0.13903740724872829  0.15028920769802462  0.16112555522524702  0.17161936528075825
  0.18195463744505508  0.19257032679144379  0.20320815231676112  0.21322305071418884
  0.22286272776513480  0.23217152475154124  0.24085489350384792  0.25008741184371563
  0.25976444377176938  0.26957775869259404  0.27937058914759283  0.28920922873407551
  0.29962917382748855  0.31076844241955004  0.32271514944893154  0.33440858416414121
  0.34522990083147670  0.35578219842591219  0.36630819691381439  0.37625594212819025
  0.38572991183093691  0.39531043209371242  0.40529897960128813  0.41537497615938412
  0.42550480064325735  0.43583391251777254  0.44635494326572761  0.45668087161183496
  0.46713902587426348  0.47783501684627977  0.48873624517123015  0.49959903975270414
  0.51039141981875102  0.52077570377627813  0.53072339471641483  0.54062093960706292
  0.55030255868175282  0.56025615141424889  0.56989683708764372  0.57889458647601788
  0.58853772186290743  0.59815643043530731  0.60778440942552103  0.61711490368025734
  0.62676651971479014  0.63705030179153044  0.64755063518212808  0.65878968276027394
  0.66921866946248298  0.67955858081993159  0.68969815197110840  0.70024818809887568
  0.71104629272631614  0.72166279692040536  0.73307457537378751  0.74551130373414631
  0.75803772908134615  0.76987838867481373  0.78086640145103570  0.79175669626856904
  0.80217908209923938  0.81279305366914656  0.82360105283147989  0.83402426584276979
  0.84399701174158226  0.85367124112544301  0.86320751164652787  0.87309891682773288
  0.88335754730395721  0.89358924544648066  0.90375695457620597  0.91406340561541599
  0.92592967064765741  0.93800285257758687  0.94845710204849643  0.95866996460559273
  0.96911319210844971  0.98012698837643109  0.99013457138321170  1.00000000000000000
 -0.00312976579698991  0.01112398145099167  0.02358542860262771  0.03602396649049253
  0.04684678670315083  0.05679722958513914  0.06657195747660465  0.07645058066368854
  0.08631197137738644  0.09623596666860532  0.10636882335521744  0.11694233314838441
  0.12760183682370266  0.13855065377726852  0.14882488979894756  0.15876395628214079
  0.16862335686558819  0.17850880146028528  0.18856848292328152  0.19901590200468566
  0.21044494581114842  0.22267929581627036  0.23423528062674054  0.24568796598077008
  0.25717215494789814  0.26848738330408628  0.27970526009852531  0.29111280371404563
  0.30281668232736136  0.31422994992632486  0.32535478081151920  0.33615041642898036
  0.34678048378502296  0.35724116287508512  0.36755490512247424  0.37775723748552842
  0.38757767292493139  0.39749087854038900  0.40758609855334310  0.41782534417817369
  0.42833730662707142  0.43879531161662705  0.44874698425323867  0.45891663278086448
  0.46985111453092498  0.48135552558628947  0.49249209195180516  0.50314090742477080
  0.51383719972920749  0.52486173766721100  0.53699518134628910  0.54817333001197621
  0.55944273315067505  0.56890028236932155  0.57843676433051872  0.58833609118221175
  0.59835826274162074  0.60729030924768934  0.61563226057568032  0.62462254911380211
  0.63461138066345890  0.64461354834237050  0.65419076565570000  0.66359913922013747
  0.67318551026336793  0.68278654068530631  0.69215246656899121  0.70164278962244997
  0.71128536763958861  0.72114938387128802  0.73082194024291269  0.74075096218764092
  0.75078042067277451  0.76078830702016909  0.77069302533306561  0.78055491623714957
  0.78977727534648567  0.79929169278169421  0.80923437305308688  0.82030075296966443
  0.83158658240718575  0.84269591452816117  0.85365036137609074  0.86461670178873617
  0.87603603407580444  0.88775356361059521  0.89970076958292100  0.91095626830246168
  0.92220515768699485  0.93268208417713216  0.94311248041165829  0.95359153267219421
  0.96416350064770973  0.97546126520002663  0.98668479380082430  1.00000000000000000
 -0.00203689056761842  0.00849099199459781  0.01735600565947521  0.02759185996221511
  0.03740931247407667  0.04691453097280360  0.05632195241177970  0.06619414901510723
  0.07701666903709121  0.08896408757719920  0.10227008066916032  0.11523688478178366
  0.12732340417273127  0.13949400184980981  0.15095581768570518  0.16155025170153808
  0.17151277137106438  0.18141497933277667  0.19172300272359830  0.20189319471261441
  0.21163719971595166  0.22119595146813703  0.23186518681819909  0.24379958311433497
  0.25538209167739873  0.26566866974179332  0.27507981467538684  0.28403547654617006
  0.29348267194316674  0.30356921088789907  0.31392680100794079  0.32464389342996841
  0.33561740981834226  0.34817715056438447  0.36077681173365489  0.37342854199589953
  0.38444945129228614  0.39528713496709023  0.40660778227116207  0.41794149770641914
  0.42933264663461018  0.44074726755221377  0.45213526235863799  0.46373795614728869
  0.47460526309565132  0.48527439788784282  0.49561235978821472  0.50617044225578811
  0.51660997278837761  0.52675364028285621  0.53660374367279606  0.54587368690320792
  0.55464325269980908  0.56325007307896235  0.57246770939022484  0.58166501787691827
  0.59116188485514243  0.60097659160740224  0.61144469576299454  0.62248472391184340
  0.63321147113467280  0.64415967747005154  0.65526253635885046  0.66730857750726125
  0.67824525806993663  0.68956269490735855  0.70125386245754751  0.71098788050288564
  0.71956483439837526  0.72815883156583328  0.73760766207628536  0.74777253412500244
  0.75727267753740335  0.76605575561231232  0.77529532596318662  0.78571513418555694
  0.79583591295375478  0.80635052158736498  0.81692716359847262  0.82851876955564485
  0.84167406107069376  0.85428826998093665  0.86514317067941371  0.87489575405096687
  0.88581359054870712  0.89685979949241879  0.90813361152341854  0.91949922476333790
  0.93079723527547575  0.94107232195438262  0.95058935696972902  0.96015875150641172
  0.97030067161065936  0.98032923887371459  0.99031614521207179  1.00000000000000000
 -0.00281686855096779  0.01105692855574964  0.02280521230608037  0.03355260696686561
  0.04420240359005667  0.05477696575654842  0.06557700324058711  0.07651795116259641
  0.08677782518169670  0.09712916436607558  0.10739836128531058  0.11822798754946492
  0.12871075717420716  0.13930331087246697  0.14970093913498461  0.16129244839626580
  0.17258085513933172  0.18429215370137617  0.19588268116176871  0.20676550397172561
  0.21676213014522294  0.22618340669304085  0.23577412705708173  0.24557344321239041
  0.25572264287552215  0.26564528711263063  0.27596524082284485  0.28619774140449777
  0.29648549847837319  0.30709809119397524  0.31802591708374900  0.32850606716815300
  0.33863659189074707  0.34846453264607263  0.35864804978631204  0.36872907323961956
  0.37863657460926198  0.38821197850038835  0.39762582543196268  0.40669970942707201
  0.41603544921534508  0.42636804220337227  0.43833893834319643  0.45105310635108331
  0.46207423777298656  0.47241030896850494  0.48266379460971337  0.49345544127233854
  0.50392853735767174  0.51367189834652627  0.52348003407493693  0.53387551691120394
  0.54432328126546992  0.55503368587235402  0.56635799281752841  0.57857237059659028
  0.59055487438069931  0.60274493695686238  0.61352405272968191  0.62347417531187510
  0.63334937066283858  0.64336282381196475  0.65389070866859067  0.66414287328241561
  0.67470801004312775  0.68509476946441195  0.69500195114575636  0.70430429899070823
  0.71417758253395858  0.72376112709852669  0.73342694607489511  0.74320843281927129
  0.75397615136390406  0.76585409651037062  0.77629562026083976  0.78669852331256107
  0.79679672575614280  0.80735772699451525  0.81708338086528487  0.82737958089803998
  0.83723354354286794  0.84747832407175683  0.85761918654787161  0.86840974405194460
  0.87877957663404971  0.88915264002331351  0.89996542616214814  0.91186640793697515
  0.92382566788681353  0.93517596093439059  0.94544023732926818  0.95593558585796767
  0.96690978227465840  0.97799994648252464  0.98891917196389578  1.00000000000000000
 -0.00229075288835991  0.00865435758585456  0.01839999798555097  0.02964761453628731
  0.04071996671621124  0.05001655395946056  0.05946673629449317  0.06915264071656652
  0.07915498710850756  0.08893619735829406  0.09947255970665300  0.10919309354267082
  0.11993618403536360  0.13033955480011483  0.14247081673574083  0.15356461070817834
  0.16494432630896083  0.17598619149692607  0.18678975882665580  0.19679117189420106
  0.20637134349625808  0.21602263773014044  0.22573903934821693  0.23614395104068234
  0.24714684427980141  0.26017938034858323  0.27312082395038445  0.28487157153014259
  0.29633097729486668  0.30825049645346292  0.31982493881704055  0.33065857575133456
  0.34084500876278534  0.35074869163156369  0.36038922216012564  0.37013438013690259
  0.37965642686572337  0.38867357126198770  0.39764045367208023  0.40662390754441302
  0.41562964425611404  0.42539880033825461  0.43565134201138533  0.44685024242009119
  0.45782697673010286  0.46811768484021471  0.47795938658124093  0.48757347093880304
  0.49717553992549129  0.50702959037565953  0.51700344883994731  0.52706176705559638
  0.53737784055913429  0.54757037614541249  0.55835953863937715  0.56914260300934616
  0.57952726241825570  0.59011315733736036  0.60058420578742966  0.61059725933383246
  0.62055239736580170  0.63127396489145027  0.64295606469697097  0.65446301623384839
  0.66591947125433526  0.67717029063523593  0.68859694796019666  0.70042486618913724
  0.71206511808905693  0.72362466748450760  0.73453136996121693  0.74547125983824547
  0.75518116476010044  0.76479964403687806  0.77432156069040892  0.78382403754852692
  0.79316430049231190  0.80275077821695262  0.81290282479199216  0.82414540397695746
  0.83519053759825734  0.84551715478597933  0.85510037797359484  0.86485067845417607
  0.87504570134841997  0.88595875090050158  0.89672750352562125  0.90728375493816193
  0.91745394860386642  0.92814231820227489  0.93909398281463408  0.95071162399993092
  0.96299534113875995  0.97518709358331790  0.98761972209868976  1.00000000000000000
   61.298776440387499       -1.0000000000000000     
 F F F F F F F F F F F F F F F F F F F F F F F F F F F F F F F F F F F F F F F F F F F F F F F F F F F F F F F F F F F F F F F F F F F F F F F F F F F F F F F F F F F F F F F F F F F F F F F F F F F F F F F F F F F F F F F F F F F F F F F F F F F F F F F F
  <DiscreteSampler_grid>
  grouped_processes
  1 # 1 for a reference and 2 for a running grid.
  10 # Attribute 'min_bin_probing_points' of the grid.
  1 # Attribute 'grid_mode' of the grid. 1=='default',2=='initialization'
  0.0000000000000000 # Attribute 'small_contrib_threshold' of the grid.
  0.5000000000000000 # Attribute 'damping_power' of the grid.
 # binID   n_entries weight   weight_sqr   abs_weight
    10   10   4.750626894102070E+013   6.268578439354929E+027   4.750626894102070E+013
  </DiscreteSampler_grid>
