 -0.00287217954851512  0.01084915270507722  0.02240876168052815  0.03413068767990297
  0.04529409090258870  0.05618750557616449  0.06756964571160508  0.07910327718153359
  0.09026158062637631  0.10139287694176491  0.11282990694963674  0.12437431887999517
  0.13575446467810187  0.14699602827001892  0.15886756039729141  0.17027174394658023
  0.18087426679712398  0.19174964392366428  0.20289123346438573  0.21359170674515521
  0.22359760814119364  0.23324758590286701  0.24275593857101080  0.25192561011348213
  0.26074958966601325  0.26983277461568739  0.28024107709017432  0.29163913507702766
  0.30318232288421859  0.31438281379872191  0.32528914247401686  0.33611276398274714
  0.34712418076110918  0.35817739552231198  0.36903225896368574  0.37949936429859382
  0.38940300599176392  0.39970059720964002  0.41027581500136445  0.42067992521959963
  0.43109414315241645  0.44131795908488669  0.45134408993232306  0.46096077507319461
  0.47035365300748183  0.47983060690768953  0.48968852859177270  0.49956643309741477
  0.51024464360855026  0.52109912330811514  0.53244431306444084  0.54368766354760989
  0.55562495943482326  0.56677757860446787  0.57726424317933545  0.58725665294938889
  0.59736049761143173  0.60753583266847289  0.61814404293280534  0.62832240123536787
  0.63812756145812488  0.64763040691376561  0.65649534431322787  0.66560026579717047
  0.67558756907034523  0.68553358013650101  0.69653772309418005  0.70765727420956337
  0.71785461796889549  0.72760139709204275  0.73692033202529761  0.74584848031242590
  0.75534418686285631  0.76482214260054471  0.77486863729052913  0.78602451645397986
  0.79685050867362772  0.80737242824862265  0.81750979342672925  0.82741581659434782
  0.83783132451427578  0.84859362599714394  0.86017895275419487  0.87210495794832377
  0.88368304770554551  0.89521891990237090  0.90690473463170207  0.91866279598511114
  0.92932211749874793  0.93961901065365827  0.94926848209616432  0.95864527311516379
  0.96784555671376082  0.97842003938207356  0.98911978470513851  1.00000000000000000
 -0.00010276965630208  0.00505249219984929  0.01079262930184807  0.01699780305405443
  0.02438162076612017  0.03251185058620407  0.04133044261099827  0.05123315772335839
  0.06031295489328045  0.06938913722748602  0.07876490318827292  0.08872501550031729
  0.09912417707458028  0.10893022155768224  0.11823730183639192  0.12782511658565970
  0.13762513843832974  0.14728109375508977  0.15620916046337197  0.16513272715914609
  0.17443280041646875  0.18443855405066018  0.19388217687625722  0.20291435120114987
  0.21221662090318219  0.22203971969079628  0.23320745571649598  0.24450280684822440
  0.25527665830504481  0.26596023289149257  0.27659231978012805  0.28758031441359594
  0.29959144495049395  0.31178670045820867  0.32336222333996917  0.33482734560464539
  0.34623059264772138  0.35705014880724384  0.36769155372575218  0.37870317013394161
  0.38988838180996332  0.40050225826257518  0.41046626700052447  0.42057207272447278
  0.43106293999316048  0.44172131735064701  0.45258867095973859  0.46403706689982710
  0.47593472047734364  0.48713278101136237  0.49798648374593596  0.50848707158327822
  0.51867200291950233  0.52820454716796339  0.53767867000054237  0.54762988394771106
  0.55796610625302767  0.56830790541587750  0.57810716271497387  0.58785489352013764
  0.59742571290811131  0.60706448770280252  0.61671049341141271  0.62667070980576067
  0.63682971597999893  0.64734198454377145  0.65809929489359986  0.66919648939633658
  0.68031186031366553  0.69094138502143276  0.70104047032125849  0.71088024791679938
  0.72095166186021398  0.73126713144258060  0.74156674011748536  0.75227009474067374
  0.76333609311110839  0.77481960733891198  0.78672485447182250  0.79859538023325616
  0.80996513007912319  0.82065883360332570  0.83140488258032941  0.84264688869794580
  0.85410101984801035  0.86542320731517131  0.87671742201646963  0.88924057489513575
  0.90257941812066589  0.91641164120429786  0.92884218630132731  0.94090466215737723
  0.95271027156773191  0.96468027811174173  0.97905183792536810  1.00000000000000000
 -0.00804457981623813  0.01812082344711511  0.04134634634323819  0.06498301816997390
  0.08813894161669956  0.11066103492193136  0.13084582230575548  0.15014058244084855
  0.16975747501009594  0.18913653209840053  0.20826642314550253  0.22986835676847917
  0.25190588690046378  0.27390133371481734  0.29591980871643969  0.31796870001242417
  0.34007438744588997  0.36220374000219879  0.38425342403038809  0.40634667897720916
  0.42855322503248977  0.45053800985462777  0.47235918525404430  0.49418116687843927
  0.51605075033870484  0.53830346683572539  0.56102482259768305  0.58463980899892520
  0.60891340506621994  0.63369195604530426  0.65125335693811792  0.66782637539663137
  0.68457658857007964  0.68973263352986269  0.69114294167564749  0.69367155034979622
  0.69848232680884648  0.70325583860753671  0.70806157547827808  0.71284398275774785
  0.71759582668613742  0.72239180327112140  0.72720196149253691  0.73199565852326942
  0.73677539296274563  0.74159338076182990  0.74651913943427672  0.75148007936098149
  0.75642240557237517  0.76130022204435399  0.76619992424817707  0.77118739812638004
  0.77623018987692349  0.78118649340208601  0.78605705984654628  0.79099113790616193
  0.79598008840929535  0.80101281429490545  0.80603540876780921  0.81104759066172238
  0.81608923227756458  0.82113027246414971  0.82611003923385307  0.83113048635702036
  0.83623380060302754  0.84141926501266162  0.84653097823091661  0.85162519405439829
  0.85675203518499810  0.86192740584543859  0.86712947870370516  0.87233846677258653
  0.87757286392421474  0.88275891256731265  0.88797618831391134  0.89323583492931513
  0.89847391687635270  0.90374451863367855  0.90898510838898727  0.91431775724558650
  0.91962331373593753  0.92491354813285709  0.93027678910279776  0.93559647728501050
  0.94091858125803762  0.94627509211765393  0.95161370990810434  0.95693034320949200
  0.96231692177871320  0.96771148929887263  0.97310727652321716  0.97852134418442016
  0.98396560301006131  0.98935091982187084  0.99468355926330299  1.00000000000000000
 -0.00236810880945069  0.00931558668041235  0.01909397690990694  0.02877143775790322
  0.03847563088668832  0.04844299339299368  0.05900192712268838  0.06909944835770875
  0.07958594888075901  0.09032442933059387  0.10162318957454276  0.11230696223693101
  0.12278290730727509  0.13291596258361210  0.14300407677157853  0.15297215673194886
  0.16258304799043627  0.17217684080948284  0.18175158325459431  0.19205618135795696
  0.20227085317320495  0.21312779227946718  0.22488391360761181  0.23561409047494092
  0.24552415307553557  0.25488356166175519  0.26393635052783310  0.27333804899047431
  0.28284508471867448  0.29219494368117943  0.30218961850996484  0.31258762709204557
  0.32459906140715949  0.33559031211936130  0.34611378769270523  0.35655819834403185
  0.36733627105522343  0.37809882398025180  0.38829058838151925  0.39815194008023902
  0.40770810092705823  0.41729171810821319  0.42682358848168489  0.43654522828445991
  0.44671422742560002  0.45815623334641820  0.47153453324013639  0.48514453530413360
  0.49790018198261282  0.51003362863771617  0.52158902162492637  0.53242531973940144
  0.54311934862848055  0.55318000816968904  0.56322753287003591  0.57236275601266673
  0.58170827224683697  0.59146357967957708  0.60161025767685694  0.61195667716546698
  0.62241854183518464  0.63271716335091011  0.64280671742425521  0.65242993573722519
  0.66172945355024593  0.67096153444037931  0.68004554864892819  0.68956002788291482
  0.69930835131164870  0.70853299041423834  0.71808422932834570  0.72826714183933050
  0.73903533679023148  0.75128041816177982  0.76464577226556762  0.77782659423466149
  0.79081710953445628  0.80185343443329449  0.81272103634218829  0.82331840894539454
  0.83370019615505842  0.84405471740876881  0.85518420172025833  0.86579367199574975
  0.87589813454727838  0.88602952892161702  0.89684585849317877  0.90852596651092499
  0.91981163205577043  0.93173055903131230  0.94276081840441350  0.95418954249897903
  0.96537438596113223  0.97693822369555439  0.98815658146361462  1.00000000000000000
 -0.00357070023324892  0.01172628545498775  0.02565080444483544  0.03816714534845950
  0.04955771927204475  0.06026566027958712  0.07036790640294377  0.07999272583900101
  0.08929693475170038  0.09821540382505640  0.10749602617434605  0.11665525274147534
  0.12609130450427161  0.13611194833544960  0.14676494265340120  0.15769095824846113
  0.16804560378590455  0.17837581038558506  0.18886779936034226  0.19991610719174679
  0.21031003199589382  0.21971528614923766  0.22915890638901579  0.23806938800645322
  0.24727100706971167  0.25652915328408837  0.26592694925279725  0.27520555879856917
  0.28455013329487244  0.29405282309380931  0.30597341672204226  0.31951257260722055
  0.33275952285957666  0.34325570452398907  0.35312065015851801  0.36296559279467133
  0.37300128142218014  0.38274469205770023  0.39264298400899272  0.40343654231275206
  0.41468877951420213  0.42619177982745615  0.43783964615647858  0.44929808222757506
  0.46088527637300913  0.47198273352037334  0.48249689879205349  0.49278173768714850
  0.50388615345017584  0.51710648011257976  0.52940678579787614  0.54081618450908453
  0.55116937718753012  0.56045659506841317  0.57013596572381420  0.57961126933337970
  0.58982325906457977  0.59979226719206025  0.61100044390869301  0.62302783917832383
  0.63451209112800233  0.64574043375686829  0.65658843232760944  0.66735709799358733
  0.67807881022393179  0.68813959082218490  0.69887338169176616  0.70955763953769402
  0.71999719846051047  0.72996173885295379  0.73947718605079127  0.74929141654498266
  0.75912982410465768  0.76956732141930617  0.78029740425566851  0.79173303212580037
  0.80380589226055865  0.81632240800402867  0.82837561448113517  0.83946954795876216
  0.85037101548759597  0.86014170941125057  0.86975020231650924  0.87882191977713564
  0.88823328768636389  0.89778973462934142  0.90788521723011262  0.91775984279945755
  0.92958234655652572  0.94078065808225664  0.95102232715186985  0.96111879510444664
  0.97103133965143495  0.98106244306731782  0.99018403076120687  1.00000000000000000
 -0.00265953877791895  0.00974340429040688  0.02020624760966423  0.03152146634900135
  0.04197705696826090  0.05111806308186083  0.06034437255726981  0.06975214904281064
  0.07916858749339876  0.08850907814711609  0.09794227104935978  0.10833793333260150
  0.11946331908918899  0.13149105096771915  0.14425435175697396  0.15523852203774260
  0.16545439224967828  0.17572885704113567  0.18621814632861855  0.19735888172096502
  0.20871921570928076  0.21921829795542849  0.22914202378542819  0.23945254189528548
  0.25026892782383703  0.26173829949484295  0.27302828015887043  0.28389618355444141
  0.29480153388031449  0.30562150226326873  0.31593145885935564  0.32609598278655377
  0.33646863049365533  0.34794386572358327  0.35923036598347052  0.37011557588450794
  0.37982206870995283  0.38886260059464467  0.39784746213549504  0.40694882256573789
  0.41598076448276672  0.42469985959662970  0.43336785339861200  0.44224034296419978
  0.45154352544968573  0.46169998490083869  0.47265925566722100  0.48358433744056517
  0.49431880546149004  0.50505156443440569  0.51600101640067475  0.52776618164322775
  0.54027757275151922  0.55238716345317973  0.56389921631754680  0.57494793013409407
  0.58502516102809543  0.59446052051058651  0.60375350187811416  0.61358381516116989
  0.62433839998878049  0.63547430011785244  0.64699519519653148  0.65840997744802487
  0.66946101485544751  0.68000949665690491  0.69070206840935333  0.70138051383220767
  0.71271187653566792  0.72377823840210065  0.73536111656399294  0.74613971893976172
  0.75641896304910827  0.76609294559880337  0.77698277746209754  0.78795465841130774
  0.79908868121374033  0.81030444865909879  0.82234399602104102  0.83432669536063253
  0.84480125456667654  0.85494169511398665  0.86501020076627988  0.87536420486955380
  0.88561271056590640  0.89617759317031165  0.90725774981871321  0.91792895158634946
  0.92906977927159196  0.94046471780640251  0.95218717944238163  0.96266725108602635
  0.97196241150552831  0.98134447385178203  0.99037983241447858  1.00000000000000000
 -0.00227517284160541  0.00871147850361571  0.01860132916792727  0.02868302548685572
  0.03846135695473355  0.04865436668394162  0.05903392556051344  0.06939906670126043
  0.08017757808653092  0.09150763390181604  0.10333694147648527  0.11284579430985768
  0.12258148454962800  0.13261202896874713  0.14263175928362862  0.15223013475456515
  0.16157094339295247  0.17111524629371180  0.18127773917199555  0.19184325241271627
  0.20260799370638674  0.21373999147431377  0.22507694653327887  0.23704752497945919
  0.24920886106982282  0.26117936851994500  0.27279179779649376  0.28340523911124754
  0.29351655762717765  0.30315797062400474  0.31284765650185420  0.32252158346548160
  0.33211868708913389  0.34194627571011194  0.35207930451517633  0.36243577127487153
  0.37274630566513967  0.38258445126443591  0.39178819378565488  0.40117537256019742
  0.41096740325588232  0.42077067484261788  0.43037699371227556  0.44016992811148847
  0.45048529769384049  0.46067633494815002  0.47110655331752993  0.48150830407197937
  0.49230579480108694  0.50307642607732417  0.51399919906257086  0.52517968333564125
  0.53603166194670293  0.54693795862534700  0.55736405148077472  0.56791404870334639
  0.57935026028254699  0.59167746105108632  0.60419230212778918  0.61600185721072420
  0.62670690679856400  0.63665347137303874  0.64642968824700942  0.65630130788020036
  0.66617619085453672  0.67589472689128072  0.68583135984095278  0.69573835002773232
  0.70557384180245908  0.71544706243793244  0.72539292891555884  0.73535384616677990
  0.74529706276112395  0.75584727519572514  0.76675400945027705  0.77785411015201888
  0.78931976612311061  0.80101149001387884  0.81266575165339150  0.82388758373317139
  0.83472155185377928  0.84571445795256550  0.85703211164489579  0.86877164505137483
  0.87996026166123542  0.89161176048595636  0.90311568859457980  0.91460613606861452
  0.92656910300708961  0.93935102011209259  0.95293403295680090  0.96493250347677229
  0.97490794207315790  0.98363935153115944  0.99160963285114778  1.00000000000000000
 -0.00229981450017785  0.00841992802211239  0.01877501186045872  0.02914272873008272
  0.04016571625678812  0.05113992385842341  0.06179494928679415  0.07184003255321235
  0.08135602736477421  0.09058356223827213  0.10012192314339767  0.11029351451394143
  0.12063755097639163  0.13058916380795216  0.14027884160959592  0.15035326405790631
  0.16118753412395248  0.17258770787342925  0.18373290451320792  0.19403539544109522
  0.20364952218867219  0.21302872401826592  0.22224800698835614  0.23214528699301887
  0.24246936612361733  0.25315039408343876  0.26432695593030331  0.27668720947625930
  0.28980561108319369  0.30193703614807488  0.31323256053248755  0.32432832049417176
  0.33508409673805400  0.34567353484708657  0.35666654945017806  0.36816881100732535
  0.37976721469882019  0.39103468430024352  0.40267766945675959  0.41428672372439651
  0.42505458437998261  0.43534411157837394  0.44542939246312246  0.45520356546110186
  0.46422969995009533  0.47315647391078286  0.48210815576995214  0.49157411943864288
  0.50116600124605615  0.51092167702125657  0.52089041375850886  0.53214960028378755
  0.54440676927395526  0.55650687475403193  0.56892305977460145  0.58197119622527405
  0.59515059995150166  0.60869674025706166  0.62234129827910178  0.63503850622350699
  0.64669784928944329  0.65802923765460397  0.66876581737589402  0.67880168866640023
  0.68879274413973457  0.69874910706041715  0.70867674381084378  0.71806137635127754
  0.72726379609139358  0.73668608901131205  0.74621530389722834  0.75535708812004254
  0.76444988489620569  0.77369372978595363  0.78331691852382179  0.79356063697978674
  0.80389873796585321  0.81417951838949998  0.82422665515719995  0.83433899267977651
  0.84441904931887835  0.85432335405592075  0.86420707668490426  0.87442961760781013
  0.88486598849202069  0.89496055499567795  0.90492650911665506  0.91499287735620427
  0.92554700923478628  0.93546240679006110  0.94586733098337183  0.95663451371377262
  0.96708023061702975  0.97749453402850572  0.98838031160810225  1.00000000000000000
   62.781427865623350       -1.0000000000000000     
 F F F F F F F F F F F F F F F F F F F F F F F F F F F F F F F F F F F F F F F F F F F F F F F F F F F F F F F F F F F F F F F F F F F F F F F F F F F F F F F F F F F F F F F F F F F F F F F F F F F F F F F F F F F F F F F F F F F F F F F F F F F F F F F F
  <DiscreteSampler_grid>
  grouped_processes
  1 # 1 for a reference and 2 for a running grid.
  10 # Attribute 'min_bin_probing_points' of the grid.
  1 # Attribute 'grid_mode' of the grid. 1=='default',2=='initialization'
  0.0000000000000000 # Attribute 'small_contrib_threshold' of the grid.
  0.5000000000000000 # Attribute 'damping_power' of the grid.
 # binID   n_entries weight   weight_sqr   abs_weight
    10   10   4.261961143954694E+013   5.098023787927888E+027   4.261961143954694E+013
  </DiscreteSampler_grid>
