 -0.00224494633133488  0.00904966547233319  0.01891311245769774  0.02895284135545618
  0.03935904896291230  0.04933673317343183  0.05898947127711473  0.06883368980670319
  0.07808149446173218  0.08839620971185012  0.09820112632543883  0.10835800446041438
  0.11842203045344678  0.12871995091628297  0.13920383185478122  0.14956498350176053
  0.15993761536069664  0.17029326247825155  0.17996530163213126  0.19042051091453482
  0.20165216534571764  0.21236380550768116  0.22235270605110319  0.23276749492535173
  0.24376604883767095  0.25428211498495845  0.26409133956496100  0.27358712137633595
  0.28263377641786613  0.29190240895620645  0.30199276504640804  0.31192874649150765
  0.32164256936293301  0.33149301633942740  0.34267381664422403  0.35456756242127696
  0.36640232936934286  0.37798118526562735  0.38955734601861658  0.40071873011614151
  0.41214062017848652  0.42439065218892408  0.43722394689239125  0.44970986154212261
  0.46161198537887460  0.47322259008078410  0.48417274192243387  0.49440195175841611
  0.50486419251001247  0.51567225143160422  0.52608547147246509  0.53582411377677397
  0.54565734223980700  0.55616442397671895  0.56666125661720212  0.57693112951421677
  0.58739071869476545  0.59835092502085141  0.61012120775618151  0.62220320912853821
  0.63387879189853558  0.64458306465089543  0.65506391830038668  0.66584822211137262
  0.67710392122953944  0.68815373372105371  0.69861930164084840  0.70973261895176620
  0.72055126224577248  0.73130106320398425  0.74212708382511106  0.75338178216269991
  0.76489500151664491  0.77501150251169471  0.78440529768793976  0.79366964596177070
  0.80304626455698525  0.81266336440983755  0.82169721852327238  0.83077793421636192
  0.84038532447631686  0.84994718933735836  0.85880157679070412  0.86736374001819139
  0.87653969480577754  0.88657490062414024  0.89666239861546115  0.90647523883780812
  0.91671361687986064  0.92839039278922930  0.94110557942195638  0.95355279789454039
  0.96488344197216414  0.97586821631188203  0.98757963150713157  1.00000000000000000
  0.00003677279001027  0.00489797079439771  0.01014503356797246  0.01558944596879089
  0.02127314133897995  0.02754400639682483  0.03412633085534376  0.04116377576046530
  0.04881730829114363  0.05680732130020910  0.06568508831654007  0.07658003204067018
  0.08677081989480299  0.09688600961102746  0.10769851357264923  0.11859747628579792
  0.12921923228135151  0.13954341966082903  0.15017398643134980  0.16077420245035534
  0.17236240427762198  0.18493067068168084  0.19649248891475155  0.20774043789211863
  0.21917015927204633  0.23099160790338932  0.24234322605404893  0.25263536241743856
  0.26327062258801048  0.27351618307248299  0.28355955381372666  0.29410325529836345
  0.30431495560546279  0.31419172850689214  0.32407098581528027  0.33410833981583354
  0.34393046769939423  0.35340161050295893  0.36353222607102603  0.37466310746246284
  0.38552501331321054  0.39677875462468631  0.40825770571795789  0.41990708746758926
  0.43072126063050231  0.44233342756076699  0.45459215061830566  0.46681662889499514
  0.47800765716526028  0.48822905857961907  0.49836677697876502  0.50946460731921195
  0.52156187265401621  0.53373414291344146  0.54561205525031076  0.55721077805554509
  0.56799921197064107  0.57810475161772124  0.58810449364823703  0.59817737061226695
  0.60832574999641109  0.61822963471419135  0.62842849334172346  0.63905654705508574
  0.65058526061388167  0.66297275812828005  0.67584490215781390  0.68870535976206548
  0.70118739877794922  0.71307130650123751  0.72449867311246297  0.73570447897570190
  0.74661531197139119  0.75717156798770757  0.76718670129302369  0.77734355459291926
  0.78768465575640212  0.79844722139762858  0.80965292385049892  0.82056059450436136
  0.83119705990378023  0.84085198524779559  0.85000908328087543  0.85907666859014120
  0.86800262845906351  0.87715555677901069  0.88679648018181167  0.89669283459454563
  0.90782721944618394  0.91885568343468804  0.93006137854654181  0.94139346124898415
  0.95311525643992079  0.96526366246796880  0.98014941447409409  1.00000000000000000
 -0.00799949220778209  0.02173496630727461  0.04532723871264097  0.06902557900088464
  0.09193276554131397  0.11391777952842470  0.13383564766302611  0.15298209876392416
  0.17249806559651656  0.19193225042108825  0.21125207921782924  0.23279219152419853
  0.25499150353101008  0.27694454924531459  0.29887105639119127  0.32075792962464800
  0.34251939037380813  0.36422688128279079  0.38590219851957530  0.40760030841367156
  0.42937709309005068  0.45125730338684134  0.47323879974008787  0.49513201208292712
  0.51702551933267471  0.53929382489192612  0.56202693155096917  0.58584211335981473
  0.61032561347621150  0.63544349124542476  0.65339445749612224  0.66952132921883545
  0.68499368156012519  0.68989709415090905  0.69130397010510392  0.69417427344169902
  0.69904455649823372  0.70383474918657274  0.70867724688761136  0.71351333585119259
  0.71833064070159758  0.72313177769849235  0.72787271233062623  0.73263839558718735
  0.73748221671689718  0.74232079837251175  0.74714594092837827  0.75200265577225267
  0.75687565477575725  0.76178789392491408  0.76672783827208202  0.77165926479024771
  0.77647575034914873  0.78132704102953676  0.78626730221712215  0.79132934053706272
  0.79639135445797526  0.80137647846204785  0.80631518798634660  0.81131791776866991
  0.81629937338227132  0.82119583720502076  0.82613173703727094  0.83108530592347185
  0.83611159074808894  0.84124958523150140  0.84636597341048803  0.85144881381445148
  0.85661513663645450  0.86183645073803306  0.86703723407944211  0.87225171709131299
  0.87747231329446340  0.88272995335359816  0.88807398675736615  0.89351353504666564
  0.89887566945165065  0.90410827987756381  0.90924727290242946  0.91443539986013489
  0.91964616931052312  0.92495393150174887  0.93035271509273243  0.93574876428605513
  0.94105696595524368  0.94629525028793826  0.95154730467107596  0.95687476511074687
  0.96221154962356270  0.96752763969293476  0.97290888343872972  0.97836371330804284
  0.98381747236913597  0.98922703280429469  0.99460433480375932  1.00000000000000000
 -0.00263947592621274  0.01047999874512336  0.02266928243579427  0.03472924403208275
  0.04684819365693679  0.05882881532727548  0.07066477761073157  0.08205429253313512
  0.09303486201651424  0.10367986980048319  0.11456669457771722  0.12566526405925610
  0.13656136507545485  0.14734409546707744  0.15801952533647817  0.16837972153370831
  0.17890415300878323  0.18983144029697280  0.20147184197652404  0.21269020273001471
  0.22289807836590872  0.23292915909613271  0.24299103793992577  0.25324856278114188
  0.26381603284816307  0.27473641268944432  0.28571456411070012  0.29641280581352347
  0.30695745760515736  0.31753396299719550  0.32825241227370083  0.33894794326184519
  0.34972720305766186  0.36042815623011787  0.37117997870463637  0.38241853793992470
  0.39364523777797866  0.40386884386609800  0.41348854853744316  0.42296030522912426
  0.43231702794872251  0.44203089815809254  0.45209873662169431  0.46252739983976848
  0.47361468415524688  0.48574310353285921  0.49884880954138627  0.51132356373703836
  0.52311491902184304  0.53374881231008542  0.54436624685652479  0.55547043076586444
  0.56731614527051100  0.57977530728876903  0.59176416035867674  0.60231750967574971
  0.61230007125691499  0.62243660981801940  0.63161245585199755  0.64069038750688023
  0.64964657981739171  0.65803822116684685  0.66613043850365217  0.67424662113984191
  0.68274436772637792  0.69170934969115361  0.70105848680394733  0.71094082515749768
  0.72082710853936560  0.73107498477522215  0.74172780992148291  0.75208229975005880
  0.76214204083300707  0.77219563731376339  0.78199028842729557  0.79141390148377566
  0.80092854738961872  0.81070175909809949  0.82178542740010529  0.83223916150226673
  0.84436531103726042  0.85588238092699731  0.86716555904430526  0.87835697937208213
  0.88947597542805945  0.90021796065383752  0.91089197566665103  0.92213085059523692
  0.93336569389139290  0.94339912071310972  0.95274916465020987  0.96240939195282404
  0.97258009370188170  0.98207928542634726  0.99124870072725546  1.00000000000000000
 -0.00206553559962461  0.00781412472015005  0.01659041815728865  0.02691303896967371
  0.03774526804668106  0.04785159316153927  0.05741432487019166  0.06761400496581640
  0.07866363655494062  0.08941951881025373  0.09928975518014700  0.10917528659589747
  0.11964781502985554  0.13076528942456353  0.14211063547450709  0.15306643138091766
  0.16377525627604794  0.17473666380505520  0.18572965628252081  0.19725772213553502
  0.20872820825906208  0.21968339112209673  0.23059161340506409  0.24117190152916612
  0.25178305199548595  0.26239558939401908  0.27367727551126875  0.28453443255086147
  0.29545298831259037  0.30555967245586846  0.31563722006043721  0.32510142227582245
  0.33425853871033362  0.34370186754862370  0.35266679161006209  0.36238669777106564
  0.37234165483372861  0.38211187448566991  0.39190392390639633  0.40206599809493426
  0.41300662052426212  0.42365037519445142  0.43354348134219678  0.44282814106407103
  0.45258340483232096  0.46251865731072561  0.47323941640000211  0.48524983909159852
  0.49821633176742813  0.51096224322945982  0.52313932395468998  0.53452830959878983
  0.54581649131615873  0.55698730807925367  0.56802056321506689  0.57932011283605345
  0.59156159606133407  0.60353358818941549  0.61370061686503630  0.62334734943512948
  0.63372233315226423  0.64435613032009587  0.65490356491854507  0.66543060033476131
  0.67685447685681155  0.68827307060013487  0.69881256086195409  0.70924075241336848
  0.71974619500431514  0.73058581405681711  0.74108382471972944  0.75158193275134377
  0.76207856796957163  0.77255052945990288  0.78310482457862995  0.79450996501934645
  0.80600519269119941  0.81702816693769131  0.82761225541155969  0.83788011799990703
  0.84782345161571104  0.85797777111185958  0.86775363524413851  0.87741128083216646
  0.88716270375688722  0.89872018026667821  0.91140831044887460  0.92350985901881399
  0.93456320065653109  0.94492205998261836  0.95471521700652795  0.96397380563121826
  0.97274584453346868  0.98154354502155394  0.99047524805495413  1.00000000000000000
 -0.00276394498511205  0.00984358711389630  0.02153391209527029  0.03301279780692800
  0.04537743833883475  0.05749628390319889  0.07019576823091479  0.08238239865569368
  0.09292272773188968  0.10327183296980202  0.11366962808847697  0.12398294558909485
  0.13407294371003037  0.14404573312057789  0.15523979078382005  0.16672922540743024
  0.17782175040055581  0.18931210264464760  0.20152663610580956  0.21399812960018841
  0.22615375485328748  0.23759596032010546  0.24787687652802526  0.25763460100171653
  0.26759100047509227  0.27863037498431797  0.28985101656120327  0.30006352209114423
  0.31011458898952404  0.31971438171119926  0.32945214975829040  0.33971830715604767
  0.35028209162226870  0.36068405959926597  0.37070940610528980  0.38152324922186182
  0.39348341227275513  0.40449867519482030  0.41491932149781274  0.42506022304154684
  0.43547495322315899  0.44601920695531028  0.45671196620790178  0.46715690873487836
  0.47754798940056259  0.48853190755970188  0.50065791560973893  0.51324863936898646
  0.52587514820232295  0.53813316916023501  0.54933188773598318  0.56069532637658581
  0.57158191223457955  0.58230417708990745  0.59229800304795988  0.60212029975868697
  0.61191755515878621  0.62194411397506133  0.63123345081442372  0.64057493284178391
  0.65032305671117574  0.66074427730335539  0.67153198030897987  0.68330911039638087
  0.69479468967038149  0.70570872150475872  0.71534774031534798  0.72445231779652053
  0.73347192729747079  0.74232263793311437  0.75122771058135784  0.76017177218069176
  0.76943542314453284  0.78013286264865667  0.79178556742077677  0.80321502498534536
  0.81373007345188375  0.82315584716624879  0.83194019935836006  0.84073292408289235
  0.84946414020957561  0.85846423976488817  0.86735811796779094  0.87664474545725746
  0.88698444504814145  0.89714076736008774  0.90889205004906115  0.91920554968919088
  0.92957136173489918  0.93929031513128747  0.94887129009596127  0.95872900068428113
  0.96943541572101433  0.98038173679358620  0.99038182453523904  1.00000000000000000
 -0.00303312398525190  0.01054548177087369  0.02185362190458091  0.03232420168184634
  0.04281579602849942  0.05390847560637448  0.06503425830252112  0.07566621327743803
  0.08641973136074239  0.09781489910489115  0.10913276239431885  0.12004434498623903
  0.13011042478874196  0.13967266155048272  0.14928086638440152  0.15899155773222298
  0.16871259716183848  0.17835437282054512  0.18862264023017750  0.19982997077390888
  0.21169150541352361  0.22319820940170718  0.23431865509052099  0.24540228879953069
  0.25660403935382575  0.26766965423349537  0.27814558309986548  0.28830638130919684
  0.29844634403345532  0.30840900486014505  0.31880310219005925  0.32924375596583028
  0.34046505061039617  0.35190082204703088  0.36406113384415256  0.37591370797661938
  0.38723732598761823  0.39806996618560453  0.40789314786092484  0.41712349741760996
  0.42657620716994105  0.43611096570045577  0.44536323560914542  0.45446924266055783
  0.46359450929796853  0.47374928502045599  0.48313964995389175  0.49213971764904962
  0.50082336167203789  0.50968996324448645  0.51879166839545443  0.52898382574226133
  0.53981963085826623  0.55036406808519411  0.56083966898049753  0.57177346290005737
  0.58269486890556998  0.59296601358765488  0.60321189900649252  0.61401645244983993
  0.62550290628290939  0.63665809922082794  0.64714242838300684  0.65793986643219493
  0.66885384455722119  0.68033977924336608  0.69215930155368688  0.70366826885198330
  0.71438420845831174  0.72407841766025793  0.73380934886682192  0.74341230593306695
  0.75323298086357560  0.76309965988450823  0.77320053755686236  0.78372641939673193
  0.79480616455411646  0.80642005287532315  0.81874381457897016  0.83153077773455353
  0.84216795800886535  0.85200901553614794  0.86236887726095890  0.87241771325824269
  0.88235650095348317  0.89171943562729805  0.90111717270354841  0.91108226390823799
  0.92141639402012798  0.93225635065659507  0.94299132234352123  0.95338300937541565
  0.96399388638345374  0.97537172961876406  0.98720295019427884  1.00000000000000000
 -0.00229824582692917  0.00994843727151888  0.02013062879354028  0.03146209328998430
  0.04266095240039115  0.05314331322870011  0.06340507188042610  0.07377792027649173
  0.08410855865967527  0.09433640761000554  0.10440634185774358  0.11421694861245570
  0.12401827237469744  0.13403415177676056  0.14397708461017131  0.15373849353971014
  0.16368823797515375  0.17418801457153288  0.18506596238037773  0.19544961418202572
  0.20502456353018678  0.21474172558832549  0.22474156066514744  0.23464273526395490
  0.24449138708798152  0.25521179589815596  0.26659402308043045  0.27758635994724579
  0.28787607085753880  0.29888068335433560  0.31019652170135265  0.32107902023452395
  0.33189314121812669  0.34275417522256652  0.35340114281283891  0.36376386060339599
  0.37399801969244040  0.38445104605534114  0.39524086323634000  0.40625551203115473
  0.41772011065252940  0.42855415585623319  0.43983737372681292  0.45002409527687254
  0.45984032745028774  0.46949628929539411  0.47968567666016054  0.49026849041384513
  0.50075598928559950  0.51305969680954433  0.52472688888860330  0.53558256320197384
  0.54599007645813380  0.55626790669819370  0.56643541630744876  0.57625303733441424
  0.58616256122211463  0.59614868111466857  0.60618633366075914  0.61657715143005776
  0.62727537697794289  0.63858240976981295  0.64930498727894503  0.65942646577166275
  0.67000601797743731  0.68036670624574935  0.69012211114895605  0.70027716698415254
  0.71177491823320371  0.72520258014567951  0.73809523691480916  0.75075788848165814
  0.76352718949744913  0.77609148066534750  0.78665632474166214  0.79705852324255932
  0.80709763216730579  0.81708830439396118  0.82726858659426206  0.83805027227296403
  0.84963106046250314  0.86047738897346182  0.87109230075307886  0.88150688173768998
  0.89159596220510029  0.90290280731199291  0.91428763659603174  0.92453297423014069
  0.93409104309995594  0.94338131119096902  0.95281829207922564  0.96223109807280194
  0.97151223802794318  0.98105094341123478  0.99067469723416535  1.00000000000000000
   61.297664826523700       -1.0000000000000000     
 F F F F F F F F F F F F F F F F F F F F F F F F F F F F F F F F F F F F F F F F F F F F F F F F F F F F F F F F F F F F F F F F F F F F F F F F F F F F F F F F F F F F F F F F F F F F F F F F F F F F F F F F F F F F F F F F F F F F F F F F F F F F F F F F
  <DiscreteSampler_grid>
  grouped_processes
  1 # 1 for a reference and 2 for a running grid.
  10 # Attribute 'min_bin_probing_points' of the grid.
  1 # Attribute 'grid_mode' of the grid. 1=='default',2=='initialization'
  0.0000000000000000 # Attribute 'small_contrib_threshold' of the grid.
  0.5000000000000000 # Attribute 'damping_power' of the grid.
 # binID   n_entries weight   weight_sqr   abs_weight
    10   10   6.168756325104523E+013   8.493055684580601E+027   6.168756325104523E+013
  </DiscreteSampler_grid>
