 -0.00214074123366828  0.00844581378443974  0.01797273634183884  0.02848867788068255
  0.03961706023431970  0.05112783795675204  0.06203620717291278  0.07272477288220129
  0.08320363042587424  0.09321611805018140  0.10303746405186778  0.11206595610064442
  0.12144635579435138  0.13110636950271776  0.14097935169072037  0.15085416031605531
  0.16084066115117518  0.17110078617383290  0.18126026841514159  0.19239223134187541
  0.20453112428895431  0.21535727259886120  0.22521089242203579  0.23502030963424803
  0.24527251463461128  0.25520072681255129  0.26452561695737120  0.27367452846565282
  0.28279528321339775  0.29225171483030227  0.30245148167714109  0.31348539255953306
  0.32469717249769009  0.33573179268528436  0.34713203482550870  0.35886350024116342
  0.37054748753179867  0.38110662833490067  0.39130855480132265  0.40273073284960231
  0.41544089819747010  0.42618020497426568  0.43588599841016568  0.44531656750335669
  0.45461690493367440  0.46355983634192277  0.47206661031823838  0.48124839154263188
  0.49111102760384551  0.50207561024364766  0.51450569150973191  0.52772710348297081
  0.54044358048876118  0.55178412107919128  0.56226228718341098  0.57247717657530128
  0.58246462763115670  0.59205004862865540  0.60134856986331731  0.61131208947945914
  0.62158128506657750  0.63139670310290374  0.64129806320785709  0.65173621619543343
  0.66208314692881021  0.67168761754562145  0.68096566977538453  0.69068560330681161
  0.70116308921356807  0.71216713505321894  0.72371307841384835  0.73554025354612529
  0.74773074698173814  0.76013595134972489  0.77210909687454532  0.78339034897615512
  0.79417522873865998  0.80476078726023625  0.81494746830989084  0.82484618489248529
  0.83488385889186378  0.84524761995273945  0.85617553718164774  0.86759820190790637
  0.87900744087666804  0.89054960347792833  0.90260948938662933  0.91509396675003551
  0.92855429767180708  0.94021453980044800  0.94991731698934068  0.95942572422160644
  0.96887607290156330  0.97932788130237558  0.98965207762407603  1.00000000000000000
 -0.00110256246116814  0.00751900711701878  0.01629998393931183  0.02567319101580249
  0.03602646488858652  0.04718211807807896  0.05842497087724716  0.06901315388394683
  0.07832085510445275  0.08800644316207967  0.09768006066654548  0.10721212893525589
  0.11646039124135113  0.12570204974560711  0.13537058306227698  0.14510775124100211
  0.15429828272764734  0.16365826074978787  0.17328320384722076  0.18265444323170743
  0.19213650173871580  0.20151113849241595  0.21060751669580785  0.22132484855675016
  0.23171211404220701  0.24216456843816864  0.25315990517519554  0.26439790561597615
  0.27504117457904620  0.28536580686136298  0.29591601104471665  0.30703724266604343
  0.31853231244706842  0.33005342595327986  0.34118520305451233  0.35198321277701633
  0.36259417220130197  0.37282594242118433  0.38270027026938819  0.39292300914501682
  0.40340363546449431  0.41345196688461699  0.42242842919678725  0.43102201972442988
  0.44013446596868400  0.44964658183180461  0.45912466540523822  0.46854863221848347
  0.47856237535753271  0.48973015515864210  0.50175196423568813  0.51392957316675525
  0.52567929111168632  0.53639595024402964  0.54668790490758046  0.55670892983991582
  0.56707726555680171  0.57752552857607031  0.58705008433863726  0.59616899698326042
  0.60591741607935667  0.61539622344686995  0.62443083376124187  0.63346018017203343
  0.64248817191340157  0.65171742402413846  0.66158558694660208  0.67150915527459654
  0.68157846837633795  0.69107907952694192  0.70001351218013863  0.70971241774019411
  0.72013812428290247  0.73064248552178723  0.74065156875807336  0.75095057936550591
  0.76164922348826591  0.77218428939454686  0.78253406983668539  0.79374908197811955
  0.80634452557754122  0.81904673555818130  0.83153567979154330  0.84321089700449703
  0.85448598222950212  0.86507398304518446  0.87548304618379169  0.88633959628257175
  0.89761998909579177  0.90938916152155991  0.92200650958543906  0.93521697066354259
  0.94960462348652175  0.96429562358429599  0.98130020471549106  1.00000000000000000
 -0.00789609445319924  0.02429243619577169  0.04801819892019532  0.07209123343614662
  0.09580578673347244  0.11881487712825668  0.14000910490425039  0.15989804815701414
  0.18014496990012213  0.20035207974853730  0.22016639461852441  0.24117152645558387
  0.26349944167734740  0.28590829865535933  0.30834609580551986  0.33095312337881039
  0.35347293417161652  0.37577205723500512  0.39778676631819110  0.41956868542764469
  0.44148676671909987  0.46344933562315987  0.48570911670614880  0.50802828504367037
  0.53051160807391862  0.55285438045494439  0.57507214033174436  0.59869190290271601
  0.62272551584583169  0.64848905885140740  0.67141403187465110  0.68835464328909912
  0.68994926260798528  0.69138579007979317  0.69426809348029728  0.69925242736950233
  0.70403151062571090  0.70875517023506351  0.71345750619905302  0.71817043088404897
  0.72282472657595420  0.72744914053268483  0.73209342648199893  0.73679849367691541
  0.74151884547401881  0.74628204203321669  0.75110034024689232  0.75589235615239214
  0.76064731103659367  0.76545425963122971  0.77031922336335767  0.77517824079423758
  0.78002888983715046  0.78494636736160439  0.78986862874433694  0.79473698585928210
  0.79964469524346338  0.80456492112445743  0.80947670631662327  0.81441583306889453
  0.81941378909318341  0.82437697427719658  0.82936114010554185  0.83432994505307623
  0.83932893768097327  0.84444258709570297  0.84948616625303053  0.85453308743188106
  0.85960687082079590  0.86468584334681009  0.86978255751598688  0.87486104364862949
  0.87992371306559480  0.88498666076834587  0.89012188352345711  0.89528673327694341
  0.90045090978771736  0.90561889438784626  0.91085056753408633  0.91607518629770812
  0.92130692704217354  0.92651310494559203  0.93161928696385643  0.93673583211936295
  0.94192863717778963  0.94720522154103637  0.95248994257409414  0.95772076848030518
  0.96297718278204303  0.96827061382225199  0.97357605565355498  0.97877809270434035
  0.98400330762816601  0.98935301090661787  0.99473319219719147  1.00000000000000000
 -0.00222851093585107  0.00880487590346790  0.01889371195639288  0.02838068501458314
  0.03848904576274147  0.04844448238238072  0.05827827505776551  0.06808186792631027
  0.07832241659458269  0.08857948800472286  0.09864668588890385  0.10891980101746923
  0.11970975404908595  0.13100813635770400  0.14218206412839562  0.15330582445050808
  0.16397510123391981  0.17405381340308271  0.18383110781845077  0.19376778135792239
  0.20359031444571929  0.21343899885134121  0.22354423496267051  0.23431013677764306
  0.24556825147817757  0.25664994331005569  0.26760337997068379  0.27880792066060445
  0.29051728225841117  0.30286069822314832  0.31509200025795342  0.32687154024434717
  0.33791579079566281  0.34809127295433590  0.35769937307815103  0.36662035003840476
  0.37526896507647728  0.38459741222839611  0.39495976128691723  0.40598467884867406
  0.41667640596136318  0.42747935257233666  0.43854955329728607  0.44975499355187248
  0.46141842524646587  0.47364248008725346  0.48581335905240836  0.49763110311007669
  0.50844184622664090  0.51830613550271587  0.52783938420520837  0.53705944728245303
  0.54618800444931059  0.55506192961668299  0.56413492427371525  0.57375563259504048
  0.58360980813716556  0.59379292453480770  0.60434663710424386  0.61579435574221042
  0.62761200295665254  0.63937017689256026  0.65118015259846862  0.66284881154301822
  0.67397437545051841  0.68468102767637939  0.69504909958049255  0.70509654780654218
  0.71534899291890808  0.72584614629219779  0.73665253051302781  0.74783170646317088
  0.75911207170167150  0.77018664637785283  0.78027738635262534  0.79001665416614730
  0.80063620522668000  0.81166627356136700  0.82280005081064123  0.83369476224876315
  0.84586711969094031  0.85773123402374296  0.86881428819122586  0.87996513823383404
  0.89058332687283903  0.90070640428045967  0.91059678682667677  0.92062950898675666
  0.93152276831611902  0.94198320295398608  0.95214428510154048  0.96224828581856781
  0.97220922618857841  0.98174655177134429  0.99092463341520243  1.00000000000000000
 -0.00233748018755685  0.01065724806895028  0.02109094040161828  0.03171237326848281
  0.04210863075304744  0.05310998158861146  0.06453524869599528  0.07653796974803929
  0.08748950717021298  0.09773541267465551  0.10765305494503981  0.11772381112179649
  0.12785762857734154  0.13763372441391244  0.14781685441354692  0.15780523677461925
  0.16793170099619437  0.17814022084560283  0.18838744501178911  0.19898473856186877
  0.21021657855907963  0.22162871472188320  0.23342147019731815  0.24477486306539972
  0.25603806813482277  0.26683065974882159  0.27765806049683139  0.28858136963498321
  0.29869857250457815  0.30812025080500777  0.31772704026797988  0.32737425626717032
  0.33653630889040237  0.34525452306142629  0.35404435425842046  0.36347705241294259
  0.37304498916622936  0.38226472174972798  0.39212046203398659  0.40349658455794812
  0.41562406296018622  0.42719833449805938  0.43828244574569880  0.44945589495670751
  0.46043442634982362  0.47122030615151650  0.48191641542962094  0.49268911195338488
  0.50330095780871087  0.51358875584226005  0.52335892571366049  0.53276255144409501
  0.54236722812260418  0.55242772364495241  0.56285083518040668  0.57404446659642816
  0.58554617688318600  0.59783282807196836  0.60995714881254548  0.62155832688469392
  0.63244757556872866  0.64238108700347063  0.65273414631246929  0.66379445295514572
  0.67556439731635243  0.68696948909389077  0.69802201652898999  0.70904537107591314
  0.72096571159278655  0.73259917246134465  0.74441922712685071  0.75536443142487675
  0.76508503299102171  0.77460801442121097  0.78411756990014525  0.79424138368859176
  0.80433263284475864  0.81476679704021715  0.82624323225444019  0.83705672116593310
  0.84728070448674342  0.85810116396461733  0.87014902185372667  0.88255929967393121
  0.89453773736126330  0.90590150435604189  0.91591362609793647  0.92534621396796801
  0.93477906762725627  0.94457676207663188  0.95436254582340208  0.96370766750786330
  0.97297274053017735  0.98228333117157762  0.99117555075328601  1.00000000000000000
 -0.00230637918690740  0.00898327870457061  0.01918962334482230  0.03028367429111096
  0.04122622041212338  0.05280467801144245  0.06441092172383481  0.07505508037922760
  0.08549414378305277  0.09572832884124541  0.10669304396923898  0.11703972529958137
  0.12670391236987952  0.13606697635299900  0.14537728208952175  0.15585685513180900
  0.16591470288654694  0.17572735761625896  0.18513398581754273  0.19556035798840757
  0.20611522017460551  0.21592791923323496  0.22527580752635748  0.23489653313375025
  0.24479458155759096  0.25462446037187630  0.26430518442211931  0.27401857691737830
  0.28386427736729752  0.29370317053933631  0.30362026044335072  0.31409684828426732
  0.32434921020999435  0.33462083365078410  0.34524339190154257  0.35618857408181487
  0.36734953793108088  0.37832200617605083  0.38920326841709257  0.39975792809407695
  0.40979395084746173  0.41984553042510309  0.43019779733838753  0.44083216047194795
  0.45130549106128826  0.46188794276543060  0.47290825993212632  0.48414494409030862
  0.49549712603467616  0.50699017782067290  0.51850413402300388  0.52962495309954183
  0.54072506821357302  0.55223404124753561  0.56399716414662548  0.57582013960303446
  0.58739005568097280  0.59770552255877241  0.60884142075093850  0.61932088294725796
  0.62909138505227402  0.63896520226490772  0.64917825198675816  0.65925244518673332
  0.66881263633206289  0.67795668117266017  0.68734116521927335  0.69654472656987221
  0.70577772424335561  0.71615886252330796  0.72746169995172494  0.73992635683087937
  0.75222521090680594  0.76357706957991311  0.77376344428230759  0.78335384418754739
  0.79299166434373047  0.80265602728794305  0.81245998314914158  0.82238455300761792
  0.83241896595339715  0.84318506664852322  0.85490683189711181  0.86704743149268837
  0.87842062216893735  0.88887256202720755  0.89920012989221243  0.90997430046134387
  0.92144808579178961  0.93230602807332397  0.94346538889211451  0.95379691457017979
  0.96378088374623472  0.97442493600374147  0.98635308847144287  1.00000000000000000
 -0.00227123358288599  0.00849634657982137  0.01857710040781546  0.02806247367722028
  0.03766572927729928  0.04766494979962504  0.05796581925343990  0.06853554602085137
  0.07883619111814069  0.08897946466415300  0.09943885872086043  0.11017579432390213
  0.12096178937082228  0.13153532969560941  0.14169855772163417  0.15215075235265008
  0.16289774779471175  0.17315383872134044  0.18287894326452278  0.19333302673312233
  0.20450670028462076  0.21527540520347252  0.22623741155970237  0.23687943268172276
  0.24760654375565525  0.25829194647014259  0.26939273131475755  0.28043423962192077
  0.29133125569022283  0.30155694449062498  0.31157931653525306  0.32194216607301440
  0.33269287487289889  0.34343843644020999  0.35361616154355940  0.36356381007748173
  0.37379980944869484  0.38445657220210855  0.39589866025087850  0.40786881214689663
  0.41946872890505127  0.43092524008329164  0.44181959393030873  0.45232283330016471
  0.46261525023537547  0.47264823466228156  0.48263397645042733  0.49234675816817519
  0.50200621035880399  0.51192509414817178  0.52262088547607155  0.53388847191373667
  0.54462601206966665  0.55486606469194910  0.56567490853904534  0.57795185901713142
  0.59097482487854502  0.60306779204172556  0.61520028020481221  0.62653483691712297
  0.63681131496288756  0.64743138916237775  0.65781001889723489  0.66834461301008308
  0.67929073448428323  0.69084092345304637  0.70241093155407053  0.71339753791720473
  0.72390068109629713  0.73401031707549291  0.74377947039199332  0.75310207011300190
  0.76217522350679778  0.77118766313035803  0.78055902579411052  0.79011420398855725
  0.80061283783850146  0.81168764205718191  0.82299762176247726  0.83490146315593250
  0.84748035307678604  0.85965517103152778  0.87097258674243427  0.88189152356755340
  0.89264718250586561  0.90262191808916925  0.91227436509536275  0.92239927830883583
  0.93241140889113805  0.94168400598877733  0.95089018675512693  0.95956541538147422
  0.96886140638902629  0.97846480549991166  0.98858723344426136  1.00000000000000000
 -0.00290778267365391  0.01093680774301935  0.02207677527871286  0.03326508463334738
  0.04350214137501138  0.05413561631640234  0.06504499549408126  0.07652654115955834
  0.08847812382593406  0.10029716128453670  0.11131153379579700  0.12133642614429491
  0.13090676897449471  0.14063421917588975  0.15086884965643899  0.16164868934707782
  0.17240024783682537  0.18352062340070516  0.19484205128913526  0.20692427757217127
  0.21910453222482498  0.23063236792627245  0.24211516224369004  0.25364072641617574
  0.26500168761641024  0.27637696298409614  0.28719831991844441  0.29770645354200559
  0.30831002931349927  0.31897374796763456  0.32926982521744830  0.33909384247152591
  0.34860788530093090  0.35769978538447855  0.36656317088406681  0.37576075525434854
  0.38498920665914782  0.39409462193003314  0.40344405989234733  0.41301874602400357
  0.42272727876385607  0.43317797881972908  0.44391195500732633  0.45463286753181803
  0.46532399368660621  0.47621825840727039  0.48798974435454717  0.50050426013976013
  0.51351050667997611  0.52636315452742988  0.53847935090138443  0.54972642410766059
  0.56042465618678061  0.57086820897235580  0.58107478538648294  0.59056029827826972
  0.59966401953713366  0.60909355317030578  0.61846211146579833  0.62805509254252523
  0.63765558984348425  0.64781921374439244  0.65859997321989328  0.66947578707461575
  0.68028555075905339  0.69110450828610803  0.70180416822393132  0.71216772292766362
  0.72220386010334126  0.73196347211075152  0.74214145774062168  0.75291031291917576
  0.76340230169877288  0.77444404553505009  0.78645163811574537  0.79836274473899427
  0.80883398881529012  0.81828262739476920  0.82752300926293254  0.83698583102125734
  0.84646465796892267  0.85646324668580986  0.86727670524139688  0.87814678777909949
  0.88862643814427933  0.89907000978791152  0.90954859047347025  0.91977423359253940
  0.92926766083890966  0.93864126986566254  0.94967291887696526  0.96032682188364427
  0.97038710117437732  0.98003382695370922  0.98999210845672092  1.00000000000000000
   61.071292400204790       -1.0000000000000000     
 F F F F F F F F F F F F F F F F F F F F F F F F F F F F F F F F F F F F F F F F F F F F F F F F F F F F F F F F F F F F F F F F F F F F F F F F F F F F F F F F F F F F F F F F F F F F F F F F F F F F F F F F F F F F F F F F F F F F F F F F F F F F F F F F
  <DiscreteSampler_grid>
  grouped_processes
  1 # 1 for a reference and 2 for a running grid.
  10 # Attribute 'min_bin_probing_points' of the grid.
  1 # Attribute 'grid_mode' of the grid. 1=='default',2=='initialization'
  0.0000000000000000 # Attribute 'small_contrib_threshold' of the grid.
  0.5000000000000000 # Attribute 'damping_power' of the grid.
 # binID   n_entries weight   weight_sqr   abs_weight
    10   10   3.999025225558202E+013   4.048761975049836E+027   3.999025225558202E+013
  </DiscreteSampler_grid>
