 -0.00269703087044977  0.01017270315588157  0.02120054216572695  0.03009061186230645
  0.03913393119751530  0.04778763738828386  0.05645968538844227  0.06448712018131510
  0.07242293283394684  0.08075511445808246  0.08983452208812776  0.09926170048959418
  0.10866114763476822  0.11848982397024289  0.12886916710938029  0.14001079663641539
  0.15209902277705176  0.16463115456283622  0.17660744814319645  0.18796410324884488
  0.19927161291994139  0.21042036207905818  0.22117957607757541  0.23181840944673449
  0.24296428174340307  0.25473215185227144  0.26633287884141854  0.27716305928324908
  0.28811150089741039  0.29949507151273719  0.31157877936947542  0.32390766897844392
  0.33539544045557873  0.34638533972249119  0.35692947788297147  0.36703057897337915
  0.37704749423152339  0.38718219343308047  0.39758690928586193  0.40861680197739664
  0.41858110668324100  0.42938876734319603  0.43932228234248094  0.44944301844353718
  0.45953587381001176  0.46989539986890089  0.48035654354433760  0.49065237299552794
  0.50145961825801855  0.51382929178773229  0.52605507675880070  0.53727689490754782
  0.54793746589054371  0.55843775890994252  0.56908686509234474  0.57964436874047742
  0.59062426029664172  0.60190321702551752  0.61350400048896614  0.62481847867932649
  0.63580633894520366  0.64618098236998611  0.65592881296775141  0.66563537156488739
  0.67547892429790612  0.68490795668701399  0.69316512726327029  0.70156107293740844
  0.71062955126120753  0.72072611017377264  0.73066629602812616  0.73964035248913018
  0.74853861238716879  0.75872083172968308  0.76979117887325244  0.78177419537356829
  0.79401475183441272  0.80688477605167908  0.81842831568347085  0.82944291842196327
  0.83964848391454738  0.85032629760132783  0.86082235487554948  0.87123415794089087
  0.88197629621119245  0.89286672584899518  0.90423056500629861  0.91516131413485047
  0.92843584896328668  0.93970743594094797  0.95035990917919122  0.96096452221024864
  0.97106380429591876  0.98058776155853200  0.98986543324180654  1.00000000000000000
 -0.00106856848509811  0.00688498897142538  0.01550070278119850  0.02472661788370574
  0.03469022850084887  0.04533330114958996  0.05555678712747017  0.06556292986228221
  0.07560079305435582  0.08509556825325490  0.09527701981171971  0.10521599576421560
  0.11535399284633784  0.12520305306431431  0.13599611003496456  0.14585390343948451
  0.15506827722735575  0.16415476784332972  0.17361202611355225  0.18316290766576926
  0.19233909426860804  0.20134008791559049  0.21110862570682415  0.22063866021173312
  0.23001082575041951  0.23948403209338184  0.24936993617576159  0.25997932960524361
  0.27015732126003239  0.27913198494650521  0.28783840701866803  0.29701405159554689
  0.30682431533784776  0.31683157807220647  0.32709425604420961  0.33811647684186052
  0.34979368679602846  0.36100169086838169  0.37162068379704283  0.38169268567211800
  0.39163699522552242  0.40160771544331714  0.41168826118796320  0.42191370343805334
  0.43255426190715390  0.44379796213885514  0.45486254588534208  0.46482458638627328
  0.47423563234483557  0.48378332997837731  0.49322556839148451  0.50282749366259893
  0.51222098554249984  0.52159346813421070  0.53107831214718437  0.54127600637824103
  0.55211543336983648  0.56326218559712893  0.57488258575156392  0.58727859934587545
  0.60023060251128557  0.61258465578082999  0.62430467019498459  0.63536302157681668
  0.64569128211387128  0.65555400337688452  0.66548385541501398  0.67569413651612009
  0.68611394888869714  0.69667450590516111  0.70873097101756533  0.71991724906880983
  0.73045485655538145  0.74059018465341742  0.75121687425007011  0.76181265208776017
  0.77294010420984227  0.78409626875103056  0.79523012358997669  0.80589085810486594
  0.81667774895345391  0.82868533261941435  0.84162187063832139  0.85486459347409649
  0.86694756419911068  0.87800617733932274  0.88892752428676403  0.90003600656585903
  0.91148312998726044  0.92277410525706050  0.93382174149960318  0.94520376041840404
  0.95682825138572614  0.96882911136056449  0.98265129476923652  1.00000000000000000
 -0.00848823817935877  0.01970424402286442  0.04331594846471441  0.06723039444800810
  0.09057637952976644  0.11311699007817363  0.13346740256725925  0.15294729727388778
  0.17270322886598435  0.19226220383054679  0.21159715591192763  0.23318179878047263
  0.25520122207534313  0.27679388870284605  0.29842825324978700  0.32013760099135513
  0.34208399493564340  0.36417920600955711  0.38660419896000897  0.40903735174924616
  0.43135529213951140  0.45372972215707380  0.47615971765611664  0.49830899788192412
  0.52044704595374003  0.54319543749635602  0.56621324775009829  0.58979244737988945
  0.61402319729455235  0.63879093884459881  0.65507799453844040  0.67066768691987433
  0.68785588293230360  0.69007815749114154  0.69142733858577543  0.69440080439025653
  0.69927400180035337  0.70406422994995055  0.70888003998965676  0.71367315761217454
  0.71841761674721416  0.72311109343143465  0.72783838915959087  0.73268873679096713
  0.73757780564435660  0.74240570005368212  0.74716811763839974  0.75197193842414067
  0.75680071479701227  0.76162373014758766  0.76645431258536922  0.77135801743804178
  0.77626608959601195  0.78118470720029942  0.78613755409155994  0.79117896170894275
  0.79618948959119540  0.80118798028150440  0.80619308539831047  0.81120703349246026
  0.81627410291187597  0.82138094969977127  0.82643190500168928  0.83139094610508013
  0.83633800912084133  0.84138053886795361  0.84643492845010482  0.85149047505568387
  0.85665594499313258  0.86184649382850664  0.86699579268890747  0.87213788509398804
  0.87731285947747206  0.88246246859647481  0.88765004967426808  0.89285512169873316
  0.89796382702179345  0.90304514966243732  0.90816293631414324  0.91334901343758135
  0.91866923051649996  0.92403175934194870  0.92934061551141767  0.93463636002063388
  0.93999694543787948  0.94530361179069200  0.95062744706919333  0.95602109548168068
  0.96143326089702041  0.96676436814972122  0.97223933933088258  0.97776231148110893
  0.98328039387181254  0.98885150175187875  0.99446357654602457  1.00000000000000000
 -0.00224159959109520  0.00910114474331690  0.01839353041584458  0.02862788630503094
  0.03910552921675807  0.04961671486167600  0.05992974217942418  0.07075926327304335
  0.08306154141929592  0.09369541416943218  0.10495110105825495  0.11640857206268991
  0.12679943169155117  0.13651749632346138  0.14611146027024483  0.15580184662477328
  0.16564842586195003  0.17545774164220374  0.18542869226485550  0.19594029230763055
  0.20694380583204905  0.21751224970942337  0.22779872775682902  0.23834734822615750
  0.24819808184080622  0.25834317202443918  0.26804236874600934  0.27898605124995274
  0.29040790660131166  0.30167823085369727  0.31274750442277055  0.32319729895426969
  0.33346716204857751  0.34389057541603857  0.35434627503046690  0.36458723518411740
  0.37448788130490818  0.38425224179040174  0.39416098687521689  0.40465364378599566
  0.41572238673336082  0.42695263697810526  0.43745511618457011  0.44730672738631072
  0.45744133558220207  0.46776405402851512  0.47742339557061070  0.48686332819566941
  0.49642720123726636  0.50629045325522593  0.51622423541367235  0.52614190355137980
  0.53603879204161753  0.54585720809178784  0.55595702500496236  0.56630043768903349
  0.57625013845915607  0.58611009675001591  0.59618515880865119  0.60683546196643279
  0.61806525929051037  0.62905428691702947  0.63986103485012891  0.65073517931156744
  0.66153048281123727  0.67240006695550747  0.68390733321806385  0.69559859522847201
  0.70739419940601400  0.71894476834150511  0.72987488788973565  0.73963556008922982
  0.74943950895055822  0.75984417895954948  0.76984355132698956  0.77930796045219775
  0.78943836004994716  0.80166565825970471  0.81429785487756023  0.82543684991968191
  0.83579097906233912  0.84609432986801525  0.85614727176404948  0.86609387254086745
  0.87617268489683342  0.88649774394086522  0.89656891281482831  0.90670287796954996
  0.91732649172715364  0.92836835019859143  0.93951898259229882  0.95160554035961209
  0.96420513511690065  0.97659409537211683  0.98861555165831905  1.00000000000000000
 -0.00226248357075837  0.00905956821030884  0.01812343871195105  0.02821124505695728
  0.03812734445326973  0.04848653439330473  0.05906428276468032  0.07165562969924731
  0.08381083865284038  0.09405311871469572  0.10372049895585590  0.11323592635724707
  0.12310696873217986  0.13321082897439360  0.14309297578936600  0.15256444385255205
  0.16165739124342746  0.17086267397923979  0.18018894579959444  0.18980447873687717
  0.19938198996959336  0.20914118036123802  0.21840043385894126  0.22720031121758344
  0.23633523375824300  0.24560697870421827  0.25500992167335629  0.26421094898383207
  0.27369088919426465  0.28661392866009966  0.29906612743546773  0.31145363705004464
  0.32381162644651940  0.33580343012131819  0.34800895178394470  0.35914661032825262
  0.36963732766723550  0.38002239961983530  0.39081236749829334  0.40173345187828957
  0.41161134240804553  0.42153818084583866  0.43138653909327562  0.44200526920536770
  0.45265584140536080  0.46385642584813619  0.47518746947574964  0.48679808149825254
  0.49842913623284335  0.51024796612703138  0.52149648044939323  0.53202549338294636
  0.54285810804564005  0.55403837714339177  0.56523536400307628  0.57666463782426547
  0.58815257921421005  0.59900924851797743  0.60858870262793541  0.61726436700532827
  0.62572636452174391  0.63386592519325524  0.64212082037501594  0.65118122516260124
  0.66091918127367133  0.67028364177125832  0.67974467357648916  0.68945056782564285
  0.70047339633380967  0.71250442400804037  0.72477932277894164  0.73661326886774536
  0.74814602893726456  0.76004572677137128  0.77134280268747857  0.78124529439287616
  0.79106575776683008  0.80196089800537596  0.81353687541916864  0.82574011619564580
  0.83784941585381256  0.85031254517914712  0.86131216669963195  0.87158678450712157
  0.88163467035878318  0.89115824274998401  0.90065161814575789  0.91012916625024765
  0.91998683739815301  0.93044317564182455  0.94141436335107254  0.95294868601447358
  0.96504442035499782  0.97725202264493960  0.98878405766760813  1.00000000000000000
 -0.00207912346765852  0.00802079055585441  0.01745149753889843  0.02717349702766981
  0.03733039877956977  0.04710761582057813  0.05636619859967038  0.06570152248748380
  0.07511749645958510  0.08454091220144500  0.09443762493740381  0.10508302907606110
  0.11622594872354648  0.12741942888418967  0.13871498457455661  0.15022698514628241
  0.16143452845535128  0.17256441516103990  0.18374717260502588  0.19543409920060537
  0.20721098734377386  0.21865295374865565  0.22967571526593050  0.24043465906892725
  0.25087013878006537  0.26095494214567760  0.27158145483489082  0.28337576959027533
  0.29435495822435098  0.30440378509645233  0.31433007087560921  0.32448770786438524
  0.33468009366252982  0.34471504793870911  0.35514959604938656  0.36624762922429183
  0.37874228214102995  0.39186941190077712  0.40399231046187656  0.41481145226527227
  0.42499625245400169  0.43516461746866925  0.44572087316840514  0.45635798377041842
  0.46633163058178889  0.47525514968216415  0.48417494024936975  0.49354423911340584
  0.50326294032268304  0.51321851494155701  0.52417047063881583  0.53637345543356496
  0.54799121382817217  0.55880459302756913  0.56928013609467454  0.57954928646540094
  0.59100188350169114  0.60284428663085832  0.61559634223988791  0.62738266658468456
  0.63762669739171463  0.64729476552698573  0.65656358994587760  0.66582997119932319
  0.67494596229218551  0.68394995030563632  0.69341137090962413  0.70326866827412227
  0.71390322264447414  0.72478821924387415  0.73536228405289128  0.74599513815781104
  0.75655350928491127  0.76686123963904174  0.77710758753986420  0.78726809332896586
  0.79747167730613278  0.80757504618609699  0.81706306979081655  0.82638788839743882
  0.83574277202478142  0.84487968283190984  0.85418458558893340  0.86370454931702867
  0.87346356102993628  0.88470072536301270  0.89636879548669213  0.90894094802837222
  0.92186633851565392  0.93424447344713213  0.94536555604510475  0.95575575111098598
  0.96651591360478117  0.97765598441880586  0.98912884393114275  1.00000000000000000
 -0.00370657221810927  0.01291714258498383  0.02531427905728181  0.03745303031031994
  0.04822551027781669  0.05802663250606427  0.06743705802967796  0.07660833956149508
  0.08597854638502307  0.09554071710519850  0.10554556308502210  0.11648048020488144
  0.12757219750856849  0.13854332577110051  0.14955760612396207  0.16077944841236369
  0.17189537321254936  0.18239015716974155  0.19235922547319675  0.20182404349023783
  0.21085768508258793  0.21971729477700672  0.22895949643289132  0.23946004206419044
  0.24978973173927652  0.26062999850840690  0.27073879067813711  0.28258420790056182
  0.29362172831515926  0.30428524952496389  0.31484622397587853  0.32506472575647333
  0.33508962119237468  0.34480925763891340  0.35451903747920349  0.36537469058216965
  0.37610757995766647  0.38740171699794229  0.39918764909807436  0.41166677527184686
  0.42401000006028766  0.43543504703719038  0.44613285401354852  0.45649299498316714
  0.46690375255414901  0.47772904288740536  0.48916602386689739  0.50036887637001559
  0.51113496233878164  0.52138004989300701  0.53151942317388579  0.54150750144851201
  0.55101001209375922  0.56040210400116841  0.56981856133498165  0.57916770165220377
  0.58840751350469545  0.59802086466586324  0.60785056633864820  0.61824695224261594
  0.62819470716220360  0.63801999316478675  0.64872233799222734  0.66069019181509514
  0.67260011689423405  0.68362754635218193  0.69457521448398973  0.70474461947387257
  0.71533861380423058  0.72593560077014063  0.73552266865262950  0.74535007964630051
  0.75548714186750210  0.76549132011536947  0.77524888876983733  0.78504475683451835
  0.79565635749574459  0.80708608225341849  0.81870138132535486  0.83043793929492760
  0.84269411378663606  0.85455858609792534  0.86403906524052509  0.87369661152631450
  0.88318527316631601  0.89312637291345809  0.90286725280049207  0.91314639438726009
  0.92280933589784397  0.93281342777661647  0.94299210469188566  0.95361881571713580
  0.96496913386457028  0.97649695342341702  0.98847839443301666  1.00000000000000000
 -0.00294146834249367  0.00987745965316154  0.02189081888378419  0.03376060901928005
  0.04570361384365552  0.05702026220263086  0.06753700421763935  0.07771731901465492
  0.08823757891351949  0.09884468317280137  0.10878096523834470  0.11828311737173663
  0.12766704860407543  0.13657247930752814  0.14511243924383602  0.15339366968665902
  0.16199267804424919  0.17126175778879835  0.18060381623710492  0.19002869075646323
  0.19984845331313061  0.21051936881619815  0.22065425496234442  0.23108858485191086
  0.24180378382433759  0.25224584953833373  0.26270076849513380  0.27353172691917776
  0.28619507119969362  0.29833372403751951  0.30920440329143151  0.32032673644568410
  0.33127934369541329  0.34253912775150103  0.35382707389435730  0.36535285853701532
  0.37666632587331278  0.38776487384644159  0.39814066021829542  0.40750547333092874
  0.41678501290783820  0.42630611374216199  0.43629919264247230  0.44654476002741922
  0.45640687168543603  0.46706395211508189  0.47793724694533091  0.48893919198182556
  0.49970415431170756  0.51011911766749651  0.52052822399843657  0.53132536455506241
  0.54208210019862668  0.55222674190354393  0.56244557530257344  0.57400242706141269
  0.58586749736220645  0.59624985835653321  0.60724834939193151  0.61866227958244968
  0.62981032295052430  0.64046878224584725  0.65071794786632342  0.66254209781605378
  0.67298752635367676  0.68345413038300040  0.69425942099080995  0.70510947444145688
  0.71668407561790826  0.72798410926543444  0.73965431189741060  0.75096215420076617
  0.76114052407544341  0.77159925883289071  0.78212321903331827  0.79244372885028835
  0.80195517500149771  0.81111417940883246  0.82063664573987827  0.83090968494185280
  0.84149084672659391  0.85236717970906584  0.86383785110822275  0.87600021835666952
  0.88846316053016461  0.90086935588181150  0.91300510790948430  0.92274665264026057
  0.93182793386182150  0.94134845625672225  0.95098095079474487  0.96020938995348593
  0.96924510753931625  0.97836658295991430  0.98907393046559966  1.00000000000000000
   60.967813859699412       -1.0000000000000000     
 F F F F F F F F F F F F F F F F F F F F F F F F F F F F F F F F F F F F F F F F F F F F F F F F F F F F F F F F F F F F F F F F F F F F F F F F F F F F F F F F F F F F F F F F F F F F F F F F F F F F F F F F F F F F F F F F F F F F F F F F F F F F F F F F
  <DiscreteSampler_grid>
  grouped_processes
  1 # 1 for a reference and 2 for a running grid.
  10 # Attribute 'min_bin_probing_points' of the grid.
  1 # Attribute 'grid_mode' of the grid. 1=='default',2=='initialization'
  0.0000000000000000 # Attribute 'small_contrib_threshold' of the grid.
  0.5000000000000000 # Attribute 'damping_power' of the grid.
 # binID   n_entries weight   weight_sqr   abs_weight
    10   10   3.802582953997122E+013   3.581538885577230E+027   3.802582953997122E+013
  </DiscreteSampler_grid>
