 -0.00181046106368742  0.00797613496939052  0.01651962184682891  0.02531167389227627
  0.03477106611070086  0.04493661427274653  0.05591879752770083  0.06757341082357585
  0.08102166081151733  0.09315281249964300  0.10443578238738198  0.11305262906310133
  0.12192308936484302  0.13125611787685537  0.14086232715321054  0.15001349428450630
  0.15867007429695065  0.16785741666463530  0.17806593592520870  0.18846989540816672
  0.19996637908762460  0.21106117804360408  0.22159819349674603  0.23185751314321459
  0.24243674462803824  0.25307312707445218  0.26330171356513948  0.27366455931420525
  0.28433915237641338  0.29530655116264293  0.30605949431742169  0.31656360620598295
  0.32727642206553020  0.33786466429039702  0.34799529829002607  0.35777199567668444
  0.36725396052152115  0.37735871275589133  0.38734275043804400  0.39854586365121469
  0.41056176568293518  0.42099037898053249  0.43002313417443133  0.43938575712434719
  0.44871027694626880  0.45882054206021711  0.46845430397352017  0.47809109456519339
  0.48835185919313495  0.49856866738002797  0.50845399441967076  0.51814426169251515
  0.52841445006879617  0.53915065247662775  0.55015491882047041  0.56216359714134634
  0.57497254864328917  0.58816736163863703  0.59987543741261340  0.61050801127585430
  0.62070151544398278  0.63120300280438901  0.64176203306145185  0.65171362207756045
  0.66124132219947662  0.67075722817790673  0.68066006840941484  0.69098509236338113
  0.70150311121003794  0.71193629742534603  0.72230715495908282  0.73251365791019329
  0.74209783571777899  0.75167340490643630  0.76153920016707088  0.77134660347072104
  0.78128091132107191  0.79125551071533429  0.80213962172892384  0.81282534130099637
  0.82314044695066135  0.83396193313529987  0.84544939630417171  0.85713700966781314
  0.86875404659759869  0.88083748950718288  0.89361753283073386  0.90636054526683596
  0.91894514526012450  0.93163762127656446  0.94387815882925119  0.95638251960695597
  0.96722395593376043  0.97788019293798889  0.98835200574817395  1.00000000000000000
 -0.00054697017723483  0.00616648178128250  0.01285186737409443  0.02042395120623636
  0.02905131918996597  0.03795218755562194  0.04690762027354601  0.05578974109784685
  0.06469915575626971  0.07398652232565285  0.08362371254959595  0.09384166571319265
  0.10452927237803707  0.11535195336069518  0.12618854028554630  0.13775314991062976
  0.14861855293901727  0.15878601188565378  0.16924893122015475  0.18037116427099426
  0.19085637637793251  0.20035372759464556  0.21032494773065835  0.22079323226345368
  0.23113272730470633  0.24054262552592492  0.25042294311452190  0.26127549606810790
  0.27319875021041301  0.28526316831876247  0.29669768383321798  0.30743756070497102
  0.31806662695132126  0.32887596718647971  0.34008782978670893  0.35122973883857300
  0.36313570862882771  0.37502990601429470  0.38633042559303660  0.39700496000646612
  0.40685339995215014  0.41641922153191396  0.42609864067740039  0.43611200984434312
  0.44641845886601206  0.45694883483432447  0.46809573561851175  0.47929246594918573
  0.49000351889972027  0.50057419778472434  0.51116881261383718  0.52208034680840187
  0.53308950417267165  0.54426879748305179  0.55534538886108598  0.56578555712718681
  0.57556927217401321  0.58485341649952638  0.59364653947200352  0.60232594746321244
  0.61122778390414467  0.62009329057947582  0.62951635604592882  0.63963321743602797
  0.64994628074669403  0.66021608669565524  0.67046928056594912  0.68075904648604424
  0.69107214349213897  0.70013945726075910  0.70958080671158452  0.72052481379051159
  0.73188849759887020  0.74354335488673018  0.75482227198090834  0.76571303219359466
  0.77612009495334378  0.78647129263538718  0.79680810995084672  0.80738665395277065
  0.81881346463734739  0.83086661041319920  0.84293773151005280  0.85524158295926622
  0.86767381340301486  0.87959362536573660  0.89078468143639045  0.90155659837967228
  0.91249292283480066  0.92339616343688946  0.93433064961095713  0.94567298288162471
  0.95713499854566131  0.96881955198370340  0.98272361144343745  1.00000000000000000
 -0.00818780828549001  0.01884355363109113  0.04182160517717055  0.06500564107522720
  0.08822079233944603  0.11148359231016351  0.13217275367943274  0.15160065438282239
  0.17149266799002005  0.19126962599719771  0.21089125876371156  0.23173139075545060
  0.25301822431800569  0.27542063350760931  0.29764787924581348  0.31959459929099077
  0.34143165151995331  0.36320087976119053  0.38507128027073195  0.40696417538041357
  0.42889615214604093  0.45095457479962531  0.47331787362150884  0.49584535078966963
  0.51852769287626699  0.54102507603811822  0.56345656725103110  0.58918023696119326
  0.61534066343568183  0.64348055474106758  0.66801124834656256  0.68567339847420228
  0.68937913906125670  0.69100338577736065  0.69328739535443440  0.69788453852400156
  0.70254985490048849  0.70722235450560611  0.71192700804016840  0.71662960780150486
  0.72131261959152737  0.72597414539093386  0.73073972668091536  0.73549279380898447
  0.74021807763864356  0.74494028662770850  0.74970076750026071  0.75448940399782727
  0.75928764522588610  0.76417371464972250  0.76914487709525614  0.77406285419477661
  0.77890788838747749  0.78382862541888709  0.78879654542250166  0.79370525146084414
  0.79863595649642705  0.80352186927781855  0.80843753173417299  0.81342973610016056
  0.81835718969155846  0.82327625270665894  0.82828138030267751  0.83335023383242446
  0.83847717255265231  0.84362520627043602  0.84872118938880303  0.85377610783798663
  0.85883044074376824  0.86391898086182684  0.86904659785265248  0.87417872404237140
  0.87933205908166145  0.88452152421172636  0.88969399053783715  0.89482695904099463
  0.89990450413915668  0.90496939284524491  0.91009232802340945  0.91528531323764750
  0.92051701253404106  0.92580031286092501  0.93107588895237658  0.93631369898167061
  0.94158730225138332  0.94693033877610189  0.95224027359201457  0.95752303387091253
  0.96276784781661351  0.96797249648677408  0.97322046071984469  0.97856218272348094
  0.98392028831469447  0.98926363665336881  0.99462601290991837  1.00000000000000000
 -0.00262095198624686  0.00990189999408304  0.02108994762044565  0.03070611119823526
  0.04127675856566392  0.05148665137319607  0.06193263969193909  0.07169651940284903
  0.08139032663345534  0.09126784673340867  0.10101773984697536  0.11054452510814033
  0.12000393297746630  0.12984860801152018  0.14022745649405410  0.15077213717788324
  0.16152883102902166  0.17227416452189476  0.18305127789505049  0.19409704917286250
  0.20555770473172386  0.21780944065115071  0.23112409743500553  0.24453782088033257
  0.25683934959432642  0.26989789993247620  0.28277123901929296  0.29515919836947507
  0.30669221408636932  0.31738555355433562  0.32831992590544207  0.33877961916159938
  0.34822183519081212  0.35782028273840860  0.36737628968437613  0.37796993489950814
  0.38893717800397182  0.40004633817474522  0.41017674009477167  0.42043369128025365
  0.43083500536034380  0.44063760900786486  0.45011036814117722  0.45936043154691947
  0.46935197679082885  0.48006121502952753  0.48988215117590100  0.49946882289737377
  0.50918914090682244  0.51929176710682423  0.52981358203890094  0.54079194427587685
  0.55203885311195489  0.56292121546952401  0.57316822266919609  0.58286325166143771
  0.59218464458482256  0.60106737265677379  0.60981911668781041  0.61871272094549568
  0.62796178003891046  0.63747631596131304  0.64712680009064749  0.65688011207324326
  0.66711437457911760  0.67798967310266500  0.68890219832501620  0.69911141103099161
  0.70957673890848538  0.72129345101902653  0.73307627700307820  0.74447696143298869
  0.75511946381554640  0.76544492201696224  0.77591543549430853  0.78648748753499265
  0.79698578609603821  0.80699378070507388  0.81730683905992318  0.82855942680338968
  0.84019473940207690  0.85236568214287856  0.86430222570610815  0.87592361237626182
  0.88685939146138248  0.89768344737545880  0.90794034689423120  0.91809378176554746
  0.92871079136741874  0.93935599300452710  0.94952181468155461  0.95934980225078292
  0.96901568352925360  0.97925556457492502  0.98960240524971610  1.00000000000000000
 -0.00405845048434894  0.01326291007380952  0.02724237653388750  0.04077264421540983
  0.05403969383547545  0.06723390816399533  0.07987449304990196  0.09088704244607439
  0.10128618419718721  0.11164426508989936  0.12185903546696145  0.13189017164305364
  0.14228500403689076  0.15454515653751200  0.16731236486330239  0.17834996738086620
  0.18815315523809525  0.19760152481549093  0.20728021554796947  0.21713046620595575
  0.22735376602689378  0.23793691767097866  0.24899558185167117  0.26089533264616255
  0.27268971093179345  0.28335827354483206  0.29360811850297625  0.30383600036564667
  0.31431125996379189  0.32449767712936145  0.33481316457586302  0.34538331181087001
  0.35628345672651868  0.36770531153666752  0.37884534166596540  0.38867895331896529
  0.39788923071578958  0.40734653680743826  0.41778745058478600  0.42896026126353315
  0.44095569950890118  0.45304321457341340  0.46479921787325695  0.47622632020510541
  0.48758961448319149  0.49886840210432881  0.50957670936721700  0.51990945602414074
  0.53004371396810190  0.54025987986210655  0.55035896810159257  0.55961169804626665
  0.56818015750404594  0.57633461813050157  0.58467514440225588  0.59329227543252583
  0.60198085760262376  0.61064699786994447  0.61994472116125388  0.62920379139260685
  0.63871813058419336  0.64755697453082939  0.65805678755991415  0.66854054555300146
  0.68010534834858827  0.69144704015082825  0.70288309187298115  0.71332345033040001
  0.72377970538110004  0.73383698674165543  0.74445159132994576  0.75489698524275617
  0.76511331646537595  0.77562259575769288  0.78558664655106281  0.79518590721607807
  0.80461333311418914  0.81401302906582074  0.82422863711964067  0.83504831661463363
  0.84617513692699087  0.85700451068263983  0.86669004944424644  0.87677760156375428
  0.88735699323711081  0.89821341561279611  0.90916288113220500  0.92012916532698774
  0.93167429149660042  0.94260237442976136  0.95287595925704383  0.96241866385564967
  0.97160449866601573  0.98112311204714953  0.99036117024166126  1.00000000000000000
 -0.00189063780434533  0.00790160643341184  0.01642953674741750  0.02548945912715472
  0.03483206866877817  0.04430549395278353  0.05488297048251734  0.06556200471396967
  0.07649608972106073  0.08734085958575699  0.09711812859757880  0.10707626053973950
  0.11682280041223680  0.12656418062357877  0.13644550692932189  0.14661651972512232
  0.15701426701157073  0.16801652560100030  0.17849353083198508  0.18936835324542650
  0.20135068006733009  0.21236600605029593  0.22230844129313795  0.23252307507939790
  0.24267190431794908  0.25334636310933301  0.26343031990497523  0.27406591918400441
  0.28547160372894498  0.29562068516264234  0.30529636671455757  0.31483046778108559
  0.32558748644462693  0.33567772487307068  0.34638179530464847  0.35815263235077860
  0.37114708510561678  0.38212774360809704  0.39261362289588597  0.40296365831641723
  0.41341501683736359  0.42336942264315341  0.43277580238781349  0.44253525660981868
  0.45282041033269438  0.46330482647646976  0.47391125495265563  0.48481813053778450
  0.49608194047987136  0.50653277453478396  0.51664301200311957  0.52702249744664220
  0.53768351041836293  0.54820675773880378  0.55879640799226116  0.56984917833804560
  0.58210024315471798  0.59339572026013143  0.60474538739421990  0.61536727522729229
  0.62551526448050543  0.63570849326335077  0.64623436696898295  0.65719698416479588
  0.66860541610526003  0.68028464813078993  0.69156232265740081  0.70182138210530820
  0.71221674459957818  0.72292856647704706  0.73371379553565974  0.74407258114618979
  0.75438343341042891  0.76466616657455799  0.77483165264544651  0.78505608565888740
  0.79571957470909527  0.80699782054235392  0.81864783141941788  0.83004906591934280
  0.84065089144592009  0.85037652040261014  0.86077417160427050  0.87097839812575117
  0.88118178690282212  0.89114513130312789  0.90284810338226162  0.91516370858932417
  0.92630171781205384  0.93704309265029273  0.94795960562829662  0.95849487173710712
  0.96852816460986524  0.97855467520517947  0.98925878130092171  1.00000000000000000
 -0.00247013856576423  0.01008226675591790  0.02009266103303776  0.02934274374671713
  0.03846829000873062  0.04753387563309112  0.05616007837624928  0.06456467842373806
  0.07293675998152842  0.08158855062951906  0.09082189742244939  0.10064606637813112
  0.11146699541591798  0.12311693081513597  0.13467755430286263  0.14585540373497144
  0.15700697615249609  0.16775254815436286  0.17776379830159050  0.18784540408949479
  0.19797331847745445  0.20818658359865952  0.21838544788652325  0.22844088106031935
  0.23871153121362615  0.24941831285169874  0.26075884926431619  0.27285894765259527
  0.28521439663179354  0.29708319302595115  0.30860516806881111  0.31992232901794621
  0.33144548364210741  0.34289159893873383  0.35483772651090684  0.36596012332753119
  0.37677932487440180  0.38705371292288326  0.39709610983292637  0.40652450902593740
  0.41590707647745645  0.42665890516293881  0.43790527384856320  0.44990702544533967
  0.46140653617079447  0.47251393959442345  0.48344111194613987  0.49370666206817015
  0.50408207001962302  0.51356016300343821  0.52304209526854362  0.53231843423253788
  0.54199257514484955  0.55216040954172951  0.56218880530130955  0.57270355948505447
  0.58427233947944257  0.59679410827832080  0.60869135718867773  0.61905937404265676
  0.62923207892830202  0.64018706013273674  0.65210755326036829  0.66407770572495006
  0.67470945730475373  0.68440653457875200  0.69379041139371178  0.70301905951485077
  0.71258734464287166  0.72227106839558919  0.73256907413096473  0.74367398762603787
  0.75538273857590732  0.76918749389265417  0.78207428370061138  0.79510228428974072
  0.80793027338744849  0.81932915769328163  0.83010024209878042  0.84022446964363529
  0.84999882972472718  0.85961088111282269  0.86882861862766081  0.87780960558469023
  0.88626009283232998  0.89426431548967944  0.90219373029487759  0.91049607363550944
  0.91909295348667230  0.92867144086373532  0.93947384864140182  0.95181181862817266
  0.96463536250182824  0.97676816715694603  0.98843795740625495  1.00000000000000000
 -0.00187238726569258  0.00729936847934642  0.01539431091562928  0.02531049899486627
  0.03590187488859842  0.04691709754604417  0.05808530280103000  0.06914376422811802
  0.08010756449654449  0.09031635496862421  0.10012565270915166  0.11063703112737754
  0.12232604054278924  0.13412148011948272  0.14542711715675105  0.15657389258813820
  0.16808774150369477  0.18013735491015717  0.19249010731344773  0.20390385362472085
  0.21540705476593247  0.22689615239288771  0.23771835734238053  0.24811151763828609
  0.25824779939986947  0.26873766760205742  0.27927764546475131  0.28956408545617046
  0.29952398738091357  0.30948376894602514  0.31972523959131183  0.33036160715841084
  0.34067427848820797  0.35075594351351069  0.36093499988832040  0.37120980498011502
  0.38167603130297040  0.39162358182467855  0.40218062840344798  0.41296114018237273
  0.42400415687760412  0.43546747396118479  0.44693730488497607  0.45822534435305334
  0.46953132877817733  0.48093211938888603  0.49232235897947968  0.50378653025839049
  0.51516697186504257  0.52618868379166905  0.53675351084688572  0.54727717319868130
  0.55743926911372244  0.56757191204511415  0.57783359906670861  0.58872416846926245
  0.59970665392695199  0.61059113709996660  0.62101629686005511  0.63101668166778224
  0.64124045607878521  0.65198283359006548  0.66317146066573962  0.67394162362129273
  0.68434200801842826  0.69441303199958637  0.70407481757066048  0.71365882574796136
  0.72346114274462370  0.73315272359878203  0.74296821233317778  0.75315238178491806
  0.76351535167874862  0.77338413130886330  0.78295690573271182  0.79310285517770662
  0.80368970115148008  0.81421586481488362  0.82462544644571534  0.83541214672238473
  0.84597424938144161  0.85650501907873577  0.86742714103791163  0.87799816685122067
  0.88814763310884426  0.89833531548446066  0.90871454796431683  0.91856753790820445
  0.92805463447768322  0.93775469097735953  0.94769723066769052  0.95730187334133299
  0.96728968067909860  0.97758352307221608  0.98902592528875499  1.00000000000000000
   60.274900975238907       -1.0000000000000000     
 F F F F F F F F F F F F F F F F F F F F F F F F F F F F F F F F F F F F F F F F F F F F F F F F F F F F F F F F F F F F F F F F F F F F F F F F F F F F F F F F F F F F F F F F F F F F F F F F F F F F F F F F F F F F F F F F F F F F F F F F F F F F F F F F
  <DiscreteSampler_grid>
  grouped_processes
  1 # 1 for a reference and 2 for a running grid.
  10 # Attribute 'min_bin_probing_points' of the grid.
  1 # Attribute 'grid_mode' of the grid. 1=='default',2=='initialization'
  0.0000000000000000 # Attribute 'small_contrib_threshold' of the grid.
  0.5000000000000000 # Attribute 'damping_power' of the grid.
 # binID   n_entries weight   weight_sqr   abs_weight
    10   10   5.152065656511068E+013   5.640374409220188E+027   5.152065656511068E+013
  </DiscreteSampler_grid>
