 -0.00205580162813865  0.00857811696762310  0.01746185027236706  0.02720964432345493
  0.03811028042264486  0.04877818945882432  0.05942782506919485  0.07062274452349701
  0.08209908432361075  0.09328464873027599  0.10355655683543026  0.11535702064578807
  0.12723472072872824  0.13943199498926639  0.15102992001794274  0.16219996492224661
  0.17329080621512361  0.18432090056995576  0.19498961713683147  0.20563668087065698
  0.21684834095093067  0.22811842953939210  0.23855613223445507  0.24857749208800947
  0.25820380271475329  0.26807304514157948  0.27848071930438256  0.28891681730057073
  0.29857711177889873  0.30797362317597349  0.31725472882060585  0.32664822486577277
  0.33608568530452615  0.34524535814874185  0.35404252926052848  0.36384699274985760
  0.37416287366040840  0.38396660288568679  0.39379324125333365  0.40322957767040468
  0.41275454407413986  0.42253662092999428  0.43227174225273163  0.44132565460239204
  0.44989984185131832  0.45898509237396118  0.46850783272077651  0.47820575881116673
  0.48801482674735019  0.49836492886511724  0.50964034370368161  0.52121715845506977
  0.53290488016522253  0.54484401228449331  0.55676751983386230  0.56842046251179956
  0.57985595506990395  0.59040230578991271  0.60032375154164430  0.61007400148308810
  0.61951221804788814  0.62933396376200534  0.63912234615843788  0.64833442305717304
  0.65665735514473056  0.66531751927759264  0.67471715294695056  0.68502078338521721
  0.69509632212995609  0.70485442412224286  0.71485645524861308  0.72575723989774399
  0.73632408270003002  0.74779450109400736  0.75914265518539104  0.77062310624981578
  0.78135115198252747  0.79195220653204379  0.80178759894374685  0.81168445325519367
  0.82271476577393698  0.83463082174139502  0.84684231559811707  0.85901623434333962
  0.87059931322831430  0.88200443725042121  0.89340054579646344  0.90457106312925628
  0.91559632493454923  0.92698983902427845  0.93885502291169165  0.95090875125628294
  0.96325217618796388  0.97521342437913405  0.98754006976519426  1.00000000000000000
 -0.00015442751156175  0.00532743656504842  0.01161053339899792  0.01827359602964485
  0.02654980789078636  0.03496045498662916  0.04393047793405442  0.05471172640824956
  0.06657523277019625  0.07844624111953469  0.08921456489934344  0.09879650064658585
  0.10805192718590553  0.11759562144676673  0.12773746947968237  0.13834778245018539
  0.14939491746542380  0.16092250769753275  0.17242017539134305  0.18396313034143710
  0.19534508088030450  0.20701428153043566  0.21941149490660106  0.23056463941906902
  0.24115808265376726  0.25142521867990369  0.26178103323167529  0.27173568982402907
  0.28094444985815892  0.28991815975435947  0.29919749091195585  0.30879359410833512
  0.31915467997506664  0.32981364627369142  0.34107657255561519  0.35262008828433805
  0.36300740527306763  0.37277481963219233  0.38193864580867770  0.39067478418017743
  0.39969203325812364  0.40891137454485998  0.41848035049497712  0.42988034571305106
  0.44026904639593595  0.45325528404768439  0.46375454693934964  0.47466640532799720
  0.48463893478109338  0.49405159081941202  0.50340991938458934  0.51270627346504560
  0.52172722228118806  0.53131461995468898  0.54096961721079384  0.55166892583464400
  0.56251108962396990  0.57235092057049408  0.58277461864901803  0.59370938346094582
  0.60440597780100747  0.61488926925587728  0.62531609663822485  0.63563182784247663
  0.64570895119944649  0.65554152121138565  0.66550626213366260  0.67564973184389632
  0.68609565867646782  0.69633003953521466  0.70573211418598925  0.71506275834821476
  0.72471317987408423  0.73607635772988445  0.74839435560632139  0.75942509292186577
  0.76941642687800216  0.77915150362265151  0.78844849875728062  0.79737275746358971
  0.80642251746515858  0.81550690495729017  0.82666317186342220  0.83728452931501396
  0.84801334013058272  0.85856945670389939  0.86990790084934799  0.88198848560621745
  0.89478258450243175  0.90737665925517996  0.91978732807870756  0.93368549059785733
  0.94785726225625766  0.96282673739338820  0.98006982175076951  1.00000000000000000
 -0.00963371667045008 -0.00268735514649273  0.01003831153124217  0.03717545781473255
  0.06375749349533325  0.08980509026484219  0.11247458347448942  0.13339154335235043
  0.15401812778989327  0.17467511814926318  0.19551648978987318  0.21685633817227609
  0.23851590507761367  0.26041464959759825  0.28232818638980189  0.30424825140729872
  0.32587447499425559  0.34730173205961784  0.36881679862269390  0.39037122174847205
  0.41200450847814896  0.43377340712194395  0.45560654862092875  0.47734935747756069
  0.49908026768108837  0.52079324214125855  0.54346123594971429  0.56644020466212675
  0.58945858236025273  0.61289314791121285  0.63703566000208611  0.65412011660329494
  0.66938543742680079  0.68733463795572569  0.69013527047459877  0.69146105721249251
  0.69445107069876377  0.69946548033821054  0.70430507684576404  0.70914435419922095
  0.71392357083699709  0.71872470180484416  0.72355607987008075  0.72833498758921067
  0.73307693026611931  0.73792959244779532  0.74283542035554118  0.74772212084756773
  0.75263621485024279  0.75761901574527379  0.76270043907422080  0.76778840245461621
  0.77285969778309238  0.77795150591640105  0.78302861275468760  0.78809381280468516
  0.79315300015497803  0.79821322054824184  0.80328458830194172  0.80837683764384893
  0.81348653576023411  0.81861812418055557  0.82378802492524472  0.82900889274666467
  0.83428228920773984  0.83952833599115440  0.84473042390533293  0.84991387338537328
  0.85512873119566657  0.86030367430866828  0.86548092547604683  0.87066124202197592
  0.87592067019291853  0.88127498251366920  0.88665432234364849  0.89207715676046695
  0.89743028496207733  0.90268239920053839  0.90794779122520208  0.91329353159613857
  0.91860437691046104  0.92389321457230322  0.92920933042531173  0.93464271088440032
  0.94013022302459137  0.94559614695143457  0.95099112953189879  0.95640018247276903
  0.96189439111588992  0.96744097677577101  0.97293492418696670  0.97832518731043494
  0.98369068348896016  0.98912335394207196  0.99457485917083965  1.00000000000000000
 -0.00287048047839062  0.01086581101445342  0.02232463173502107  0.03373719264963228
  0.04491890651027609  0.05457650679108250  0.06440968542972075  0.07416707265356674
  0.08393018693950743  0.09371691060809043  0.10281402626979939  0.11283012234267675
  0.12292095384122990  0.13443836468843828  0.14642069883983588  0.15861052723869523
  0.17002025880286609  0.18076763572346963  0.19161999032797214  0.20258819713783927
  0.21329766894143459  0.22382861727612796  0.23462892234944333  0.24624498248323459
  0.25891512920457355  0.27130207990495930  0.28256591577151685  0.29358295719156530
  0.30450737063319272  0.31589021819221313  0.32766721289087541  0.34007001594431996
  0.35236757971651411  0.36344068914940614  0.37412025049910635  0.38493959909218389
  0.39553162400404990  0.40656301684897078  0.41770270487087618  0.42883441594253363
  0.43929043559284037  0.44903072490049789  0.45860029852934830  0.46829983066147091
  0.47847706943414625  0.48888941645558864  0.49988424985948116  0.51169351104671978
  0.52251899137202940  0.53249252311599138  0.54173237079702119  0.55103463728095647
  0.56061498494816020  0.57009536763587099  0.57959936215527985  0.58946997135549628
  0.60004387655484193  0.61051549781511860  0.62054655248734869  0.63030324814131966
  0.63988604366334345  0.64936948393540128  0.65869794132667114  0.66840700078594895
  0.67872194649083928  0.68912837482792666  0.69908533612119528  0.70888161763474533
  0.71896272729384214  0.72925467042958070  0.73944490722967260  0.74949251055583066
  0.75950463277953673  0.76962500506869858  0.77932439945814025  0.78957166433247294
  0.80024689921262004  0.81121239675284473  0.82195779779441491  0.83244786080721977
  0.84295527605961484  0.85356539779684226  0.86495674477029905  0.87657244707783610
  0.88682362519622249  0.89623217593313920  0.90544273032981082  0.91468963397968295
  0.92408996353306949  0.93406663412899638  0.94495597851757862  0.95620903601968466
  0.96689917871626774  0.97781282508685352  0.98873392304533980  1.00000000000000000
 -0.00284329391831773  0.00994898357267046  0.02071848384329886  0.03106521728046877
  0.04122043921135812  0.05203208615487411  0.06285631539795423  0.07358463111935849
  0.08432558335680557  0.09589330305564230  0.10746943770270637  0.11928358983384832
  0.12972517667457817  0.13954553219778371  0.14914559058648882  0.15841517609178107
  0.16788477670588958  0.17679198230586921  0.18517360996001292  0.19387966015309968
  0.20326408295512347  0.21317999569613938  0.22369931023438108  0.23401436402044151
  0.24369329902234768  0.25313284690551485  0.26287236708991751  0.27298702086283388
  0.28284271185709758  0.29263103037326327  0.30329456060006166  0.31513311156775842
  0.32790603860270551  0.34044605643114967  0.35225646130006083  0.36391463883727265
  0.37544956937886570  0.38689726997011620  0.39833676601958251  0.40869892475704001
  0.41859695691421112  0.42832785150646518  0.43768614752034329  0.44697873222377166
  0.45693298933162635  0.46785616150208814  0.47889550721988250  0.48993075444312240
  0.50149037121385998  0.51396584091154118  0.52653563600907738  0.53858786374268364
  0.54949512799805678  0.55966482417861296  0.56991687270732638  0.58023513680530714
  0.59050984023034669  0.60091219678815899  0.61170970582766560  0.62287821172332591
  0.63300453144097824  0.64314377163979730  0.65379833191513037  0.66519378411716690
  0.67721198644467129  0.68945633235528447  0.70162260115002373  0.71339805034502701
  0.72463988266027313  0.73542268663416743  0.74604755132924483  0.75639850777376416
  0.76634046467176675  0.77639279354976232  0.78677884943395127  0.79797057495551083
  0.80951121043605290  0.82094863186242995  0.83279472279254130  0.84426495594849271
  0.85630501651593149  0.86703794930482825  0.87770559202630405  0.88767012379379573
  0.89772378444457346  0.90787322492827072  0.91834349398455606  0.92918125482935643
  0.93975044948135789  0.94939747088284465  0.95867293700349987  0.96766807588152848
  0.97644433413095877  0.98453784848813941  0.99218471371291472  1.00000000000000000
 -0.00156501521244147  0.00765761516613571  0.01558625816541669  0.02420545773403638
  0.03295991050922198  0.04201296258331202  0.05196579085914308  0.06252257326788679
  0.07395752285982884  0.08541042661565418  0.09704545980976699  0.10927655006400251
  0.12161733810868360  0.13296055900747653  0.14331572063818446  0.15367374272627662
  0.16390962451667565  0.17382116021535415  0.18367300258183789  0.19382477047820654
  0.20462788971433862  0.21551491107458381  0.22633820846366864  0.23702253946417376
  0.24762295888427735  0.25805573316211716  0.26834116266109342  0.27901659391166789
  0.28968325104376336  0.30002775571154883  0.31010035955630971  0.32094391961805707
  0.33203830250946809  0.34300027004174788  0.35364476244111703  0.36344893962451119
  0.37314992341557413  0.38261267210994643  0.39200464453112682  0.40181787486947057
  0.41186336623531200  0.42342134693872580  0.43573826025398832  0.44728874324445062
  0.45782819152961368  0.46808381282850958  0.47797536999696255  0.48777024896779508
  0.49786026153913421  0.50805848421379374  0.51788966490081478  0.52734291309578429
  0.53704401368042043  0.54666184430866438  0.55599024192953028  0.56556085942817069
  0.57584092425676681  0.58572964641417713  0.59559310436322366  0.60560142671861827
  0.61595726062749212  0.62571580975034591  0.63556229737003467  0.64567710085559649
  0.65654744739894133  0.66773876685842293  0.67920774413186102  0.69049281530303563
  0.70175366795463856  0.71379233110551799  0.72653200048127586  0.73938991170509016
  0.75191425454955230  0.76408639122511168  0.77585709317107288  0.78793182036040044
  0.79890881548741544  0.80914706731049046  0.81968907783202105  0.83090111073836925
  0.84189946508759561  0.85195822551708023  0.86184896917635923  0.87150462976037146
  0.88122750644431580  0.89170471494226067  0.90254028024515476  0.91341626940303411
  0.92408904842386985  0.93478580815915258  0.94577732563335470  0.95577198001714336
  0.96719058759768695  0.97830036441355950  0.98927118815548709  1.00000000000000000
 -0.00333927891300901  0.01142480587252408  0.02269472350877741  0.03337683776885066
  0.04360853836921577  0.05381605686680482  0.06381995574436909  0.07359638758576798
  0.08384619140750744  0.09373298267230420  0.10381157687640832  0.11271791097551144
  0.12169675775321795  0.13067007577839093  0.13966275509442708  0.14848600675409898
  0.15742911582663072  0.16672430821167683  0.17679424591007484  0.18740085868907011
  0.19704675986152859  0.20602423131205397  0.21498785879900043  0.22459536841557939
  0.23434041786590562  0.24375823585609485  0.25310034428159045  0.26279522479390932
  0.27271507651067978  0.28262161395063623  0.29231256062507921  0.30212228239514455
  0.31271129806318948  0.32429929991975326  0.33585719827280086  0.34659561593264665
  0.35664218945493631  0.36651770249682791  0.37679605916756509  0.38770561048514846
  0.39809135180723859  0.40849237352796097  0.41841992051060445  0.42844168685885425
  0.43836660979355407  0.44831762430323463  0.45864264905875590  0.46919955437439037
  0.47978298926116331  0.49176784442981819  0.50374853883910264  0.51549102099951427
  0.52735176422110919  0.53942164489001387  0.55151925413939451  0.56364156399914345
  0.57587682614218150  0.58786322864199481  0.59962287112805723  0.61146967815940745
  0.62347875691684518  0.63642105771148183  0.65000891115299853  0.66333956776863923
  0.67432464515734003  0.68406098292790829  0.69359859848102323  0.70296880506793014
  0.71264411020319329  0.72211729675564962  0.73121340629444342  0.74189098795861030
  0.75211296515293513  0.76329340071209273  0.77527468747029626  0.78834002551842186
  0.80016903093793690  0.81139639762219029  0.82234642242982026  0.83313885406498900
  0.84322844124132801  0.85321134209148175  0.86381026691198393  0.87460324515592547
  0.88448538626702167  0.89448699823077993  0.90513506549173939  0.91597032975159842
  0.92685402003065465  0.93790780524783868  0.94956951187953698  0.96089661409870086
  0.97082199987018314  0.98066543281090857  0.99016214527175384  1.00000000000000000
 -0.00229838584189555  0.00915116268286380  0.01823043954167927  0.02718257132240764
  0.03657354433772101  0.04592913543568612  0.05541880323837214  0.06483589734274367
  0.07448065616473634  0.08442009532736093  0.09476194397916650  0.10485739329401617
  0.11480427568375444  0.12444350668619766  0.13437950538661333  0.14444632417869846
  0.15445917346654331  0.16441714093993465  0.17477405031055668  0.18599947402561964
  0.19860407570932678  0.21124377936665462  0.22344049792733525  0.23536553822429318
  0.24728311884298040  0.25840048563224643  0.26883470536190879  0.27893936838717814
  0.28877712209413697  0.29814756031333067  0.30706971305785458  0.31609607438743353
  0.32602615037260724  0.33603170382046915  0.34643675665330115  0.35711510282952086
  0.36830075449935074  0.37995422436042742  0.39236048543429103  0.40306079154668406
  0.41279364270466334  0.42225085889009734  0.43218230317699230  0.44226623175504010
  0.45249665313670767  0.46323748166390361  0.47477108042989191  0.48600211265099397
  0.49733821016389890  0.50902708782741102  0.52155479847935071  0.53196613153973993
  0.54308883152912846  0.55444774942468344  0.56559079774596444  0.57675893566421599
  0.58845020525512093  0.60156321609775243  0.61405221551462708  0.62671630604761008
  0.63919057224281595  0.65044093089508748  0.66046195112396233  0.67014832458567697
  0.67977858205978448  0.68972526031611348  0.69943331220051130  0.70932816188339420
  0.71957291648948984  0.73028677405292663  0.74185847398945681  0.75359450980019116
  0.76472281125017483  0.77536213531349685  0.78581883295635080  0.79654799851909541
  0.80811316388335086  0.82003237689543318  0.83156700868428168  0.84265781020974562
  0.85370979649432344  0.86479925456907580  0.87599893093350634  0.88749186633345345
  0.89859022940434030  0.90853534306509354  0.91806273214818668  0.92731890542426387
  0.93680811622647919  0.94639998988152518  0.95589705854049833  0.96488750931961820
  0.97365563054418036  0.98219983898083341  0.99103146772860651  1.00000000000000000
   62.401396996891343       -1.0000000000000000     
 F F F F F F F F F F F F F F F F F F F F F F F F F F F F F F F F F F F F F F F F F F F F F F F F F F F F F F F F F F F F F F F F F F F F F F F F F F F F F F F F F F F F F F F F F F F F F F F F F F F F F F F F F F F F F F F F F F F F F F F F F F F F F F F F
  <DiscreteSampler_grid>
  grouped_processes
  1 # 1 for a reference and 2 for a running grid.
  10 # Attribute 'min_bin_probing_points' of the grid.
  1 # Attribute 'grid_mode' of the grid. 1=='default',2=='initialization'
  0.0000000000000000 # Attribute 'small_contrib_threshold' of the grid.
  0.5000000000000000 # Attribute 'damping_power' of the grid.
 # binID   n_entries weight   weight_sqr   abs_weight
    10   10   3.534798271895116E+013   2.921656086581994E+027   3.534798271895116E+013
  </DiscreteSampler_grid>
