 -0.00226870011034619  0.00956591472393071  0.01832602005978020  0.02805064900825087
  0.03734805544773336  0.04732414088660283  0.05717563987385720  0.06757303041171267
  0.07850055610427738  0.08939726868139644  0.10003301272512952  0.11042732575319573
  0.12023489481894389  0.13009831828448165  0.14020497329563789  0.15069426307882133
  0.16156154039890236  0.17274434349036227  0.18391877728279335  0.19474518531105237
  0.20542049498420872  0.21653792294159638  0.22880610597140463  0.24073370154550366
  0.25205670393195767  0.26391060263479310  0.27426479064810322  0.28453345330372137
  0.29413979432109816  0.30359845147255099  0.31330330080216440  0.32267985714607073
  0.33185312089595831  0.34106418146927731  0.34965666085035385  0.35831609151557198
  0.36698221708661383  0.37668542910380320  0.38749259721171353  0.39942319360786133
  0.41183742589002709  0.42417521312530859  0.43620666493395643  0.44641115249878727
  0.45636612533872933  0.46736183010546334  0.47867874347666650  0.48972863832856117
  0.50068002503390063  0.51239159187769823  0.52348140645877383  0.53356995316592837
  0.54330760164405834  0.55287340994353074  0.56269673149467636  0.57299101247183637
  0.58385697080826982  0.59483055343007341  0.60607932395984532  0.61757406104574775
  0.62866794452809616  0.63933100257037845  0.65075659876607206  0.66259716713923278
  0.67349842361188939  0.68365761580761597  0.69392034041453965  0.70445783812094420
  0.71528659422820140  0.72584604063543090  0.73699380850640228  0.74819167860528979
  0.75862266075039220  0.76875233287893385  0.77844049418337757  0.78801118122230640
  0.79850092495506775  0.80862287221881113  0.81911292849188511  0.82945253830924681
  0.84023861658346988  0.85164627331036757  0.86197543199240634  0.87246011843401028
  0.88231379555702971  0.89223367869803150  0.90230422057962500  0.91238970440508305
  0.92325911076498157  0.93415508490438226  0.94552841240791519  0.95662237862888344
  0.96680547614348489  0.97734836160002314  0.98824671622900240  1.00000000000000000
 -0.00008697186555271  0.00555000532688366  0.01138167184601294  0.01780216551799765
  0.02497764933328852  0.03258366417310238  0.04054515746416976  0.04910032660316999
  0.05835826035666788  0.06766514824647316  0.07707062559533344  0.08593769267799900
  0.09507267648364223  0.10398478851173089  0.11377826129956431  0.12325662539279951
  0.13287717300210591  0.14259233194310195  0.15241380662562734  0.16222633261596947
  0.17214296831198436  0.18180762583816368  0.19117777318076495  0.20038852802886126
  0.20997077699183861  0.21988885382865658  0.22987268395987087  0.23986681986067379
  0.25042321908464998  0.26257020826001748  0.27542986640764183  0.28801030672996342
  0.30010391217521731  0.31085837114726012  0.32144349578485004  0.33210261051433970
  0.34336038685202913  0.35464936917311007  0.36643016063225498  0.37803932994010170
  0.38986088571718752  0.40137420376867772  0.41202744128988361  0.42315667985850353
  0.43409468836388859  0.44469583747254487  0.45552552868748497  0.46682448984798841
  0.47852919798755350  0.48811360379445162  0.49767837931522541  0.50774804207103241
  0.51769462045024961  0.52751800350270006  0.53731366164664340  0.54798770725273749
  0.55994316028670299  0.57209851624623898  0.58391685785432490  0.59545740689814719
  0.60626877879927377  0.61638448761107079  0.62686743277408441  0.63695646221720326
  0.64677393603472033  0.65664214497639206  0.66659325568572947  0.67749706965937651
  0.68818788907772865  0.69860919767394647  0.70904657068388388  0.71980619421292080
  0.73018332612160597  0.74001166490140624  0.75017106367372943  0.76125770208919907
  0.77283478306734921  0.78377690394677357  0.79529200183290594  0.80801481572484291
  0.82085893957964962  0.83319973022258820  0.84460521432751190  0.85572553262485496
  0.86680553542231353  0.87743387608468937  0.88760297798060095  0.89912608580868580
  0.91225818930875813  0.92472359330614518  0.93608598744564853  0.94768285747874614
  0.95932877353099788  0.97081643937878548  0.98393819552122441  1.00000000000000000
 -0.00811809161420168  0.01897723856669805  0.04221375345443858  0.06565691789910444
  0.08881667630863707  0.11158333719231824  0.13192827333840063  0.15141635155902505
  0.17138758682186217  0.19102163658275456  0.21033732641282066  0.23190514247772478
  0.25378799941172187  0.27565472692996912  0.29751984374495200  0.31938287129636794
  0.34136730740539667  0.36340318749313671  0.38536177411738209  0.40735486792851949
  0.42944099524890783  0.45142306979543079  0.47332804547707452  0.49519257136106032
  0.51707843976321477  0.53907410252116739  0.56165723410888957  0.58494476684970531
  0.60880714311058048  0.63293467227834632  0.65038016712406055  0.66701085156598350
  0.68221562127808211  0.68975013370839555  0.69096861961428158  0.69326865242694924
  0.69780643831084854  0.70258639293925251  0.70732369167585651  0.71203558895889207
  0.71677122926389092  0.72152042349947321  0.72624769900749453  0.73101230973740561
  0.73584862513885851  0.74074880479444216  0.74565804901181687  0.75055607393757651
  0.75545986972707913  0.76041185080376072  0.76534000818500569  0.77025674720006987
  0.77520007001244295  0.78017045332747492  0.78513339513645408  0.79012320303924433
  0.79515440872631349  0.80019694946302655  0.80526133036463710  0.81034302423195081
  0.81542008941242861  0.82050833080127283  0.82555915413923830  0.83066804297055885
  0.83578650964256318  0.84089614751264541  0.84606289778440558  0.85120236941314553
  0.85635365820074016  0.86159441752276045  0.86682499835611826  0.87198926040453828
  0.87720696402593412  0.88257278683223750  0.88785047725244870  0.89305284125043005
  0.89826368708141191  0.90348094952097879  0.90878585553567492  0.91408856064582988
  0.91938343492274865  0.92465936022148765  0.92990354541390696  0.93519640604174548
  0.94059965842453419  0.94602020070540871  0.95140494482092619  0.95674788989654047
  0.96203281001780760  0.96734369651545182  0.97276815406955008  0.97823777973394388
  0.98367720712382822  0.98913539211291757  0.99457451356599469  1.00000000000000000
 -0.00302803344391315  0.01026420247228444  0.02160742038477319  0.03286957893583695
  0.04422552736784688  0.05560075565541638  0.06666541618565992  0.07774035326245338
  0.08868025508058548  0.09925961399801123  0.10920479726139001  0.11923082631994444
  0.12903739253796162  0.13857531211143204  0.14857850626129079  0.15874568094216601
  0.16879953461626263  0.17856062619675397  0.18894890132167003  0.20055723715067636
  0.21271226659302056  0.22524257952299337  0.23780302607640738  0.24968996852218142
  0.26033590341411061  0.27025039487653507  0.28046874208600725  0.29115059073260241
  0.30159332623331297  0.31163941369225046  0.32161415539534388  0.33177091671425146
  0.34164516394352312  0.35067787622091101  0.35970181556122494  0.36929738589468286
  0.38023834548582125  0.39230696488204098  0.40522871302710090  0.41821763281228380
  0.42957488388630777  0.44031046438682153  0.45004039467261170  0.46022461384953683
  0.47001465598705350  0.48033417582237820  0.49012910244364832  0.49919479495182661
  0.50796276388308670  0.51689470581880193  0.52633014232892661  0.53562284375016966
  0.54553412833240866  0.55631863661213388  0.56760352571246087  0.58005497076104984
  0.58975329806292709  0.59961878595821405  0.61021282264579657  0.62134608098068267
  0.63144109862544895  0.64095054380241956  0.65082039330808539  0.66127473726378061
  0.67118737131072326  0.68111184026124982  0.69161927115908761  0.70392519093703299
  0.71589536902937645  0.72859404995670418  0.74167393172982565  0.75376451778650200
  0.76498458895537269  0.77565585748164567  0.78605842193926379  0.79588888530175195
  0.80544250370524462  0.81489965075669568  0.82447041721435266  0.83441434698846051
  0.84437853713638300  0.85409158947919661  0.86358411616124164  0.87285650989025365
  0.88342422111190244  0.89461503070932702  0.90647657321725672  0.91816938675061033
  0.92932366763975738  0.93976462184609122  0.94960287374238872  0.95951270707338376
  0.96922924155978296  0.97908739106292519  0.98942086069719826  1.00000000000000000
 -0.00209659621466707  0.00814015239805526  0.01740865102118364  0.02776478516819229
  0.03898737269370733  0.04914861190540084  0.05905714697158631  0.06894517780741458
  0.07863962103769372  0.08802522196110804  0.09761441034586799  0.10831608171229845
  0.11998623352926557  0.13191186208492503  0.14388232826281441  0.15609497899821762
  0.16768112510104252  0.17874787977855525  0.18949742448835480  0.20091126130592080
  0.21198636829650927  0.22244366194252105  0.23249458799562067  0.24280671182820607
  0.25351200768689341  0.26392706108318703  0.27463344548065949  0.28476713069213727
  0.29539165335133100  0.30643333929016775  0.31872259638514350  0.33145011557500659
  0.34301883602971484  0.35380442249343824  0.36424576567313149  0.37451365773720025
  0.38434191000850587  0.39418882208823736  0.40418255172057788  0.41416516608326615
  0.42401412969290075  0.43426668840694838  0.44544725207711616  0.45701331992091748
  0.46703824480104122  0.47684062598162841  0.48737834040699041  0.49859085587898588
  0.50903442338627836  0.51917752479902812  0.52938272755012583  0.53959369783949440
  0.54962469145935922  0.55944449435745880  0.56930471367636837  0.57907305477584325
  0.59060138285206110  0.60277539085421350  0.61451361762833556  0.62569180355574239
  0.63608405661335077  0.64610821504516469  0.65621890972109698  0.66679451889325403
  0.67762454415516160  0.68823592502841491  0.69882142260896263  0.70922292153756494
  0.71937002330445432  0.72904187739693016  0.73843770632443462  0.74802954847931613
  0.75789903291679106  0.76740368152229232  0.77685900161893739  0.78666821123215291
  0.79700404637072797  0.80819983118467553  0.81914652126887244  0.82983667152320018
  0.84083982096464904  0.85214657266260618  0.86397780843127259  0.87564095113878448
  0.88667773657491789  0.89715061502339044  0.90730491733997898  0.91798826408339629
  0.92927650697412223  0.94033903806312957  0.95007507053409546  0.95988322854331209
  0.97013724185830963  0.98033631390525577  0.99019925317913482  1.00000000000000000
 -0.00256951013134307  0.00991315599086098  0.01990391151555400  0.03011457291186919
  0.04083293222077455  0.05032613681248829  0.06014147972631480  0.06866926144768462
  0.07779245855250534  0.08703554116044081  0.09702012939941917  0.10685074923244765
  0.11669723126275049  0.12687888518337442  0.13707704102772436  0.14755504960639104
  0.15744498695421613  0.16747073932552506  0.17786391919880609  0.18879236482791348
  0.20005761992930490  0.21103412933143437  0.22127349313476219  0.23123866192624556
  0.24114947046751581  0.25087770682854205  0.26044429501943700  0.26988882998175817
  0.27981036809458421  0.29014865443043575  0.30065869308509324  0.31090228082385324
  0.32052355698177049  0.32991836489325582  0.33985573967162358  0.34996687052135111
  0.35989053408896277  0.36940855935501504  0.38012459615735605  0.39199666465578265
  0.40334057510697469  0.41432282430938472  0.42558376834344702  0.43695585478870508
  0.44806477641712833  0.45976270257429708  0.47239989466619586  0.48426601730759294
  0.49507414086029145  0.50534179328989548  0.51562346487722643  0.52568022205297382
  0.53556969181240910  0.54645350946844617  0.55812673592092732  0.56961968493910220
  0.58083852835989558  0.59206288143445152  0.60290680651073458  0.61311171109241447
  0.62322180335504540  0.63396366931347692  0.64520873715849281  0.65718298990287860
  0.66913950473282446  0.68106431842315629  0.69247768848565028  0.70356883707604578
  0.71452049621513680  0.72551272548382173  0.73706718341201316  0.74913368833707261
  0.76153255591836100  0.77299737271791802  0.78340595207522112  0.79333094620812195
  0.80302188118388018  0.81235243046063477  0.82181355521561295  0.83119213370188938
  0.84153215825905936  0.85250170294181904  0.86400326092603863  0.87583174887834192
  0.88754228209462882  0.89873335991729086  0.90974622837870078  0.92034773233509104
  0.93047301129343218  0.94050839189550262  0.95015501279366998  0.95969571450102620
  0.96926645469942108  0.97946804305770319  0.98988995003257840  1.00000000000000000
 -0.00313194571699083  0.01074398070604784  0.02334085243808878  0.03568224305272813
  0.04857529814381954  0.06177106001675716  0.07455355784446026  0.08623943283322370
  0.09635160930711766  0.10650399064366896  0.11673258074252241  0.12666942257115293
  0.13606300993139758  0.14554856289365400  0.15572337787143750  0.16563077156765660
  0.17522660960546338  0.18469633454782441  0.19433598535457167  0.20399409716412573
  0.21366983364622733  0.22496868790260727  0.23578231203918679  0.24707948478685371
  0.25651831265680886  0.26597787910898207  0.27529514190816068  0.28408229614528652
  0.29329488473381377  0.30340889670031845  0.31449313346823915  0.32622179199409096
  0.33795716903414763  0.34708487857085502  0.35775208870004005  0.36866723660474893
  0.37988038026973059  0.39022316720277739  0.40111814138982915  0.41343493887152505
  0.42426686049767925  0.43447327650412326  0.44394272010895147  0.45331285836822988
  0.46309413019269713  0.47297617015260690  0.48242420546647019  0.49123936534489598
  0.49994124202494261  0.50909831506779901  0.51844746057852109  0.52796785381454681
  0.53807402713578101  0.54941056541990263  0.56154284783851127  0.57374279847801357
  0.58646649970657183  0.59967568357570988  0.61171622099143297  0.62281894337168664
  0.63250890729835385  0.64197574795513024  0.65155182223537622  0.66165435258028915
  0.67141624439535275  0.68090387130372365  0.69068064860151224  0.70149987168951022
  0.71168500541630053  0.72162664913133412  0.73207829906999122  0.74374001612314777
  0.75579591601850193  0.76734592417296188  0.77919766704974280  0.79151365811600982
  0.80362258803910314  0.81584006410588139  0.82606282607223913  0.83636891920719836
  0.84675732709149831  0.85724594781528463  0.86700213014172667  0.87661465611824585
  0.88629746016581412  0.89623679056282191  0.90667913597884386  0.91758498814132594
  0.92833746210965773  0.93881164748638712  0.94947342183054739  0.95973234315405409
  0.96928313445619196  0.97900946031121627  0.98937054191788865  1.00000000000000000
 -0.00290368536314573  0.01046019534674302  0.02103132068666378  0.03207644831684282
  0.04256953031747891  0.05392010212254385  0.06440688960365733  0.07426715710416158
  0.08376148357737175  0.09298010401912955  0.10218211272755949  0.11161182990691393
  0.12149049084395901  0.13123866173474566  0.14061846524817792  0.14980054786414090
  0.15951752251649651  0.16919660887201404  0.17867445096584289  0.18829606407948904
  0.19901619346980420  0.21000530665358255  0.22101209001922942  0.23169557707489424
  0.24277230271275935  0.25384887605042528  0.26487538629860063  0.27497197409061813
  0.28441712444008926  0.29356036650534478  0.30311441414364154  0.31252995753726770
  0.32300475969921838  0.33224044801097857  0.34249409818513271  0.35240511715618211
  0.36419091215396143  0.37606876283498486  0.38789844113838867  0.39877621684880160
  0.40893041099159488  0.41832186599608628  0.42767249748784325  0.43721163405612062
  0.44776816727481272  0.45821674910228227  0.46880220786976906  0.47920159273859625
  0.48967545984505573  0.49975021586474472  0.50971648710626993  0.52037069255664237
  0.53168485335057947  0.54206029898745034  0.55127943509205735  0.56011924788840606
  0.56943041975421060  0.57952048015245616  0.58962234699123428  0.59958342675809440
  0.60981300891969858  0.62021736201491173  0.63001013101244052  0.63944033306672887
  0.64945571618782516  0.65989503672775474  0.67051713958175008  0.68130483557827148
  0.69256364519637992  0.70427201450178967  0.71579651569156344  0.72752654297684904
  0.73979462057020606  0.75222760054908477  0.76396618244476389  0.77429432174730661
  0.78380234159519113  0.79333346886047229  0.80345524958702152  0.81455458648568957
  0.82663237344570561  0.83892131697107852  0.85119962834081497  0.86242488608170287
  0.87355442585289922  0.88539466484555862  0.89780935063334255  0.91004645977800058
  0.92244039681483403  0.93420937514912894  0.94543833050573522  0.95604925314932510
  0.96658812176506381  0.97727507391703727  0.98860631451184022  1.00000000000000000
   61.002771360832384       -1.0000000000000000     
 F F F F F F F F F F F F F F F F F F F F F F F F F F F F F F F F F F F F F F F F F F F F F F F F F F F F F F F F F F F F F F F F F F F F F F F F F F F F F F F F F F F F F F F F F F F F F F F F F F F F F F F F F F F F F F F F F F F F F F F F F F F F F F F F
  <DiscreteSampler_grid>
  grouped_processes
  1 # 1 for a reference and 2 for a running grid.
  10 # Attribute 'min_bin_probing_points' of the grid.
  1 # Attribute 'grid_mode' of the grid. 1=='default',2=='initialization'
  0.0000000000000000 # Attribute 'small_contrib_threshold' of the grid.
  0.5000000000000000 # Attribute 'damping_power' of the grid.
 # binID   n_entries weight   weight_sqr   abs_weight
    10   10   2.620341813654463E+013   1.598250663059931E+027   2.620341813654463E+013
  </DiscreteSampler_grid>
