 -0.00225596697243172  0.00915885643524903  0.01898564551104452  0.03028883450048875
  0.04153641169357114  0.05360519785825912  0.06600269232341896  0.07707346624312214
  0.08855881033083872  0.10011421047078671  0.11041184460802310  0.12016052236234745
  0.12926673379552578  0.13859551674804269  0.14834680264862077  0.15798974631708207
  0.16707300134852052  0.17650688607832724  0.18616061483748847  0.19711971767152434
  0.20919354664774964  0.22229505296368235  0.23446935103749375  0.24574102970378067
  0.25664468410537378  0.26785566975462449  0.27896084636695156  0.29041984319874703
  0.30244624409180171  0.31424406812094352  0.32532977614239961  0.33586035196461389
  0.34633460501024671  0.35655995625829018  0.36620968769723772  0.37570537138161547
  0.38532478021952160  0.39508635426179495  0.40472412005087399  0.41424279264149061
  0.42379246735130760  0.43337723468082873  0.44318822477113851  0.45319710194361246
  0.46348212856685450  0.47370120845738206  0.48325493212442477  0.49255657317001855
  0.50207125534152675  0.51214109597350266  0.52233988035949075  0.53266748424411003
  0.54339385810189711  0.55549119054862506  0.56799738942862732  0.57974279834964071
  0.59021236540279720  0.59978091311265158  0.60907742262294207  0.61815384026043674
  0.62727981861818349  0.63654310131924718  0.64692271141383528  0.65713636590246793
  0.66739923046356808  0.67815685446216667  0.68921389222311091  0.70178272280768861
  0.71302637094674803  0.72412838802519019  0.73435478367626872  0.74371335652152537
  0.75298450378925375  0.76212956722652492  0.77179694453420500  0.78177862911797980
  0.79142506504390930  0.80178438726956558  0.81241577169696655  0.82352674265486470
  0.83489074693331633  0.84621660047643554  0.85725443581270699  0.86851096010937034
  0.87941412152819431  0.89052664012067484  0.90242107238249902  0.91409795055514742
  0.92535431675144264  0.93634945088989519  0.94783234656085835  0.95908377471100070
  0.96959094499140186  0.97954498074519158  0.98972655124984510  1.00000000000000000
 -0.00093898547657909  0.00688648293039451  0.01500817285386809  0.02322697391506023
  0.03199243741089140  0.04162682974398671  0.05185035324458615  0.06266759808195356
  0.07273826433511581  0.08235947397819440  0.09161528200252111  0.10064961895206416
  0.10934315549302454  0.11779644885636921  0.12656944707246023  0.13563521656528374
  0.14465979222226330  0.15416122664698487  0.16425820926540491  0.17583502897304587
  0.18835611047204157  0.20095884926184127  0.21251156275126798  0.22341596270222711
  0.23452944342212140  0.24529788945973902  0.25527685062743949  0.26434343234643298
  0.27408459998544038  0.28376812489563819  0.29445343675199587  0.30400490164841559
  0.31362626752635864  0.32289695518939937  0.33241847701311572  0.34272344989672454
  0.35295628805901785  0.36256922044355433  0.37167270483565024  0.38093047279751363
  0.39022540052637644  0.39942710043469626  0.40878418688184515  0.41947407461919012
  0.43074300273998412  0.44212091177231538  0.45289733000188676  0.46394186041695501
  0.47553099443473823  0.48697043431404097  0.49828730660868026  0.50938962003369070
  0.51978458867695276  0.52968738864382425  0.53945691433696030  0.54938185210054602
  0.55932871911294524  0.56911234634345709  0.57888636209219124  0.58934087824159365
  0.60078007505430708  0.61282996889094432  0.62492813088368204  0.63683983576877534
  0.64811975734599192  0.65852367338966056  0.66893511611686707  0.67998971125807695
  0.69165100485750408  0.70292789732978789  0.71349610330992275  0.72424657958543859
  0.73575468301969005  0.74777940394007325  0.75952162723315841  0.77077013869088495
  0.78228223798764607  0.79387956486537248  0.80485463933393941  0.81526731617813530
  0.82548471976105975  0.83568687630104221  0.84604813665341760  0.85675136965364962
  0.86797844350453801  0.87967137191989475  0.89182029782137473  0.90367157670655007
  0.91531765677199362  0.92773225187169095  0.93936299510250609  0.94994493900886978
  0.96041086811079812  0.97167746421396695  0.98451673934592332  1.00000000000000000
 -0.00777137306083394  0.02102972262876767  0.04441779050145366  0.06802712376335543
  0.09110557239372287  0.11333881000695184  0.13358166409867134  0.15272140570902515
  0.17236786471454110  0.19193024740805142  0.21123694588294370  0.23279687637819457
  0.25571758894812158  0.27821526222583537  0.30067603285164402  0.32314748454637032
  0.34561063613429455  0.36806267712375018  0.39040409086252570  0.41269523002810454
  0.43510811823688567  0.45747665336773452  0.47963163528440589  0.50164167961475281
  0.52347421025630925  0.54599486729671531  0.56884710219702816  0.59242485893374264
  0.61618802292115993  0.64151286119530149  0.66133481937317762  0.67264126230281596
  0.68684655545329809  0.69023059350450777  0.69161713439915740  0.69499300767609229
  0.69977176203881442  0.70451700653889349  0.70930466510822687  0.71417246466097184
  0.71909739194108280  0.72401109359423643  0.72883770263381398  0.73364322806330640
  0.73846818872251774  0.74330224386608956  0.74809674903212819  0.75293254943403642
  0.75779749233884486  0.76264054731962094  0.76751011715755835  0.77235590620864092
  0.77720697776054093  0.78208157945801404  0.78703258648783081  0.79198144175861795
  0.79687339748788311  0.80180657639399777  0.80680805488648111  0.81181496663474251
  0.81679608590009356  0.82175642503715363  0.82683366768656730  0.83189261445905560
  0.83689489934996042  0.84189721020360797  0.84698166315968482  0.85211571791760876
  0.85729424459132797  0.86243796128150019  0.86753683747021360  0.87265700461591067
  0.87784008901064159  0.88303553097581289  0.88823725120609420  0.89340456272914293
  0.89852367711231940  0.90368924348797697  0.90887668898156448  0.91410315992472357
  0.91941748959298264  0.92482866931582086  0.93022461189515726  0.93558991807932279
  0.94084626773377644  0.94611018055518004  0.95144081053420537  0.95681488690870475
  0.96216225310500125  0.96747509506164209  0.97288340417949559  0.97829907006829608
  0.98369242399978174  0.98911277909915230  0.99457860229019712  1.00000000000000000
 -0.00207899090741601  0.00788859763545517  0.01637592424927675  0.02608948038217079
  0.03637716822458439  0.04673879178252948  0.05710106906547001  0.06753739858392341
  0.07750987250982329  0.08696221876587677  0.09576898324001809  0.10471153459399973
  0.11411704628127327  0.12377549359442937  0.13356151834750490  0.14331030933143338
  0.15258584437700087  0.16148509283531803  0.17045096034060236  0.17998701941298936
  0.18989157477325927  0.19946690324274011  0.20902320334930199  0.21961080316557380
  0.23078415051784396  0.24077067223464022  0.25036117750784520  0.25987530284060123
  0.26949317089597252  0.27970351177714553  0.28989461153324431  0.30040924660225454
  0.31106258260676800  0.32168616257626048  0.33200207650674507  0.34195127980573048
  0.35174172740899046  0.36222631725908827  0.37347762895174608  0.38486294378878272
  0.39671854027536047  0.40959652442106620  0.42241655173140907  0.43376523868704747
  0.44486978678142575  0.45503171136521775  0.46471927582809058  0.47428341271206137
  0.48423405209817072  0.49462115038668225  0.50463874578572421  0.51477219114772199
  0.52510898961902963  0.53567745824427793  0.54731126512295325  0.55937320215147179
  0.57177374663712466  0.58462049337903954  0.59655581405795310  0.60931176940262821
  0.62155250336759149  0.63413546078709948  0.64595117535429680  0.65685546857425736
  0.66772191221348409  0.67871989757512785  0.68940245078756690  0.69944378494178616
  0.70911230725104701  0.71925769033003095  0.72968525835450437  0.73973272060335227
  0.74923679870072513  0.75834450353962490  0.76773096867536028  0.77734651347289041
  0.78704782374774307  0.79693349521199941  0.80719196317550868  0.81804801532887850
  0.82922308788025867  0.84020281636096594  0.85068810176788989  0.86086203886199009
  0.87085393732051841  0.88124204595830691  0.89204975312300072  0.90369675151327511
  0.91579892122513074  0.92792383875043605  0.93986296408968883  0.95153227290229636
  0.96327655585186600  0.97531658507528540  0.98762913561483345  1.00000000000000000
 -0.00257897613649758  0.00947443372236026  0.01979528388932532  0.02883309398410908
  0.03810024752718431  0.04735534036868697  0.05668242218239803  0.06651383068595328
  0.07664027997974104  0.08666961582309329  0.09660028186516721  0.10699857508720946
  0.11791949117450455  0.12908141662771250  0.13957068208432905  0.15027538861915965
  0.16095968922773340  0.17075799593485733  0.18000753488186239  0.18975607382380405
  0.20004539621636297  0.21024830311599163  0.21948417291697817  0.22872886486306751
  0.23809852251379915  0.24771949043204683  0.25748872208300000  0.26760493550147335
  0.27847833257520854  0.28983207484233148  0.30082097484484061  0.31154214747192333
  0.32240250808230980  0.33291044691723054  0.34312340411512388  0.35339168791015318
  0.36431691634073476  0.37575423107702793  0.38713833882736987  0.39835914538338441
  0.40837774230932328  0.41741290379283374  0.42642250135212134  0.43608039561826195
  0.44582615592454000  0.45525957941889406  0.46491828113430583  0.47462933298711552
  0.48428303537036371  0.49368617852082414  0.50406350196971483  0.51553043050019576
  0.52809481591825469  0.54113056232723089  0.55363271766150635  0.56544433583404818
  0.57643016264719815  0.58753118946823701  0.59939020958811740  0.61099425782101480
  0.62218305243906613  0.63336720881649156  0.64468173459286016  0.65517264120978669
  0.66571331530858113  0.67500769210628664  0.68497884437784395  0.69472423876017331
  0.70417774925933996  0.71377668164666985  0.72346677060202158  0.73370609130259179
  0.74492961374064859  0.75676224890493871  0.76884204964148872  0.78025580825062502
  0.79174403247250169  0.80373794253796504  0.81555865067002220  0.82604734929290191
  0.83683893575438295  0.84745112067459483  0.85792470183784031  0.86872790293048818
  0.87928068569375240  0.88952049973818115  0.89924769344175970  0.90897558838456005
  0.91966845145855658  0.93126750471433872  0.94343506066644833  0.95595267521427263
  0.96795026548573559  0.97942409707179123  0.98986898353096131  1.00000000000000000
 -0.00231179072443613  0.00831471870281343  0.01754088281755143  0.02663649544620345
  0.03624725054069601  0.04591894971550215  0.05567160980375695  0.06550193848199648
  0.07530933514687455  0.08475314236839215  0.09438989918711030  0.10398161118060166
  0.11334605118360624  0.12246863014958705  0.13198153372743493  0.14173766763244616
  0.15152979313491172  0.16138090328532312  0.17209563149673948  0.18369242919105719
  0.19496584572630002  0.20591546180623435  0.21767260640638111  0.23039450131729683
  0.24244667543809856  0.25403363153061864  0.26441192942751773  0.27426426850316005
  0.28412405876199132  0.29454675736353653  0.30575734695946166  0.31654770105947139
  0.32872712779271268  0.33958635213138910  0.35022538180103596  0.36177196931959343
  0.37220807089944113  0.38232900890147425  0.39177423331254324  0.40152506727277559
  0.41172302213537015  0.42229739917811049  0.43249554686889208  0.44241946829343332
  0.45219179449834751  0.46215755283808230  0.47396819883571178  0.48471516866857411
  0.49517801136223788  0.50502650744306798  0.51479235363955500  0.52494812906109056
  0.53495750802465025  0.54518398523027733  0.55563963074701594  0.56626435224475802
  0.57726103707941367  0.58858140114725910  0.60062494743206218  0.61232977061992533
  0.62412996899055062  0.63546831425084549  0.64640574587075039  0.65640569558527706
  0.66644991630018280  0.67649877329181096  0.68642959304464068  0.69666889424104672
  0.70674020190608144  0.71696677191900982  0.72773671719588473  0.74046617099676615
  0.75356764968439705  0.76550333441404372  0.77602192416255789  0.78582493758247396
  0.79546233121195498  0.80491822515260181  0.81451253614538510  0.82419309947548358
  0.83444526647750150  0.84517198543493577  0.85607988008352076  0.86735686204793350
  0.87947827603478368  0.89162096968759386  0.90263738333436794  0.91322766279014111
  0.92334338412887562  0.93326665790337560  0.94325813434705741  0.95368998994709808
  0.96411987233330587  0.97513718759680745  0.98689376546273722  1.00000000000000000
 -0.00202537957882888  0.00813278429314102  0.01766574021528006  0.02746797077247436
  0.03760961229961969  0.04819338173141036  0.05940087263758798  0.07048127605403424
  0.08220255728111921  0.09455508394916676  0.10673678528559320  0.11673718532205506
  0.12743074095068305  0.13790111380234366  0.14888111899051543  0.15907431834395400
  0.16918294013173299  0.17952011683831792  0.18992252362672798  0.20005187808938249
  0.20996256575347166  0.21992503395518839  0.23031780092851903  0.24079859372651749
  0.25116002792817022  0.26156826953145723  0.27238748946682129  0.28311326335644776
  0.29387577246631719  0.30458549553523256  0.31572732095622758  0.32728492026260475
  0.33933446301561304  0.35162382538841008  0.36422562358737026  0.37677428322034828
  0.38950998951837917  0.40210506991020667  0.41459071275612669  0.42740613715297354
  0.44019198367299489  0.45218036902630815  0.46362988608732225  0.47419653142608986
  0.48388742094673620  0.49347688966632136  0.50364871200097883  0.51323304074477027
  0.52187752015091726  0.53029809714855358  0.53914231045769800  0.54853001178935290
  0.55800487267655963  0.56763555156189827  0.57792068104275696  0.58801883037612035
  0.59741252077826401  0.60610038616214446  0.61520305442932566  0.62467700717755015
  0.63531121358801301  0.64618940846969930  0.65701393244804485  0.66826898674705082
  0.67932755030564496  0.69086763366690607  0.70216333926249319  0.71355029382646051
  0.72460844592729901  0.73524050682356679  0.74571149739591114  0.75636176204998240
  0.76720427080943210  0.77762921212650726  0.78793133000784266  0.79779652821020186
  0.80775462222445327  0.81749157838429287  0.82717791481840586  0.83748743908846501
  0.84899317669017893  0.85946412498414082  0.86942048572670549  0.87865558214861139
  0.88809419732656836  0.89769954199660695  0.90719469000698760  0.91746059742792274
  0.92843141320247824  0.93921111336141150  0.94900445626016028  0.95879448480610530
  0.96966332979458703  0.98059220328817376  0.99030423960856218  1.00000000000000000
 -0.00240066691388736  0.00951939222164863  0.01968373370344304  0.03070721496504084
  0.04151072107876601  0.05189362478838330  0.06249110851731077  0.07282565140334393
  0.08338182991716042  0.09327029111217254  0.10262793977747511  0.11195895593494183
  0.12171881956221929  0.13304026684180556  0.14467565833176332  0.15640676890555461
  0.16817518106054338  0.18023497734380919  0.19201347209547159  0.20303397325375602
  0.21377986857377113  0.22454610358122404  0.23571748784930591  0.24772134152392400
  0.25982332056899671  0.27162362266173640  0.28317511683790647  0.29395427326277379
  0.30435137618743685  0.31491089544633344  0.32538099557239508  0.33445329586696115
  0.34341682284101255  0.35271426086267932  0.36321611829655592  0.37363812870024760
  0.38447213231189842  0.39593753646063773  0.40838652394206065  0.42015861261692189
  0.43092600971020839  0.44120180952852395  0.45152211907091627  0.46218939244516283
  0.47283729862615653  0.48307639982311423  0.49357398523203150  0.50433798510911421
  0.51640038601968563  0.52767966755167472  0.53921252709583145  0.55190396708508038
  0.56392406632401970  0.57382933647937295  0.58390606228440789  0.59382407454668185
  0.60410962580644512  0.61336775064837923  0.62333548104962699  0.63380412941661390
  0.64469837749107772  0.65555659257461352  0.66637065672556872  0.67676375164126290
  0.68715862807689143  0.69745845053716449  0.70739949037581384  0.71701820238316538
  0.72675228609229026  0.73726268073961543  0.74827957185884386  0.75861579112963484
  0.76860666842572911  0.77893050965400856  0.78967064666294140  0.80016245332068003
  0.81055391346208427  0.82085753341441292  0.83070067528343106  0.84087796298253237
  0.85150742750347741  0.86165747265274695  0.87140209598100082  0.88093212188173009
  0.89034889671604467  0.90018375357507574  0.90925109833088713  0.91877888328964341
  0.92975795639791625  0.94048993508400314  0.95078512456822417  0.96039524163928991
  0.97026789727628426  0.97991444452740650  0.98982730945515218  1.00000000000000000
   61.699385096368104       -1.0000000000000000     
 F F F F F F F F F F F F F F F F F F F F F F F F F F F F F F F F F F F F F F F F F F F F F F F F F F F F F F F F F F F F F F F F F F F F F F F F F F F F F F F F F F F F F F F F F F F F F F F F F F F F F F F F F F F F F F F F F F F F F F F F F F F F F F F F
  <DiscreteSampler_grid>
  grouped_processes
  1 # 1 for a reference and 2 for a running grid.
  10 # Attribute 'min_bin_probing_points' of the grid.
  1 # Attribute 'grid_mode' of the grid. 1=='default',2=='initialization'
  0.0000000000000000 # Attribute 'small_contrib_threshold' of the grid.
  0.5000000000000000 # Attribute 'damping_power' of the grid.
 # binID   n_entries weight   weight_sqr   abs_weight
    10   10   1.532382103427381E+013   4.789844781882789E+026   1.532382103427381E+013
  </DiscreteSampler_grid>
