 -0.00167632720864535  0.00769098211122976  0.01570432501195913  0.02420715462049729
  0.03329579416169992  0.04268866902109928  0.05252086140691291  0.06231528035105752
  0.07227374870372509  0.08239266157751013  0.09234065642693962  0.10204858769995767
  0.11185827194867072  0.12189834386728320  0.13210332434207347  0.14256903517881292
  0.15272511467151828  0.16241002368456628  0.17200402216614014  0.18172118507033760
  0.19199684491400573  0.20229308748046396  0.21298483448331326  0.22390240032968908
  0.23435044587012296  0.24461063287605936  0.25501243246171668  0.26537862819601094
  0.27530919372864676  0.28512089981398964  0.29605359250379870  0.30777641654162419
  0.31954171025027189  0.33101877436036853  0.34282888151768171  0.35462663191216320
  0.36616249460923617  0.37796263395264246  0.39055340772982178  0.40330493150731622
  0.41553670328591696  0.42784157818346208  0.43948674102729413  0.45047715021788476
  0.46109483682153235  0.47205359390552637  0.48314404687486689  0.49347405400011313
  0.50376860043286076  0.51401545888919109  0.52438356089453553  0.53355698376586780
  0.54305580408452125  0.55217461192917672  0.56138666856240826  0.57077295083710078
  0.58052370204761594  0.59093011870383072  0.60176403448072602  0.61221606805323059
  0.62274232947729669  0.63322221300485770  0.64372069187596148  0.65443450844565720
  0.66504017538245264  0.67533003863500096  0.68564093552255800  0.69633190355939900
  0.70751178182114061  0.71886113740450486  0.73077881730115835  0.74307372038070252
  0.75408485255486768  0.76429234563191661  0.77409526243133941  0.78371942407201556
  0.79373725417881291  0.80426482194831339  0.81539977427713728  0.82696438188099086
  0.83926365499895805  0.85227276937203134  0.86548403869117951  0.87773898463008870
  0.88836621841931462  0.89810380604530005  0.90755930990301026  0.91709512636080537
  0.92646052406420198  0.93609054624864840  0.94683659779430640  0.95784845378332018
  0.96811977372184410  0.97817763509299749  0.98848036635329206  1.00000000000000000
 -0.00046563870012968  0.00617337572479010  0.01291870915915202  0.02009989090447755
  0.02795730278122072  0.03637172970680513  0.04514704685494073  0.05428118704885827
  0.06358247982129436  0.07273682789432849  0.08189007070658193  0.09099728392766356
  0.09962394734740013  0.10794696397512829  0.11593313109880252  0.12467925487879428
  0.13529536339389234  0.14641557470160774  0.15630073258981877  0.16598161923121932
  0.17616086297473929  0.18664903710147190  0.19632045715092283  0.20534595545500717
  0.21498733292253183  0.22581567073378483  0.23733948099598426  0.24835908318179539
  0.25949886643265802  0.27081082571573295  0.28148600956004821  0.29218624538605353
  0.30299766427382491  0.31339495632552544  0.32341091115632037  0.33310896302772525
  0.34317715576952218  0.35309644581300986  0.36249671933713534  0.37193267688668685
  0.38176838210396291  0.39197155340401940  0.40229820866713334  0.41316251127834314
  0.42491707140467744  0.43698000478738808  0.44824977825876311  0.45888248469142917
  0.46969253942480105  0.48076301505729740  0.49202208633850647  0.50331244329460501
  0.51473860990909459  0.52645391117985663  0.53832954230967611  0.55022091993993250
  0.56225380221922372  0.57442918548489041  0.58712054650338952  0.60006567611349393
  0.61144039064470224  0.62142909621219400  0.63147828985527399  0.64118166048007730
  0.65088485001032159  0.66062919829003863  0.67067404834233035  0.68108411506707833
  0.69184067918649572  0.70231420647951548  0.71257492375845566  0.72299660525171083
  0.73374116520744803  0.74419111518787362  0.75469131401817757  0.76590212232502908
  0.77598062942051116  0.78603535083757248  0.79654304957094690  0.80732163891101805
  0.81796802919829914  0.82813734458351385  0.83867801948309484  0.84975791903617071
  0.86164347074130476  0.87341095106217526  0.88482045758110939  0.89625254535266119
  0.90837157858808038  0.92028853333924610  0.93227338658836600  0.94358982063364938
  0.95472825139990170  0.96631600190076361  0.98076893547578736  1.00000000000000000
 -0.00932566729377343 -0.00395273576616202  0.00502448125213800  0.03066945096406113
  0.05646321272014562  0.08253678220602617  0.10655444940227263  0.12886685436199011
  0.14999485768089973  0.17089270803663945  0.19206819534546535  0.21339766823336997
  0.23487868403504544  0.25702359786250534  0.27931696576043064  0.30166528129051456
  0.32413892052421184  0.34674165503122845  0.36898380035916828  0.39115071472337626
  0.41327643522589863  0.43528880744796145  0.45717210718113782  0.47921754562816948
  0.50125079636513470  0.52283085555033759  0.54508369415224756  0.56829826260762040
  0.59209795646403562  0.61617886811564648  0.64179365759480433  0.66282987435264784
  0.67405640530344568  0.68783868123276415  0.69035290041884756  0.69206622058952838
  0.69614096039367190  0.70103075649107249  0.70586648722142309  0.71064496509381092
  0.71541111740308450  0.72024778995219296  0.72511275896283012  0.73005089142784829
  0.73500270781916366  0.73985903270275510  0.74465462593879583  0.74951525536172159
  0.75442130355450876  0.75931213518246343  0.76417066550145407  0.76910378401737278
  0.77410193012480144  0.77907079830254367  0.78405469577039244  0.78913838811405246
  0.79427931788671602  0.79939441066650641  0.80440197977789751  0.80934850217054932
  0.81436031485495497  0.81945000270184654  0.82461220133666935  0.82976903971345950
  0.83488538596282658  0.84002237406978075  0.84522272330508974  0.85043750994068457
  0.85561870908408377  0.86081451840359602  0.86603748951203929  0.87123161180439235
  0.87637026655292127  0.88150970751160007  0.88674243661679530  0.89198115700365965
  0.89722763256562132  0.90250019506044055  0.90782070231037493  0.91319894452289863
  0.91855405407101698  0.92384912687262988  0.92913010293053833  0.93450354054261819
  0.93991073869989050  0.94524279870511219  0.95063495451079050  0.95613093623337608
  0.96162783815617114  0.96712207348390566  0.97262232792221914  0.97811117382264556
  0.98357303318707057  0.98903580533078528  0.99449160088989530  1.00000000000000000
 -0.00231893029917940  0.00917180874817983  0.01913457400990825  0.02963543435233686
  0.04075653535779264  0.05176579704087531  0.06332535687016111  0.07555550161399277
  0.08701693825552927  0.09650264827503807  0.10641895861421138  0.11645077580599020
  0.12652788884183619  0.13672385845010251  0.14705291745620166  0.15877971283849063
  0.17034794246476845  0.18175250154157982  0.19310498722890410  0.20417379888717832
  0.21601867226447466  0.22777562301296547  0.23974769581964500  0.25121142532797064
  0.26181843403502936  0.27220170062365884  0.28269358530573752  0.29220525252098312
  0.30115280801765110  0.30986855311579720  0.31992163892654124  0.33031620732668787
  0.34011324170779594  0.34968461478379809  0.35988180011799276  0.37135048442681390
  0.38292217505150566  0.39522724465134296  0.40636056450288888  0.41705303313724817
  0.42714635841619625  0.43697586080626805  0.44686869789908473  0.45667337489904225
  0.46654621820231851  0.47646997782447864  0.48684621320844274  0.49747856609142066
  0.50780137309602391  0.51755881335082599  0.52728153678442113  0.53655753090529623
  0.54611557581956172  0.55643771185735447  0.56780419352576783  0.57994556752443116
  0.59181872492172560  0.60318020660906857  0.61382375348956741  0.62438028646068078
  0.63573043168661580  0.64662326827496575  0.65633779430736927  0.66587946410994747
  0.67612658533461645  0.68682964311970274  0.69718861135383081  0.70757178923482633
  0.71839313666280036  0.72992272934740332  0.74134159658173548  0.75340605760763868
  0.76504788746035035  0.77635727493010154  0.78670739782074250  0.79688830901481300
  0.80688698967740835  0.81699171199024356  0.82715332843155820  0.83749949368911658
  0.84782200743750280  0.85776965617056133  0.86741457299100977  0.87739561307121705
  0.88771693604895618  0.89782334502268535  0.90774085200268162  0.91782985134805450
  0.92881616124339617  0.93973040911842198  0.95057109679402196  0.96039193365550801
  0.97016287997944395  0.97957745309279309  0.98977139308304474  1.00000000000000000
 -0.00212226363149507  0.00801300143575553  0.01729820265279527  0.02668475374188107
  0.03612627082702267  0.04576236710249081  0.05514179451050448  0.06492832091915167
  0.07528240301417027  0.08622807067267343  0.09750194437929996  0.10854776188242986
  0.11846554592170802  0.12792906898021314  0.13781531800042290  0.14795313763604284
  0.15924960245505215  0.17087618842153288  0.18317879803426468  0.19436479382146823
  0.20541379143005981  0.21709788751191295  0.22867108049829349  0.23960258862254930
  0.25018723301232687  0.26073389732518887  0.27154726819216446  0.28199451714679957
  0.29300931201713787  0.30425419804631837  0.31529153526487974  0.32505443956729285
  0.33550154329897969  0.34610433138776214  0.35635617866303587  0.36624176288383514
  0.37666005882844372  0.38807677762848675  0.39888402311227533  0.40870491753548166
  0.41890317927318454  0.42966504624595614  0.44023652732233842  0.45035634113683920
  0.46086904503209281  0.47194424792839285  0.48285405769263295  0.49411462014301749
  0.50460475554024653  0.51539732884867240  0.52562971710262407  0.53602317062120930
  0.54594580303782836  0.55569791224345977  0.56538522708599770  0.57607053105111716
  0.58679890682839952  0.59898269437725471  0.61073965934082730  0.62260073723895981
  0.63363807054251320  0.64435170864624347  0.65484747685301292  0.66590594013972515
  0.67670872016520933  0.68664209203662108  0.69785010485542998  0.70920324133489043
  0.72134296945375687  0.73346682010568787  0.74527802608349503  0.75603981133675924
  0.76577895866612111  0.77532410012771302  0.78482391922288075  0.79479169311334319
  0.80500418553633624  0.81563712222722951  0.82688733263615000  0.83827607386415248
  0.84956043186534846  0.86001588323498446  0.87032173933830481  0.88069480734876759
  0.89128464070858870  0.90151073054243835  0.91110095749961306  0.92058328250446286
  0.92985833692909847  0.93930785500891900  0.94894531960294737  0.95802403687487581
  0.96787418923040558  0.97757501593858687  0.98849266470707053  1.00000000000000000
 -0.00264681313789314  0.01026925512524104  0.02047691863486894  0.03083381045294390
  0.04084540588794389  0.05113476992874302  0.06157099207511392  0.07166001407087196
  0.08142196325281376  0.09184177575038333  0.10253963505599407  0.11188043577545637
  0.12079654936620823  0.13019751434544477  0.14021905663028356  0.15028757639046628
  0.16022885237371221  0.17060691081163934  0.18088509356540644  0.19064552567297566
  0.20009996037959965  0.20956858896769892  0.21892500889916869  0.22853838081058123
  0.23875249841578239  0.24914833134591235  0.25944303319476031  0.26947476443460461
  0.27946222749219246  0.28942022366110876  0.29925777577507418  0.30897579614547271
  0.31916121242826184  0.32981231104705877  0.34066918953059255  0.35190687385448072
  0.36361906587190446  0.37542274407682535  0.38700139832343067  0.39807951337525554
  0.40908478819365302  0.42014115943605435  0.43135973199256666  0.44237051827837959
  0.45329935786393116  0.46367634431701082  0.47346040789602373  0.48317036600774182
  0.49275620535121767  0.50235973282520474  0.51184945218032474  0.52166051622785459
  0.53220048184342761  0.54319403763707652  0.55461555954332298  0.56597954740038481
  0.57651956814012395  0.58618260810680634  0.59539096066406594  0.60495476453738861
  0.61510807607902451  0.62599883545301660  0.63782236373375301  0.65017279636984826
  0.66279811385848553  0.67384465012019423  0.68434051313625854  0.69488347433020115
  0.70469256471740838  0.71451514830988649  0.72441573364810841  0.73498232155006482
  0.74564823201323749  0.75661673608324698  0.76793210309103277  0.77918835457378488
  0.79015311939074295  0.80103357683574916  0.81187769857124126  0.82333132528931474
  0.83479283367640300  0.84613702992248119  0.85778275907844614  0.87008658838310760
  0.88173084808330870  0.89270682997440853  0.90372118962334813  0.91495526355345647
  0.92604017833869978  0.93676682447454918  0.94703056121726603  0.95705822279664110
  0.96704088347147177  0.97731374725272313  0.98842059487722267  1.00000000000000000
 -0.00185532176094433  0.00786837014692873  0.01637106104780668  0.02514387591054662
  0.03445640335929982  0.04462746803898016  0.05537226056675720  0.06604238449950810
  0.07674485224243023  0.08787694636105207  0.09855561666214102  0.11072150792210612
  0.12327212995081417  0.13494777140514369  0.14653428082384612  0.15756697876026102
  0.16860996675936182  0.17951261134244925  0.19102448480097939  0.20291908508967102
  0.21352972340577631  0.22343740249386909  0.23292109850100617  0.24236349766267207
  0.25170998980186310  0.26086914843186898  0.26954041381626992  0.27869135837464781
  0.28784293131875016  0.29693732089780095  0.30602308745162382  0.31501012692160557
  0.32418667249550509  0.33349447023304085  0.34341260853415423  0.35275626833274659
  0.36197024795487737  0.37155895263706157  0.38220531186343487  0.39317914925714104
  0.40345599703958168  0.41405069082794677  0.42469492157444239  0.43573028131263847
  0.44635319908386456  0.45675884057411442  0.46675789346626145  0.47642834589487698
  0.48598471524391806  0.49584773309196051  0.50583763479184218  0.51566643796403000
  0.52547202100816326  0.53565639512931207  0.54622517107067836  0.55718874419169995
  0.56931652795194032  0.58279390565161859  0.59631352954173467  0.60872019602316496
  0.61990959157468661  0.63061175290948013  0.64147227813183838  0.65183772908971738
  0.66188039015344469  0.67265271513631053  0.68410915887787227  0.69535663247364143
  0.70623931294354503  0.71775841939091756  0.73041930944793809  0.74376971858411589
  0.75705446715234459  0.76981066262868436  0.78082216449636144  0.79139262847299785
  0.80226023533625757  0.81318857380835086  0.82477212456421034  0.83508210797382110
  0.84434456714397532  0.85330552155687778  0.86251379011861151  0.87206720418548411
  0.88171565028624299  0.89264681741889007  0.90417472489297612  0.91541483641542098
  0.92567770333110044  0.93549318861066222  0.94574894871989745  0.95658709675746845
  0.96737165503350653  0.97818976433797056  0.98900057419937915  1.00000000000000000
 -0.00267856770832486  0.01007370885551580  0.02130076841752158  0.03149581701268483
  0.04217677929599462  0.05322431312773594  0.06402996113227220  0.07403866328203373
  0.08431017280365589  0.09592048308856739  0.10771473091993308  0.11834648030967576
  0.12904897053842776  0.13911058003330676  0.14864189494996261  0.15808953065460526
  0.16809111714133984  0.17902644703131507  0.18991120967952149  0.19967474041506045
  0.20917740277395222  0.21930248405604025  0.22996292712674696  0.24135571716832011
  0.25186289592424599  0.26306465032746251  0.27392596468629282  0.28418208420435048
  0.29584863998900618  0.30693913070483136  0.31773764261502790  0.32809176868066170
  0.33866668172440284  0.34938629835845114  0.35998125053954450  0.37059380734052283
  0.38201770068124841  0.39392960851885422  0.40477706926672946  0.41528123797507077
  0.42525862793043795  0.43519823962376564  0.44480430705099738  0.45435841320587411
  0.46451434269679454  0.47499432671973840  0.48611491422075070  0.49804636754739978
  0.50879149195289153  0.51938285453549193  0.52990498560081933  0.54063199860174049
  0.55082293183125786  0.56115524289323748  0.57246100616955842  0.58372259650774083
  0.59403937489169090  0.60391291793295110  0.61311443048824588  0.62259112646591919
  0.63156608132300385  0.64016302762495869  0.64844162988588661  0.65746405346699244
  0.66691599858990047  0.67795191282824818  0.68986244328959623  0.70175104319636272
  0.71305300014877937  0.72303375298743466  0.73321060603877852  0.74351395241429530
  0.75440723256014752  0.76559955077874264  0.77625293619501490  0.78958842664323903
  0.80065313011670003  0.81239221466471356  0.82392037457869960  0.83505072390626900
  0.84602003929038938  0.85664890060532806  0.86692743436507047  0.87732325559520641
  0.88702984632361892  0.89675415873680731  0.90647568144368518  0.91659280322557835
  0.92662220533630135  0.93669199293374317  0.94703206979145338  0.95761930057808498
  0.96804781810962104  0.97832615767169895  0.98942783977730719  1.00000000000000000
   62.416264688944963       -1.0000000000000000     
 F F F F F F F F F F F F F F F F F F F F F F F F F F F F F F F F F F F F F F F F F F F F F F F F F F F F F F F F F F F F F F F F F F F F F F F F F F F F F F F F F F F F F F F F F F F F F F F F F F F F F F F F F F F F F F F F F F F F F F F F F F F F F F F F
  <DiscreteSampler_grid>
  grouped_processes
  1 # 1 for a reference and 2 for a running grid.
  10 # Attribute 'min_bin_probing_points' of the grid.
  1 # Attribute 'grid_mode' of the grid. 1=='default',2=='initialization'
  0.0000000000000000 # Attribute 'small_contrib_threshold' of the grid.
  0.5000000000000000 # Attribute 'damping_power' of the grid.
 # binID   n_entries weight   weight_sqr   abs_weight
    10   10   2.561143207487525E+013   2.673371237045196E+027   2.561143207487525E+013
  </DiscreteSampler_grid>
