 -0.00285703882972486  0.01040444798953874  0.02148697046723405  0.03259023066583604
  0.04402420148958432  0.05596737302348029  0.06789686092479781  0.07991338799327709
  0.09158565077120348  0.10307876511123311  0.11325450342834228  0.12242228640508353
  0.13114266325163126  0.14024889206438959  0.14941497517505858  0.15863391598004162
  0.16846489609533918  0.17937891623276850  0.19002013053146061  0.20012432072177500
  0.20973559215196499  0.21936567559298470  0.22869766545610146  0.23787714857529824
  0.24656341466519113  0.25548513876644952  0.26457875270026715  0.27373001430123045
  0.28328132434996844  0.29363355699213811  0.30614098310746524  0.31889752110826014
  0.33174560439739093  0.34361314805622145  0.35435483183073396  0.36495808077384650
  0.37476920132441999  0.38430664989080099  0.39391642318802123  0.40442178653316185
  0.41479927843197628  0.42591867189026278  0.43692003676368396  0.44793136643524167
  0.45863913954164320  0.46889371581994899  0.47928895395877769  0.48925400093586652
  0.49903086417245546  0.50956379224382531  0.51995962724926870  0.53066994686375046
  0.54085805301306844  0.54991775799816001  0.55879052593124634  0.56814058903499243
  0.57772576986553714  0.58751002462807922  0.59747347641191129  0.60934800715644744
  0.62385070074212667  0.63690068365909669  0.64924046066661112  0.66226694673069164
  0.67392562658931621  0.68584598667424201  0.69630725815936778  0.70731415110127804
  0.71812812518086155  0.72874259341849967  0.73993225882220892  0.75051170394961508
  0.76303895200230620  0.77365074987177318  0.78372960647705781  0.79327527931980057
  0.80230647253382470  0.81135339683523833  0.82048779331927635  0.83018118299989463
  0.84102452190881460  0.85278469523196609  0.86511491199350365  0.87720700045409938
  0.88863499174129046  0.89917559793379243  0.90941480027886112  0.91984930871946413
  0.93048408249707726  0.94090901620676237  0.95103125377934805  0.96078307088675607
  0.97019943354145488  0.97953421095844895  0.98928313244196775  1.00000000000000000
 -0.00071211678574374  0.00606210517230324  0.01335271164388419  0.02148350397346631
  0.03069448479957341  0.04018443884318599  0.04889275140360753  0.05709384662236290
  0.06586369662144935  0.07559259248504319  0.08605545660469360  0.09636624610625032
  0.10691698127670400  0.11813483297847198  0.12890940452152586  0.13882091185174902
  0.14835544221558833  0.15776224669595282  0.16777016045919316  0.17796682373446948
  0.18800259777067005  0.19800454150428515  0.20877796304930735  0.22013378428321539
  0.23117317825556591  0.24163762186593341  0.25209335373024078  0.26329102142577954
  0.27361509781502463  0.28272765956123286  0.29202884121810724  0.30191956962180116
  0.31207128974594034  0.32196915934814807  0.33209478906776668  0.34282409091454252
  0.35369063052307381  0.36406097056674469  0.37413520260906480  0.38406301919024738
  0.39404918730378369  0.40352847270348663  0.41281826013092826  0.42204489842331017
  0.43186983898292930  0.44179068561780288  0.45132010242431680  0.46070308360079215
  0.47006655744316123  0.47980656081843842  0.49022608171595711  0.50133058652339513
  0.51240677338786056  0.52292658578094553  0.53273588200970212  0.54233675579490015
  0.55246527398083911  0.56308841490235595  0.57407833438840805  0.58478479572945952
  0.59452540939074283  0.60392170789932420  0.61328014066524761  0.62278209725921285
  0.63267609840861461  0.64326740592467713  0.65517123820086187  0.66858059547808202
  0.68224066175022569  0.69583411513005722  0.70906146882120413  0.72191831756648939
  0.73414392881512758  0.74602713226034778  0.75697578420480194  0.76723294024941902
  0.77775386486133757  0.78832708581625277  0.79877984835223170  0.80928871977885497
  0.82043197180127525  0.83156585141828454  0.84193175716801316  0.85193064300893029
  0.86267286302781376  0.87300955452664497  0.88398615740179576  0.89432092984270339
  0.90624814052211922  0.91801666007600435  0.93235441931762020  0.94511870500915773
  0.95753652196581696  0.97014930257615073  0.98444822990030034  1.00000000000000000
 -0.00899812751554486  0.02119186157181862  0.04574273480678922  0.07081774230534126
  0.09523026515814020  0.11841626657336163  0.13959485681167788  0.15959990797087029
  0.17994385063344201  0.20010827944458359  0.21988545005886403  0.24147806028040070
  0.26416870654747376  0.28638679481516077  0.30859221932416608  0.33105140316329335
  0.35337451521558078  0.37549484817095824  0.39751909389190110  0.41949505440197365
  0.44166220838633602  0.46383829999244308  0.48597892949811344  0.50812571656640715
  0.53028007561183355  0.55292901017759999  0.57577809311978156  0.60002006274400066
  0.62463838031947871  0.65139016395815763  0.67049433269213021  0.68055549163412898
  0.68923444945795109  0.69080506132719788  0.69260312450048722  0.69748365807091972
  0.70230075978108308  0.70718349046857520  0.71200158748769737  0.71673084799470954
  0.72142087268760713  0.72609210842308136  0.73081267945610007  0.73555310566571974
  0.74033508291714012  0.74518892398897896  0.75003686533465763  0.75486143437875264
  0.75963756243050562  0.76441114361094320  0.76926031671008455  0.77406354810574518
  0.77889834385053824  0.78380414154202815  0.78872051063233994  0.79360245109048055
  0.79853993362870501  0.80343886270888532  0.80829043999521455  0.81315700211343267
  0.81812308099591435  0.82311174752730498  0.82809600844680764  0.83316622640174942
  0.83830146713238973  0.84343540307325937  0.84848677959453689  0.85351201543415089
  0.85853597037404950  0.86358991049549383  0.86869835630530701  0.87384981063914102
  0.87905984390068481  0.88426434272675547  0.88944306115466687  0.89456898969699028
  0.89969029564039327  0.90484482137282196  0.91007275294226897  0.91528585081741354
  0.92046838367226691  0.92564786659113285  0.93087230770228946  0.93609786191383126
  0.94138353237601491  0.94674887454946977  0.95211951387934801  0.95742765129213225
  0.96268960689797256  0.96801399295865120  0.97330760822644802  0.97858763389540138
  0.98388351023175513  0.98916801467304294  0.99451650952786230  1.00000000000000000
 -0.00236717902262997  0.00936935945803583  0.01896336991488595  0.02890477315210768
  0.03910374897446299  0.04940672644570610  0.06056845180380212  0.07119968515109892
  0.08147628847313396  0.09125883940829130  0.10142073021818310  0.11176108881022088
  0.12252854672638069  0.13465516866884564  0.14675291424767437  0.15767759159595027
  0.16855085130559117  0.18002934953597391  0.19106583836762725  0.20150591741017720
  0.21231881649671788  0.22373174761413578  0.23548975888504911  0.24703706004489601
  0.25902101802476191  0.27095189287889460  0.28228100188893451  0.29310878410458996
  0.30375410545942838  0.31452837976573217  0.32511844456347011  0.33572034505309678
  0.34598734712674600  0.35582287031365972  0.36489829133677076  0.37405247884703946
  0.38342379046476155  0.39294451817929377  0.40232592749777302  0.41132198862448205
  0.42048663906338474  0.43048707402967090  0.44134178979907196  0.45281157648985459
  0.46339104407893911  0.47366602532201019  0.48437005776087888  0.49408778710226886
  0.50324594995913496  0.51218325498621642  0.52203825570886786  0.53457576197336187
  0.54647565745470550  0.55797271450642905  0.56817881236125656  0.57844145491115750
  0.58979630361597291  0.60041724589833223  0.61017765440599470  0.61945842043169375
  0.62945856028717262  0.64008712994819905  0.65090722921060362  0.66185184376313433
  0.67285177182420075  0.68383022658582049  0.69460947238315685  0.70534387718531022
  0.71578144148450407  0.72641444499212904  0.73742732894141494  0.74804818223170300
  0.75853708234916217  0.76813285818523369  0.77923182935671398  0.79026303299454093
  0.80135169856697031  0.81209058803350043  0.82218512005348587  0.83201950627148147
  0.84212194997646561  0.85175752870583465  0.86213417056228614  0.87201150801986060
  0.88156956528228736  0.89102768275035560  0.90158033557812978  0.91181944048225216
  0.92161733476542052  0.93066753069429786  0.94029984486107099  0.95119224280647063
  0.96262358776927004  0.97414676395361510  0.98656753880879577  1.00000000000000000
 -0.00225172174415037  0.00883466507612475  0.01793381880284617  0.02714844663141551
  0.03567715137733003  0.04457738482812856  0.05382469422426356  0.06390719402192964
  0.07426795037307068  0.08423070140939147  0.09486062118106302  0.10555239195161151
  0.11720844060542943  0.12917827846852162  0.14081876991218428  0.15220034059734766
  0.16298112654965421  0.17344460363059538  0.18439165031085086  0.19475310732591758
  0.20485695315883981  0.21477225394380692  0.22524328926622508  0.23690330621737193
  0.24925727023876920  0.26102980549877891  0.27246941053672818  0.28231927935337264
  0.29191418383775825  0.30121325561274614  0.31091655591671069  0.32168144812213179
  0.33256618392294524  0.34331642510185328  0.35428374743004526  0.36581726247536023
  0.37722861551892695  0.38848132635812455  0.40050174570905622  0.41281802888476787
  0.42441743069300608  0.43545333329030161  0.44638439767788129  0.45712353383219784
  0.46731795581145652  0.47659804617040386  0.48620350553392017  0.49600218813605701
  0.50761221465461659  0.51972369903465954  0.53215201579848914  0.54348768191628127
  0.55405975818551279  0.56469543541220857  0.57568627324907984  0.58710368857883188
  0.59889367614991240  0.61087597048839704  0.62277117689147887  0.63423754015683709
  0.64547480167131843  0.65650602928819990  0.66774691522188223  0.67983950732360710
  0.69211589886487146  0.70393277784337982  0.71457204557737741  0.72391169349363083
  0.73361953639394895  0.74288677778657997  0.75176695095688384  0.76056420461471408
  0.76926132541917902  0.77849133214307009  0.78807128287581518  0.79757739901722025
  0.80702076741251871  0.81674744991088322  0.82672139910049369  0.83747950899146129
  0.84881613802379896  0.85938289467109463  0.86933996076957853  0.87903096967830874
  0.88872249924413760  0.89860654000984896  0.90797846566964258  0.91720431601210262
  0.92662602591747434  0.93588812944009292  0.94593789444949450  0.95676973787280828
  0.96754882546288423  0.97816406241534803  0.98900718458365078  1.00000000000000000
 -0.00246518762557066  0.00972476633439373  0.01951218093049903  0.02936574867584902
  0.03950554888068526  0.04903230886989000  0.05903169108685991  0.06975778689441479
  0.08179963872715217  0.09323812254167360  0.10421859249057062  0.11508864394067887
  0.12556259893871624  0.13589019520548309  0.14621448705956255  0.15694151304464074
  0.16783378314152897  0.17826123177334996  0.18883213352081835  0.19985264882204304
  0.21089934140720143  0.22180045527573816  0.23203502797420086  0.24170372462932513
  0.25197040591172903  0.26230880445269278  0.27283403443924970  0.28324921299795264
  0.29441571068794736  0.30759318741140540  0.31986695164622841  0.33211730253051863
  0.34260878113360804  0.35289560752885918  0.36329133924065377  0.37396704372182982
  0.38525365635981534  0.39650703591164299  0.40742027512155271  0.41790960866111093
  0.42788349979033785  0.43784471371961409  0.44797903846116371  0.45860664442182036
  0.46960182379380677  0.48114287603540284  0.49333977864834888  0.50528233740354500
  0.51653782912217117  0.52689629421189110  0.53657795107796580  0.54603322786266983
  0.55570769472754578  0.56581345976339725  0.57592373492413262  0.58615293724340145
  0.59688925335375931  0.60794578044284786  0.61894305963814211  0.62995439953342369
  0.64095313728616110  0.65136473418727359  0.66189204489335141  0.67192894521981561
  0.68153403731117035  0.69076830155070024  0.70028883191655544  0.71045700420430669
  0.72094885586643964  0.73272569980493374  0.74562730827384627  0.75771738766897379
  0.76897587333018824  0.77920099144630639  0.78887828216111300  0.79810211367566419
  0.80764674325236407  0.81707687997479583  0.82634771487146930  0.83564959675544659
  0.84675725329441554  0.85775062125868506  0.86761173313451290  0.87805340132054976
  0.88896926849845026  0.90001676159288213  0.90969177412381508  0.91979895913064003
  0.93027505921832676  0.94045354508234080  0.95032095808498473  0.96002635588333918
  0.97025437797231617  0.98032163529765548  0.98997235270175499  1.00000000000000000
 -0.00210825239845418  0.00883424088027911  0.01825969226561728  0.02788738375942690
  0.03691852252042757  0.04573225289672093  0.05455855551968713  0.06364687527363520
  0.07299074378451285  0.08317333547182225  0.09381059912366745  0.10397115683362718
  0.11374947629908862  0.12384539320361476  0.13480445331005111  0.14634912007127462
  0.15762817227511497  0.16828641355348667  0.17809921017059388  0.18732138958123939
  0.19665565248380665  0.20662344214040246  0.21732385742575350  0.22821303614537383
  0.23885427061017456  0.24947970694455215  0.26082899717057206  0.27211288043003123
  0.28215293115499018  0.29177493774496815  0.30170239877820831  0.31219470027664337
  0.32283411464110684  0.33377083285244558  0.34568958103413366  0.35842094737389285
  0.37038182120518043  0.38145862725854141  0.39080553677974561  0.40096774878091712
  0.41124885595055977  0.42213767819305686  0.43283775433157129  0.44436732353721142
  0.45623476963158061  0.46806688081274300  0.47923198795076927  0.49055282680572670
  0.50208825730179141  0.51503666155582262  0.52635191307973950  0.53721024251092608
  0.54646591968488556  0.55650968557672953  0.56583253039885295  0.57424889594437034
  0.58261328237942489  0.59129043321036112  0.60029310690524873  0.60965897090164811
  0.61920055431316612  0.62895160237169712  0.63942127436810259  0.65047528928686971
  0.66194535270831023  0.67339874360186902  0.68427515059779753  0.69431327140682109
  0.70417573399963562  0.71517312729221705  0.72639981911825857  0.73687262194406500
  0.74694614942897564  0.75703550110029427  0.76730947690426621  0.77780824099074475
  0.78857784825033495  0.79963832941307200  0.81094627270316577  0.82272555296102723
  0.83452051550863138  0.84557588507299553  0.85642702846973984  0.86707410304546895
  0.87750319474931449  0.88841037738543316  0.89956783697046794  0.91153080740018166
  0.92288114357271223  0.93413118656153149  0.94583836824409484  0.95772679015185291
  0.96861774597835282  0.97911704782380427  0.98950253937257315  1.00000000000000000
 -0.00227030265103131  0.00866575626066197  0.01819490077244061  0.02867160790619014
  0.03989650540566370  0.05158559561440985  0.06315444300364603  0.07528739664280509
  0.08710922017583246  0.09883754141746760  0.11080553304032276  0.12244648273597090
  0.13354916474857245  0.14459196812348712  0.15575192422008360  0.16658572018780235
  0.17687395536082687  0.18748012212178561  0.19913970803272255  0.21154210334967019
  0.22388851342745153  0.23544458430606990  0.24667957820796710  0.25765659634251670
  0.26865292851064004  0.27995394841334226  0.29102524817713249  0.30211503072864138
  0.31322493663495021  0.32468132861683774  0.33655537147602832  0.34788095218657028
  0.35861118447057039  0.36820588707273066  0.37755433515776737  0.38648285554892714
  0.39560119933971277  0.40539670446133563  0.41536896051078503  0.42479853110625931
  0.43414993831436838  0.44403856244351658  0.45461648748983730  0.46393502610413601
  0.47286381902426372  0.48183673996367066  0.49177571109743051  0.50154819421469643
  0.51066844782590071  0.51935782878347481  0.52821695244618661  0.53734169796626674
  0.54702715249405187  0.55714962765894172  0.56760093462021244  0.57865286400112037
  0.58955860792053238  0.60096035897852551  0.61172417385611666  0.62211746947846935
  0.63263370247400497  0.64324297244120954  0.65426861924418611  0.66603841423231858
  0.67831925517221026  0.69029283701073463  0.70161275669595369  0.71255898727497824
  0.72368150293301003  0.73468581023909263  0.74534101416624754  0.75558225871119855
  0.76537956585135247  0.77515899117980047  0.78485017892814757  0.79484253317256104
  0.80576370257416408  0.81630437768571473  0.82646788765073831  0.83685487241164458
  0.84697439183516898  0.85668047546009118  0.86611384465780994  0.87665392250822516
  0.88839351017752144  0.90010680168118917  0.91125382183602122  0.92233121958347408
  0.93323941310394898  0.94336910780459060  0.95268098493703646  0.96240087793613693
  0.97222218858801246  0.98209553285095397  0.99098417378135928  1.00000000000000000
   60.716099276285320       -1.0000000000000000     
 F F F F F F F F F F F F F F F F F F F F F F F F F F F F F F F F F F F F F F F F F F F F F F F F F F F F F F F F F F F F F F F F F F F F F F F F F F F F F F F F F F F F F F F F F F F F F F F F F F F F F F F F F F F F F F F F F F F F F F F F F F F F F F F F
  <DiscreteSampler_grid>
  grouped_processes
  1 # 1 for a reference and 2 for a running grid.
  10 # Attribute 'min_bin_probing_points' of the grid.
  1 # Attribute 'grid_mode' of the grid. 1=='default',2=='initialization'
  0.0000000000000000 # Attribute 'small_contrib_threshold' of the grid.
  0.5000000000000000 # Attribute 'damping_power' of the grid.
 # binID   n_entries weight   weight_sqr   abs_weight
    10   10   4.935969919979696E+013   6.999847547030708E+027   4.935969919979696E+013
  </DiscreteSampler_grid>
