 -0.00333257185276890  0.01195679701930761  0.02377148897649317  0.03446523081443585
  0.04515356087265385  0.05589919653415870  0.06604320301643161  0.07599049109023504
  0.08673450167008102  0.09821997251973513  0.10956361079581914  0.12026245324791278
  0.13054176601670472  0.14046075358696819  0.15055003725164473  0.16121629536700993
  0.17251235579161289  0.18385023117108157  0.19549032419057563  0.20730105584995095
  0.21886130888737096  0.23050230477037043  0.24234989813985419  0.25367072489177361
  0.26454696991876220  0.27541937380929982  0.28621000467749891  0.29676400544126325
  0.30676899687534526  0.31608087399880486  0.32500198818299808  0.33419286697747586
  0.34418561326076430  0.35426571882653285  0.36379856996285265  0.37307501203580440
  0.38293121443212874  0.39333056831740398  0.40351519545305820  0.41303210897561166
  0.42205950344571813  0.43124727431029641  0.44100441678127189  0.45163564752785518
  0.46240911947368635  0.47330008787398581  0.48432491451002363  0.49566849799329332
  0.50684334182454516  0.51739045074881829  0.52675951978887636  0.53580001963627200
  0.54524078720499147  0.55494259326020989  0.56430755646518183  0.57297130173045785
  0.58169320399205182  0.59019664813104400  0.59864977419287768  0.60716051373401636
  0.61566706071958965  0.62473911869399112  0.63456024151763990  0.64451654563734417
  0.65478434969776722  0.66498445751127355  0.67565641300973867  0.68663794337050499
  0.69823768478573844  0.71060201644770249  0.72336010763389746  0.73562956279371994
  0.74683890017388233  0.75775941992850271  0.76837690679185200  0.77867145381774594
  0.78877897139132946  0.79960460163257441  0.81098518390915086  0.82201402032100201
  0.83343628777405954  0.84498420730632473  0.85663681334804420  0.86737357176669627
  0.87933620179850924  0.89207840615123990  0.90526767736585545  0.91788171726943468
  0.93042728524472851  0.94173527296091297  0.95185345945442701  0.96162421506947693
  0.97136609706539334  0.98115916468791775  0.99048804480406538  1.00000000000000000
 -0.00089799017030223  0.00707473248982485  0.01517599901918806  0.02352189285860132
  0.03254402867875451  0.04171437555858016  0.05037349915140159  0.05862011140668256
  0.06709975200177754  0.07599202056428297  0.08517379990566662  0.09418235445554878
  0.10382332146019356  0.11482639422078940  0.12666113009953550  0.13859589161856312
  0.15005082554271909  0.16061228438815461  0.17089543846515384  0.18138332936702770
  0.19150092875357744  0.20194841380234552  0.21257246458078946  0.22348978297934224
  0.23441077647931810  0.24511290927569862  0.25516349941730360  0.26473204907755860
  0.27422563273082773  0.28344459090144591  0.29294021046051161  0.30290286132049082
  0.31358204337095319  0.32462249806009930  0.33541104140727834  0.34565370022139602
  0.35625686426567360  0.36727118393012098  0.37833934209841674  0.38937708843103824
  0.40038665987940519  0.41103659687188737  0.42160213467975133  0.43190701625475347
  0.44220077122609824  0.45234198072683324  0.46267346629766010  0.47317636302974214
  0.48350515148168610  0.49334112561597382  0.50295086036925207  0.51267798170232337
  0.52252731526133389  0.53276003798049476  0.54313006099094596  0.55325949161829902
  0.56355387833543169  0.57371759423235957  0.58426518623906953  0.59447640042387473
  0.60438316923529822  0.61423569563713953  0.62458740061376161  0.63506717092920750
  0.64472586961565392  0.65384237830105574  0.66310750784468364  0.67345483802268802
  0.68490155007223064  0.69635426097627062  0.70753297403901894  0.71884998662290600
  0.73009710728491883  0.74082475673242854  0.75157350033578851  0.76280198332577565
  0.77453859321512297  0.78622242195225345  0.79681625163746783  0.80672644924035286
  0.81711935750495412  0.82826265420933221  0.83948822833947345  0.85046623012649858
  0.86169053565259812  0.87330020161063426  0.88499564843373446  0.89674057922745753
  0.90848298959685103  0.92087837656442872  0.93374398371350620  0.94605223006128891
  0.95773153799653354  0.96953705178085703  0.98347983096593083  1.00000000000000000
 -0.00846864413291238 -0.00323069011003009  0.00752753445462610  0.03204743089274171
  0.05655511717730928  0.08105288259935008  0.10428001654985844  0.12691405218093954
  0.14743741599316895  0.16812046912348269  0.18896609229579248  0.20967778056561384
  0.23097517344931065  0.25419858918850957  0.27711177607670445  0.29976928189549301
  0.32255379258976574  0.34534740893490479  0.36796362010850009  0.39071005484037308
  0.41367281495442676  0.43640156428096233  0.45901934585673498  0.48143639076682648
  0.50375760148772031  0.52584386243027104  0.54872936163308372  0.57225065432397337
  0.59645376523370519  0.62085878268042227  0.64683766753769034  0.66648388713669926
  0.67647100358640599  0.68900501839462913  0.69054740067999842  0.69241785217705076
  0.69694184294121564  0.70190560276509983  0.70680460714547111  0.71164004632994848
  0.71638101477611726  0.72113590359770363  0.72597796530780856  0.73080448598933978
  0.73558160385018478  0.74040121162841455  0.74522833747903949  0.75006107972482194
  0.75495967943940390  0.75993048880422631  0.76484330747340334  0.76977142437381696
  0.77472772809977064  0.77964961732913385  0.78460865751395559  0.78964272509507660
  0.79468231245143661  0.79968613884313944  0.80468591853642513  0.80973942347272243
  0.81482410906861436  0.81993250796959305  0.82494174968440859  0.82987042617971851
  0.83483658770184599  0.83987438952362437  0.84499877302718385  0.85024125143441953
  0.85549036127457301  0.86069681729762249  0.86586289723060117  0.87104214636217592
  0.87623752091233276  0.88145448643546642  0.88670145010804968  0.89204142801740083
  0.89742982108299574  0.90282521593945964  0.90822834674766850  0.91366131318178023
  0.91904426229863623  0.92435208818080883  0.92964009623333388  0.93498097109999712
  0.94040532645532426  0.94591534372515607  0.95140095510495870  0.95687526482424867
  0.96220429465206614  0.96745062347988542  0.97286956785979517  0.97835248408157416
  0.98377603645904188  0.98916808127915257  0.99456964599508502  1.00000000000000000
 -0.00303570390714111  0.01071157419164959  0.02224013660444942  0.03352425946640739
  0.04472819313168129  0.05641012146530824  0.06744773969298268  0.07828021326788208
  0.08968014021388539  0.10164400741821349  0.11336453307574604  0.12492226424583641
  0.13588045738726351  0.14658672311660997  0.15755128776858665  0.16833864073251478
  0.17865914489623533  0.18904086279703908  0.19858000763478470  0.20771504859252804
  0.21663700304428343  0.22568037723600942  0.23544037446811036  0.24571718905926535
  0.25622957430107146  0.26718837171873511  0.27825434767805085  0.28940544450069433
  0.29943644966404054  0.30878971213137801  0.31798856283092791  0.32694469858708769
  0.33618938055024361  0.34584407478704465  0.35611877420327137  0.36654485644023427
  0.37736843303379586  0.38871847402248338  0.39966090186518732  0.40985290285179521
  0.42017100792282658  0.43049221804226823  0.44018118967635939  0.44892786096544762
  0.45766016429375406  0.46768282435024638  0.47826116538198288  0.48999050916079628
  0.50199992265954463  0.51372015688453243  0.52410050350940185  0.53390022753319999
  0.54420535006131010  0.55468962094566265  0.56453899952307018  0.57427535963021692
  0.58418099246645805  0.59524717660837689  0.60684711651416734  0.61889924282312858
  0.63068068531866994  0.64154182951889505  0.65235116018235983  0.66324594257448055
  0.67388247951214386  0.68347623932167001  0.69281768427252544  0.70241149640257960
  0.71216064008118340  0.72177712183030152  0.73125559476665425  0.74137871570735536
  0.75144231279710993  0.76165301371446625  0.77285900770301608  0.78501876796532610
  0.79769052226448922  0.80979050324050783  0.81997444527483454  0.82952313638954267
  0.83959264036503123  0.84997686880353285  0.86017167402656858  0.86948375677520395
  0.87927982004196903  0.89055512574571150  0.90123604936736101  0.91188381911607830
  0.92209655693049830  0.93242761052791667  0.94302319394460399  0.95394657793949833
  0.96473687917033280  0.97546531199650621  0.98679396447915591  1.00000000000000000
 -0.00251698438859357  0.00860965240784832  0.01908592519460439  0.02933109484510800
  0.03961829223354904  0.04936032654461690  0.05934127836723580  0.06922851933707326
  0.07926547886450634  0.08937147651279705  0.09893354625351637  0.10833712297701495
  0.11784166519254691  0.12758758860334454  0.13704784843015821  0.14588945669246287
  0.15474779089377033  0.16401479422879417  0.17364280070326696  0.18405941971668349
  0.19497088100290544  0.20617624583046948  0.21789837929180386  0.22928090204574567
  0.23921209971587326  0.24865259460348688  0.25878688243567821  0.26950784005581974
  0.27942309904441481  0.28909110664740201  0.29949725931518256  0.31039889661770970
  0.32084004729218113  0.33113428918235266  0.34193440661588564  0.35279227836771154
  0.36362094203000517  0.37444492364955811  0.38560851620370545  0.39681473705353021
  0.40878724192075117  0.41991971677678591  0.43073771492354351  0.44161254509872772
  0.45283495867350188  0.46410786092423734  0.47527979258616959  0.48589045124234564
  0.49621593098832817  0.50613518168328742  0.51619035014654413  0.52669973098772516
  0.53711064849521029  0.54719189624362263  0.55648780285035115  0.56570005153180947
  0.57543866611070138  0.58580206885766806  0.59644491095339625  0.60675216072248606
  0.61641600046395006  0.62587889838321320  0.63558171890834092  0.64588278955955691
  0.65653359081549145  0.66818463283579010  0.68139929931509613  0.69395380139896512
  0.70589170307912197  0.71725845187414627  0.72787496748224467  0.73771051211722960
  0.74751958649241568  0.75807211870245639  0.76958783955456478  0.78107551874666248
  0.79331230648592610  0.80661133646570915  0.81873573210596418  0.82894211024516373
  0.83908429791798200  0.84927885968098271  0.85950326292054757  0.86856819247692041
  0.87705290106880873  0.88609022497950563  0.89566565554057864  0.90638749736146340
  0.91821421669519154  0.93162766894730231  0.94452527304131517  0.95618417721961690
  0.96722952044740573  0.97842020941382291  0.98885380748475660  1.00000000000000000
 -0.00206796468797862  0.00872855020571961  0.01749292324793870  0.02759686373777298
  0.03764526808397663  0.04994597613794481  0.06291607242876268  0.07517185661081034
  0.08663505987895506  0.09762417922259946  0.10744227702044090  0.11696412798367201
  0.12711208536559201  0.13732638537450659  0.14674343541392224  0.15688856412549673
  0.16715024759884950  0.17826457066275236  0.18904710591943141  0.20021185396546856
  0.21084029795416037  0.22069066286879463  0.23040626666971112  0.24052591510564314
  0.25019785314912585  0.26007438340681949  0.27047477538398212  0.28273596692933256
  0.29547738694704034  0.30749825517021084  0.31837463379706510  0.32889822812384800
  0.33895404149993968  0.34876833218068692  0.35873509477049070  0.36841086026771008
  0.37799956554426295  0.38753034771605993  0.39737099930100611  0.40752110030972627
  0.41766696011041637  0.42711817683924791  0.43649853490735246  0.44631880352973552
  0.45612377034094281  0.46631627522894614  0.47655181358033144  0.48744029565679936
  0.49872593036617419  0.50984099710823272  0.52090735819811773  0.53178641535540239
  0.54259004733889316  0.55367844611850681  0.56471225401304459  0.57542301079424785
  0.58607516553827077  0.59666526211810655  0.60679857799416392  0.61642879791078964
  0.62617313516510364  0.63659681712539984  0.64739221095553234  0.65819932565596495
  0.66890657857243041  0.67913890101141361  0.68909577714738124  0.69913434190555090
  0.70944577916060891  0.71972810016800193  0.73030556427915982  0.74138756029778596
  0.75198524132838318  0.76207086987897621  0.77238371010054196  0.78284821520503522
  0.79291246198622656  0.80264597088574641  0.81246320005582950  0.82227900318234859
  0.83250196572807278  0.84313071101980308  0.85409891479892042  0.86503814811515412
  0.87566780533330524  0.88634345271375481  0.89733996461982846  0.90832376106305146
  0.91877517267911102  0.92880622749719199  0.93950982781705394  0.95171231558710534
  0.96448126621398655  0.97682088157612690  0.98854515385759889  1.00000000000000000
 -0.00254461358907010  0.01041220351741992  0.02057938159605872  0.03050014923235221
  0.04048292891922979  0.05005954841573502  0.06016360910889828  0.07095275953256219
  0.08109185399318491  0.09150978929449688  0.10285770162850393  0.11601380166766727
  0.12971103263829517  0.14253917818503023  0.15385818071449767  0.16425364225135372
  0.17421649283071686  0.18427918077758410  0.19451275834679640  0.20498409400462719
  0.21551209705191149  0.22637994097349484  0.23800533396401971  0.25014913075207057
  0.26206670626036799  0.27331851273067537  0.28395811449462210  0.29393883121891529
  0.30327362373953171  0.31250579187057775  0.32211178706564508  0.33216581145082691
  0.34256011771027878  0.35280813980176529  0.36249017268005712  0.37178885495119512
  0.38092704749253364  0.39022356049136964  0.39966087691554325  0.40959965514662428
  0.42003954581352776  0.43257900321843201  0.44344419312814271  0.45341871115942711
  0.46302737872643962  0.47206508772596889  0.48114462420105225  0.49027047540785079
  0.49923696412655899  0.50845773978212727  0.51839071287140270  0.52903534399221874
  0.54027143120031884  0.55101033540494038  0.56161431265159156  0.57232763919999763
  0.58309161120434494  0.59390993541069526  0.60517679895893739  0.61754242815804294
  0.62970851023650787  0.64118739345925402  0.65224805042266776  0.66211189995122344
  0.67139317979758628  0.68044284625540397  0.68994907928904436  0.69969434440684686
  0.70979881417770985  0.72068196416267183  0.73195958370295267  0.74250407085665038
  0.75317665080828822  0.76439582593757238  0.77593946295930838  0.78788991851649937
  0.80008930491021402  0.81230330679320650  0.82312111913536856  0.83399896529146611
  0.84448453102171750  0.85457616383064727  0.86405077829400390  0.87295482361361820
  0.88356340070806783  0.89398635495342882  0.90526944985494229  0.91646383192681913
  0.92820070474384342  0.93996490567303537  0.95060588188559803  0.96100153079192929
  0.97028063285515775  0.97990938007182260  0.98961999874048290  1.00000000000000000
 -0.00246734247009365  0.00956603645029538  0.01926735430336861  0.02994429179322346
  0.04085721119050430  0.05181221077806650  0.06302189999735502  0.07348640142506153
  0.08383758218848969  0.09362195646781318  0.10347877496745224  0.11426950911252158
  0.12478329880036657  0.13561448718288127  0.14669467110773188  0.15808324299560586
  0.17032168103299045  0.18241027462497353  0.19359527166593354  0.20429689883730459
  0.21521794119961904  0.22676515387196233  0.23851599183224687  0.24994664324887955
  0.26086502827943092  0.27130069134846857  0.28128427563880709  0.29074586405666447
  0.30003580937945995  0.30932027643286014  0.31864397709568248  0.32794225604231697
  0.33745260652320497  0.34729381378270491  0.35750030896857443  0.36762673081954517
  0.37903127941722442  0.39168473429570844  0.40483685123524144  0.41792512014150923
  0.43029261328746315  0.44223089930685788  0.45422998416406840  0.46620899253625803
  0.47826002896126135  0.49037153904418018  0.50194553789339968  0.51272470423089178
  0.52326525425163772  0.53390575288538178  0.54471664679027654  0.55570672790474784
  0.56667757645176686  0.57765753174279200  0.58811486824052395  0.59758253408410467
  0.60723406944985370  0.61741549799372630  0.62791056607634199  0.63780114804934984
  0.64738834110018617  0.65665749378608640  0.66578739289107269  0.67526204733252937
  0.68518048594494474  0.69516640040594990  0.70463015737881796  0.71416298004350653
  0.72351764799653029  0.73306527034909408  0.74259616465768097  0.75230850004695504
  0.76290896465225122  0.77351605690316738  0.78352725768376752  0.79373780944043382
  0.80412093651679928  0.81525797756909069  0.82570563817125198  0.83508612816765448
  0.84395497505653028  0.85288464178373269  0.86244137872546578  0.87193998739981449
  0.88318566196247861  0.89430545666602401  0.90571096276473395  0.91625042530076539
  0.92664088947173218  0.93691886573875383  0.94722679682388167  0.95711864269172819
  0.96759918884219320  0.97817736058708260  0.98893121197077616  1.00000000000000000
   60.248653498425028       -1.0000000000000000     
 F F F F F F F F F F F F F F F F F F F F F F F F F F F F F F F F F F F F F F F F F F F F F F F F F F F F F F F F F F F F F F F F F F F F F F F F F F F F F F F F F F F F F F F F F F F F F F F F F F F F F F F F F F F F F F F F F F F F F F F F F F F F F F F F
  <DiscreteSampler_grid>
  grouped_processes
  1 # 1 for a reference and 2 for a running grid.
  10 # Attribute 'min_bin_probing_points' of the grid.
  1 # Attribute 'grid_mode' of the grid. 1=='default',2=='initialization'
  0.0000000000000000 # Attribute 'small_contrib_threshold' of the grid.
  0.5000000000000000 # Attribute 'damping_power' of the grid.
 # binID   n_entries weight   weight_sqr   abs_weight
    10   10   4.077200657961514E+013   4.047753364852005E+027   4.077200657961514E+013
  </DiscreteSampler_grid>
