 -0.00232246937924573  0.00927266330994366  0.01887243846226648  0.02905757570222172
  0.03938314128322733  0.05025209089561406  0.05985853552029636  0.07141008423332817
  0.08324901571463617  0.09462029468290271  0.10580515956448282  0.11721904369555358
  0.12781904177920089  0.13754114454301380  0.14665600534636256  0.15497166208906790
  0.16346281153454034  0.17195962094503900  0.18120725153575279  0.19122340695103454
  0.20123553022490276  0.21077218228839584  0.22010314429356317  0.22871076068745272
  0.23839252792958257  0.24843134929619590  0.25772264711892651  0.26679357317550739
  0.27621752020497792  0.28666394087067354  0.29679569718158466  0.30624434433343234
  0.31596510577922404  0.32636958390004239  0.33714725334154272  0.34833772348515868
  0.35983568641963526  0.37175210912540141  0.38359078515049233  0.39521094032151410
  0.40612820523344895  0.41693152971121378  0.42854262339433125  0.43954374875124280
  0.44913600836280043  0.45901780706907563  0.46914367407802360  0.47931112268650505
  0.48865638841665765  0.49824272809731052  0.50867094867665308  0.51897907518662023
  0.52885053626486900  0.53895190375216129  0.54947652675672398  0.55990031323111233
  0.57026318729760828  0.58076113394504914  0.59228125095060347  0.60402507115194826
  0.61460298866292218  0.62434798303068650  0.63455914421886428  0.64503887671072846
  0.65597779158461378  0.66607806544603387  0.67716182463436925  0.68825835612393149
  0.69946790768216327  0.71089323402826843  0.72305944563865077  0.73535957273966868
  0.74713268899580387  0.75827523615770809  0.76911008810969828  0.78057971590320407
  0.79267762243609763  0.80456859369845812  0.81611994288024181  0.82749229200502439
  0.83854361440409630  0.84908474287890545  0.85928008171722492  0.86959662636863910
  0.88096536931544633  0.89318015941810680  0.90424347549191086  0.91467874009947692
  0.92479823834153563  0.93485993374654941  0.94412191754113295  0.95295275990077000
  0.96242663406680651  0.97317882322938409  0.98600250940475287  1.00000000000000000
  0.00038882011602286  0.00334097410423301  0.00713421535963225  0.01138791308041389
  0.01628778671615599  0.02244530828661903  0.02984480859314202  0.03785704655485071
  0.04677522141815638  0.05706268560429965  0.06719711386436575  0.07736165570841272
  0.08769776045979033  0.09850820467614252  0.10885502041842064  0.11852234542075298
  0.12759062910351043  0.13623806623318258  0.14509850822986145  0.15408658824611962
  0.16270742438235269  0.17119757008087508  0.18014524941743987  0.18991809962907760
  0.20016533467410461  0.21006391907121424  0.21977576657490275  0.22976467502772949
  0.24005876363631756  0.25017278777748658  0.25962977269106052  0.26965016155517085
  0.27993704518119489  0.28981563251189879  0.29955591427736150  0.30934560024672758
  0.31973706086016968  0.33113157273499877  0.34336180177045672  0.35683778867374183
  0.36834854256556088  0.37969195924435234  0.39036834780631219  0.40145258256870736
  0.41256983797597568  0.42323252600024602  0.43408603546908414  0.44318749148789949
  0.45230662116925668  0.46167496604606145  0.47189051816746247  0.48190119464078857
  0.49149607496080727  0.50150757788818567  0.51284933607625927  0.52443065036651004
  0.53574302565283127  0.54643402219708981  0.55668502612735737  0.56661339999014271
  0.57647850123522726  0.58673403732623075  0.59744393095129333  0.60875543598666437
  0.62060314605360023  0.63245885757068465  0.64432318544358447  0.65521004162926533
  0.66586562306942410  0.67591830440351630  0.68592304038774965  0.69594882887928455
  0.70651197501574814  0.71800997526943722  0.72985704384831251  0.74142338274998731
  0.75324547384346807  0.76518196864110244  0.77659454107719161  0.78761732789079297
  0.79888179539999549  0.81086043957214893  0.82322587610163311  0.83549890426608897
  0.84765552773450326  0.86088422622012872  0.87476037289666797  0.88769299063327700
  0.89978509550223440  0.91125840889274090  0.92316628590561156  0.93491414846536824
  0.94730798476284428  0.96067989449227498  0.97896032897754170  1.00000000000000000
 -0.00801078246552204  0.01537401802244511  0.03869309410767376  0.06205733353048667
  0.08549640240134425  0.10900165283498293  0.12875668165680021  0.14794673728010496
  0.16753078617477352  0.18684808067237174  0.20610190967358077  0.22726655208937721
  0.24903399055817724  0.27189460039473223  0.29457643217244250  0.31714689129324425
  0.33940969132790244  0.36162276106374741  0.38386014399839347  0.40613002729576259
  0.42845931825000311  0.45072712316133318  0.47295664072597282  0.49498644730267788
  0.51700386095672402  0.53907664498246655  0.56191292493549372  0.58583312166752632
  0.61038388980158464  0.63535573239804033  0.65426429407762665  0.67067305491388307
  0.68309036020541969  0.69014256946553065  0.69127232860787557  0.69400756335633706
  0.69867152116806885  0.70342241521049187  0.70820566982311806  0.71291818234351489
  0.71765726880352698  0.72244817322387400  0.72726110542994038  0.73209494460050251
  0.73692613485617009  0.74170878719803646  0.74652251741282316  0.75137740089777183
  0.75626610109283976  0.76109420179793663  0.76589780054675849  0.77070986762424765
  0.77558979597706135  0.78053304014953051  0.78546530492455735  0.79050187253726367
  0.79555453923563468  0.80055406929735273  0.80555641173160264  0.81058197375227914
  0.81563753919938597  0.82069737869131054  0.82558274488906636  0.83048252455586857
  0.83554910502585455  0.84071832644277511  0.84587482255035495  0.85101896871913518
  0.85607448803475161  0.86119374447689678  0.86646712251068925  0.87171292781582077
  0.87690475687160885  0.88203371612529380  0.88717964768504942  0.89249345763895926
  0.89780720608986686  0.90310139057629357  0.90837135614038778  0.91371054410516861
  0.91908130226402862  0.92443700088120651  0.92974035725718918  0.93502839851880015
  0.94024722996489296  0.94556207106834500  0.95100169280315328  0.95646273404186422
  0.96187664657108307  0.96732866788949745  0.97283190778308171  0.97834711509879624
  0.98378369369259833  0.98915920720533679  0.99454833950106092  1.00000000000000000
 -0.00302474068982381  0.00984047447141435  0.02189113348852138  0.03448560791626560
  0.04713292941676956  0.05915356858574255  0.06994439954448063  0.07980421961643044
  0.08976388246123913  0.09979014064757234  0.11128105008223972  0.12320909330722780
  0.13496625015498565  0.14673535611611474  0.15862427406262442  0.17012053283919243
  0.18087465195981511  0.19110855567157103  0.20107316376266868  0.21083327257049866
  0.22044831756733632  0.23155942219500145  0.24413618679827631  0.25684686891779746
  0.26920336806358025  0.28015952876332784  0.29096689947167909  0.30167198674734774
  0.31238019121956767  0.32372200682093777  0.33545696605252079  0.34639585363993064
  0.35607534093276333  0.36527641908525538  0.37438419676531887  0.38576628918499112
  0.39719543189769974  0.40851882353434488  0.41920589251158852  0.42964352828224506
  0.44027028377274002  0.45153720620173715  0.46294120888670165  0.47332489060639188
  0.48298577652161362  0.49335142166019941  0.50363825227288805  0.51381623756953632
  0.52368991385301622  0.53418925569238607  0.54494044259167296  0.55581283512857593
  0.56666194304585848  0.57745210270662684  0.58837877694312946  0.59883758042015411
  0.60879030123985534  0.61804392334578562  0.62730288515035448  0.63663392298614729
  0.64634135396869441  0.65552131908244382  0.66408627584071578  0.67304947659933789
  0.68262043378485182  0.69256661782507289  0.70283845452893190  0.71301917198121156
  0.72251958983242515  0.73125151023530011  0.74018744006288351  0.74987945520164434
  0.76009886962122386  0.77021402399636874  0.78035386561183606  0.79103765039087504
  0.80251479926906599  0.81372228617209741  0.82392900401037483  0.83363215673720825
  0.84330675938600508  0.85318482189222788  0.86275061178354784  0.87172814664353737
  0.88137602973559159  0.89130878140088610  0.90106813064607638  0.91058940084599660
  0.92014017815380578  0.93041507425992021  0.94046337682046033  0.95108038743782697
  0.96248888401132682  0.97521847130169115  0.98785093595571982  1.00000000000000000
 -0.00232360820004733  0.00935963881174286  0.01875030606538916  0.02868613440530107
  0.03830924669399308  0.04844719908885388  0.05877740550602385  0.06919623604857239
  0.07957724681612267  0.09101154128512345  0.10342081440548583  0.11439280235626995
  0.12526895284663817  0.13556056519567269  0.14629087147633621  0.15597273600576500
  0.16545939655842368  0.17489984045958248  0.18482042572652835  0.19537951952035654
  0.20628255209638249  0.21655573618329244  0.22617960667494091  0.23576204376513735
  0.24525494944880205  0.25475036100450565  0.26449868494029677  0.27440003345667441
  0.28502329322101516  0.29561733256726896  0.30656386563473442  0.31805815437969853
  0.32978568198882108  0.34102696119506404  0.35184615601795438  0.36297745021614358
  0.37419994523098943  0.38553757757676976  0.39682386233962241  0.40760370580114880
  0.41862360951143518  0.42936029749440197  0.44015792812623078  0.45013758112706492
  0.45986315422140184  0.47009050401307539  0.48039529113732965  0.49071313115468834
  0.50131114122543452  0.51276301223475473  0.52436943964697535  0.53528168279691535
  0.54633287545598619  0.55791255117301231  0.56973464802195317  0.58144248178893954
  0.59332971052204875  0.60459337584002026  0.61586323826019496  0.62745122384011087
  0.63948909266053400  0.65195751209125896  0.66383097886263975  0.67602625433059427
  0.68712054895521413  0.69799677097984203  0.70856250507135266  0.71902905347973634
  0.72954284681567794  0.73960979408249128  0.75030145536943826  0.75982182590913261
  0.76941007935104344  0.77861257481788260  0.78772132173491138  0.79674678895712092
  0.80548519327262869  0.81473828658493297  0.82489834333229151  0.83511471663311088
  0.84472903284101630  0.85408795637442858  0.86371133344236217  0.87379874967558591
  0.88426188475204237  0.89541517179547392  0.90782843219892750  0.92004574789831206
  0.93160504585329562  0.94275755249473414  0.95388676503385272  0.96441037545524344
  0.97446430398798656  0.98366348172525309  0.99204947847905078  1.00000000000000000
 -0.00311887632272624  0.01110311373950498  0.02300586949385395  0.03420226809066070
  0.04495777311368154  0.05532198227349149  0.06622574509142817  0.07677788966354160
  0.08749003446782309  0.09868263760125404  0.11030373272579898  0.12226204676776072
  0.13423425967650265  0.14581425990697244  0.15691758456543392  0.16793665236806751
  0.17890086234679331  0.19029825739749848  0.20211354230913506  0.21434683849338157
  0.22777180531914212  0.23920559348456566  0.25124887634664883  0.26197507257586156
  0.27249540735271266  0.28181276136272976  0.29131428945443838  0.30087211374931111
  0.31081110543827706  0.32069120769424392  0.33040385872437589  0.34010775479190886
  0.35003195664760339  0.35945438555402803  0.36868790797189405  0.37848117750401938
  0.38851383758885688  0.39807837864698098  0.40723226486869196  0.41654699976272280
  0.42677618986305316  0.43755861724233064  0.44757829949570954  0.45686623233681423
  0.46604916522021650  0.47543447253765719  0.48557567569049154  0.49611290603522884
  0.50681608123868105  0.51735389892923622  0.52738745593364811  0.53724080492808235
  0.54698514732292591  0.55688012993782610  0.56692463745365218  0.57686240005411960
  0.58658152073524827  0.59609435462070770  0.60579983378972679  0.61615371927617080
  0.62723690529799891  0.63899689072394794  0.65099052974475868  0.66355702464282640
  0.67526943048962862  0.68657937393248747  0.69796609333905624  0.70947241425463747
  0.72095649916572668  0.73209364528833643  0.74309146899846779  0.75350758348004399
  0.76341101025904157  0.77305557014633997  0.78256475054176433  0.79298002778622567
  0.80374714583516627  0.81427821806663614  0.82509104503255193  0.83606227207326234
  0.84788620852695196  0.85859273542820458  0.86808299318261761  0.87837804795022023
  0.88765569273941169  0.89729529348242398  0.90667833354940808  0.91707444918306369
  0.92809559603468339  0.93844490499664690  0.94819587562483709  0.95806977352643707
  0.96978835564216326  0.98074674698846087  0.99046544592984453  1.00000000000000000
 -0.00295555220473956  0.01115063479431747  0.02264100940620190  0.03459743301627619
  0.04590417011494734  0.05619765903307435  0.06559803715947231  0.07421133366814070
  0.08322226054912735  0.09181151422933427  0.10024081267221699  0.10920749002620127
  0.11904739839780851  0.12963290755141493  0.14065705341483919  0.15135553213689787
  0.16170227472450024  0.17168182796195836  0.18155571610976201  0.19158739779648751
  0.20254360500277424  0.21490083043768207  0.22806106537275361  0.24050555053062328
  0.25211290672976344  0.26312604809636186  0.27365829026245825  0.28408324560497672
  0.29501163979767975  0.30517223897967050  0.31497826294800380  0.32486915431787255
  0.33535367940284244  0.34619784739950288  0.35646379246468157  0.36742641982804713
  0.37837742277055786  0.38935780966676797  0.40134156224023265  0.41412574694738369
  0.42671654625378563  0.43924458773007519  0.45127161013117228  0.46259904773411309
  0.47373523458867417  0.48439518472056542  0.49486103141049048  0.50500988140121617
  0.51541182222230264  0.52554076278758732  0.53549376350358568  0.54596287315205261
  0.55713826487679519  0.56755110585633917  0.57714816793527968  0.58647962770067386
  0.59618848300216465  0.60635530724564601  0.61575424185687155  0.62455902014126752
  0.63328237808961096  0.64232966243896739  0.65093412268275841  0.65927822481335807
  0.66806542701537064  0.67887188950552102  0.68959907136116538  0.69949270962673449
  0.70934363735535422  0.72003770190913474  0.73162743154320153  0.74333790185571336
  0.75637427854227079  0.76913388251017645  0.78056891075448109  0.79116760188996693
  0.80114390483156450  0.81069110420541224  0.82022231945094337  0.83016140997123433
  0.84296829546335283  0.85542118178336735  0.86615328790689206  0.87630683305857071
  0.88652059236185110  0.89668911985321598  0.90658885762654062  0.91625924790974211
  0.92617699996504799  0.93663659257827514  0.94710352590069957  0.95815021853254245
  0.96840676449447782  0.97908470231642419  0.98957649107453682  1.00000000000000000
 -0.00286554715191882  0.01101465203601667  0.02300713889414063  0.03508089437807207
  0.04575943236879455  0.05587424626806717  0.06526668678369085  0.07564296097701655
  0.08660856366491744  0.09706616122105131  0.10731136737876835  0.11789563545045885
  0.12835953171782682  0.13890160445142363  0.14933348907638552  0.15885751669008810
  0.16845886300312007  0.17818926498689885  0.18827280979615135  0.19863612452245774
  0.20879327264082262  0.21985294181089435  0.23068376437004356  0.24051229375953559
  0.24994195989830742  0.26057033766361914  0.27125531315813117  0.28109715669392582
  0.29072440377554537  0.30007606238615719  0.30893877678108395  0.31770530192224211
  0.32647877730354263  0.33536662023980557  0.34452140950060878  0.35403956786972007
  0.36470673490048849  0.37507088083096118  0.38477459755390164  0.39413986784082311
  0.40521011298640214  0.41691718289802443  0.42885413374896103  0.44104981874636584
  0.45295889564882608  0.46385715640344261  0.47388505149143545  0.48367088777009082
  0.49410100417789338  0.50461336868527973  0.51491950957611232  0.52512987470323436
  0.53572802688935339  0.54537414428254982  0.55440339444219255  0.56341927453817564
  0.57329865210447073  0.58318603237228128  0.59252861747462515  0.60171798518968922
  0.61171384492673064  0.62209022759853116  0.63182295948307021  0.64126821489636432
  0.65124475996579134  0.66301303175730741  0.67354857339192920  0.68430756303729279
  0.69575909937725311  0.70681414859681246  0.71752539142408767  0.72870158254566209
  0.74078373829190569  0.75380413312022476  0.76642983996730052  0.77866123360984307
  0.79031547074220332  0.80169401890817971  0.81328929890336621  0.82497622394049963
  0.83708088126861879  0.84960692281897399  0.86187970933959523  0.87347376783018593
  0.88400724403057707  0.89389251203372888  0.90391977758181485  0.91456479986079009
  0.92598631644383178  0.93768199962916243  0.94895454778877120  0.95943186829736371
  0.96913099015935844  0.97907161323281411  0.98951386146411124  1.00000000000000000
   11.461526903124954       -1.0000000000000000     
 F F F F F F F F F F F F F F F F F F F F F F F F F F F F F F F F F F F F F F F F F F F F F F F F F F F F F F F F F F F F F F F F F F F F F F F F F F F F F F F F F F F F F F F F F F F F F F F F F F F F F F F F F F F F F F F F F F F F F F F F F F F F F F F F
  <DiscreteSampler_grid>
  grouped_processes
  1 # 1 for a reference and 2 for a running grid.
  10 # Attribute 'min_bin_probing_points' of the grid.
  1 # Attribute 'grid_mode' of the grid. 1=='default',2=='initialization'
  0.0000000000000000 # Attribute 'small_contrib_threshold' of the grid.
  0.5000000000000000 # Attribute 'damping_power' of the grid.
 # binID   n_entries weight   weight_sqr   abs_weight
    10   10   4.358996082026190E+012   3.387951719792398E+025   4.358996082026190E+012
  </DiscreteSampler_grid>
