 -0.00216406956654871  0.00869012672570378  0.01892859136746450  0.02884875575587942
  0.03915326660627548  0.04947788837424318  0.05986519218778962  0.07007901744853570
  0.07948471593440951  0.08924862505569683  0.09964024397366732  0.10965479564662428
  0.11997360374867115  0.13065711842728062  0.14290071412635130  0.15361777388905928
  0.16408057152541597  0.17401962744898392  0.18352602747170765  0.19294094957339475
  0.20244459004949242  0.21213391834955098  0.22197818242510436  0.23195903552847738
  0.24271962238335548  0.25354548137017624  0.26343872083061493  0.27299296383733290
  0.28218130482790366  0.29148624777249410  0.30065026826968033  0.30967170638848973
  0.31905256143191368  0.32877451011751535  0.33873011693137739  0.34922437911209364
  0.36004162301427667  0.37139147335008943  0.38316715654350497  0.39570119040023960
  0.40888351365400433  0.42119514879639197  0.43237186850218556  0.44303655086773830
  0.45346466995258172  0.46363746892934615  0.47354517806458951  0.48378132419349373
  0.49437399896830880  0.50538917575117970  0.51682810072646790  0.52837728485019519
  0.53953638374187085  0.55069372668479755  0.56120266091622062  0.57095113674343789
  0.58000436672434619  0.58982749261057543  0.60052657652451769  0.61175570761316689
  0.62278150382119291  0.63435312480050143  0.64618390122312241  0.65723144453998317
  0.66863648077837046  0.68062927966348874  0.69202102398377563  0.70248938599695199
  0.71377295036744326  0.72607432966815255  0.73898487491536846  0.75115555444234106
  0.76190491981464570  0.77261842700704508  0.78411881744782352  0.79552237298132089
  0.80689600700461606  0.81874522078339063  0.83109021188063747  0.84377313760037742
  0.85618108295798601  0.86705609874159617  0.87877176244951360  0.88903993457943287
  0.89891427701133986  0.90822551032386034  0.91747316274945689  0.92657191426475871
  0.93547567073152582  0.94429515012963083  0.95290076273462410  0.96152970869244703
  0.97033712580129516  0.97964673532838842  0.98953589439505441  1.00000000000000000
 -0.00030440227543174  0.00543324209324139  0.01169778374250050  0.01828270300938387
  0.02586425450896853  0.03388333610645933  0.04221227808145894  0.05043236102039230
  0.05866915135233767  0.06703658888425063  0.07538312538713610  0.08358813568516467
  0.09151048219604170  0.09963337745179991  0.10822738143319016  0.11710970057407497
  0.12584215719207656  0.13491676087605461  0.14396540313344894  0.15357396086575131
  0.16412023808696671  0.17543099148892516  0.18624586064877149  0.19596748989205767
  0.20553977692139991  0.21520311028345374  0.22482756574263341  0.23432186649051970
  0.24390506696631487  0.25380538833540567  0.26412761517083139  0.27481382136271615
  0.28685883797634937  0.29775328531459311  0.30823846767053092  0.31880898677267944
  0.32895769828884153  0.33862912807270246  0.34812942250939188  0.35791871090323368
  0.36892534268218286  0.38030714785667896  0.39149839446246848  0.40211679639585290
  0.41239554784368365  0.42315599998544257  0.43471907522171910  0.44592687949211268
  0.45647175531815498  0.46663903295884279  0.47663682615326869  0.48772352597440910
  0.49892338845336509  0.50990641907366241  0.52064297539289106  0.53347152730349745
  0.54520281178568908  0.55558960080151776  0.56612797347211397  0.57667865417618902
  0.58795077210947200  0.59962563155448456  0.61159528488641957  0.62326220359597173
  0.63433751708750963  0.64549935853594420  0.65704651097242106  0.66856273249979326
  0.68011378641427411  0.69210618425115278  0.70531164361588561  0.71961404750247260
  0.73324643100338371  0.74565920071793712  0.75732834302684637  0.76865738691583796
  0.77910777946492005  0.78930144537093472  0.80011141319373891  0.81120925878881533
  0.82235584315372035  0.83335964283466413  0.84407174927507056  0.85474167686779234
  0.86536097527116762  0.87604474059881354  0.88647021379385182  0.89722365169232132
  0.90881802465644101  0.92088309247195854  0.93309317906310130  0.94555015654058372
  0.95797402353417704  0.96973465597635922  0.98375925727542257  1.00000000000000000
 -0.00817054162765918  0.01755010279263847  0.04066794671236267  0.06417057788355349
  0.08739784714126919  0.11028642107149582  0.13025297398592756  0.14935351563730212
  0.16890355555307485  0.18825405456040817  0.20741690075541588  0.22929761405461183
  0.25145517079415974  0.27334930357205273  0.29500172645815775  0.31644371239289193
  0.33805639633902290  0.35972359139887078  0.38169091388612630  0.40379710833499366
  0.42624222500877795  0.44877099457525099  0.47135903056414113  0.49381827127824263
  0.51631468468288577  0.53925805202031696  0.56255475011104805  0.58651312077999995
  0.61107127642605885  0.63611095338597168  0.65349271065495329  0.66994870212452395
  0.68808897706499850  0.69009458354779307  0.69147094332005266  0.69449201127538418
  0.69942104065863420  0.70421517867171723  0.70904375318560720  0.71386518427591639
  0.71870922914189705  0.72354131954019807  0.72835788580161842  0.73317939631194906
  0.73800357058361366  0.74287011926286561  0.74775459423973112  0.75262293324107954
  0.75751255666720041  0.76236594629300158  0.76720025258529423  0.77214110015980442
  0.77717012803218866  0.78222018897851597  0.78725047545788573  0.79219859763662659
  0.79706274369435037  0.80188296596796593  0.80678325267358963  0.81179167534576957
  0.81689824956342916  0.82201739930448992  0.82707325937819953  0.83217812622054321
  0.83733122991919806  0.84247070095480503  0.84758840007562042  0.85267527974396828
  0.85774629416606296  0.86276180429816773  0.86779461028200378  0.87294188338369338
  0.87816307672313376  0.88337709709210810  0.88861877437423820  0.89381553200848007
  0.89899089797162479  0.90416848492445123  0.90940680847299038  0.91465386135537985
  0.91987198212755472  0.92510901926447908  0.93039526724379007  0.93568262291220539
  0.94097210455391322  0.94625234801848146  0.95153994559461863  0.95689811569830596
  0.96233048989288483  0.96769244031782198  0.97296247820561588  0.97827959805528020
  0.98367258861262052  0.98907702383408891  0.99451514900500337  1.00000000000000000
 -0.00202394093055964  0.00840207875990669  0.01767202696768277  0.02752923897696859
  0.03774012663719795  0.04778183635978215  0.05806352640806579  0.06870749700162973
  0.08000815949924694  0.09145212258739062  0.10264656162754475  0.11340229620868866
  0.12402433955273104  0.13531288010964923  0.14716368940560953  0.15722640831976054
  0.16789133771791381  0.17824245256703911  0.18872031507056508  0.19853945318355634
  0.20875316554972803  0.22010261473229095  0.23119394210051680  0.24140618065557845
  0.25151499763873875  0.26111666226102587  0.27021258338148946  0.27951258517772432
  0.28871085694528981  0.29985597682302118  0.31110118189916441  0.32492016034808530
  0.33703123818951314  0.34706687131823644  0.35724901346616045  0.36692154643887803
  0.37740082795146174  0.38772467713912301  0.39807472773194602  0.40885226188471169
  0.41955779949564187  0.42979329573620995  0.44030802798197305  0.45057749790790358
  0.46165013352371953  0.47299140743112711  0.48459544361887785  0.49624377396020125
  0.50814656412169124  0.52039780536022873  0.53086182693357220  0.54126737693288618
  0.55207165492392007  0.56272902774298150  0.57323363482559941  0.58402947873263045
  0.59540722303580551  0.60617671561962105  0.61610016047530625  0.62624348486623549
  0.63652689102369087  0.64673016936830097  0.65695941071379482  0.66752672883336239
  0.67854013811496228  0.68929316540993246  0.69919849801449496  0.70891469593835310
  0.71866095346787529  0.72849225076012314  0.73773526271141288  0.74723814622915019
  0.75640411477957037  0.76563270565470243  0.77524937493298529  0.78566859355021479
  0.79616338274579035  0.80651484487510083  0.81700501959207084  0.82776008490075037
  0.83847703810088070  0.84878566557833213  0.85914677255976613  0.87006539127587201
  0.88103452633388823  0.89190874578914991  0.90324528202616317  0.91496823372631053
  0.92650695282849838  0.93772646741500343  0.94935748981235590  0.96072941342246687
  0.97081290971185308  0.98095625473211356  0.99043192588899265  1.00000000000000000
 -0.00217178774239677  0.00825534576382107  0.01708189944788851  0.02661335522271937
  0.03708924020647063  0.04776582909720797  0.05815364814024524  0.06841050153642941
  0.07826589316921544  0.08862397154092611  0.09835130702110724  0.10943659692236438
  0.12166671188033767  0.13340850883323566  0.14482831762059956  0.15495581225325364
  0.16542501632842910  0.17622613864264164  0.18678292957483872  0.19711020757334793
  0.20763319805935451  0.21874780900397151  0.22940376167279222  0.23909140961126407
  0.24877324059163244  0.25918310390076948  0.27014862817511431  0.28148689185017733
  0.29362414379194945  0.30635202846236881  0.31800136043192767  0.32861648556669326
  0.33987914328078639  0.35158447378026070  0.36301452398698475  0.37427395095810750
  0.38572903932688657  0.39781536139130819  0.40889956516987841  0.42020352503360964
  0.43029881648090568  0.44049750386978509  0.45120139431822121  0.46142594268503939
  0.47025077952484701  0.47940176304202231  0.48924190430065800  0.49921984233788952
  0.50839570213329910  0.51685638069987050  0.52693834361961600  0.53826093148892884
  0.54920362557004476  0.55949812360837237  0.56999150194628911  0.58065145748240665
  0.59039521436659836  0.60014191038311515  0.60995738084633799  0.61964825173457350
  0.62937412523664460  0.63904568208843682  0.65026729286323315  0.66238582842144200
  0.67398577460312170  0.68511660273566333  0.69628201405109702  0.70742158798291799
  0.71843695800548546  0.72996487787801467  0.74248109083955693  0.75456486850368976
  0.76518531944180401  0.77586711861111080  0.78675203580111175  0.79733166198743144
  0.80729652201827995  0.81730941029580817  0.82768420603267046  0.83768705553826839
  0.84696107332285975  0.85604172773593690  0.86536155574095608  0.87483261713874860
  0.88421737774019527  0.89409842312511933  0.90472421998056252  0.91586831640917210
  0.92647080691658856  0.93719569075353504  0.94809946393271338  0.95909847213868904
  0.96974396032049437  0.97991225081653954  0.98988340806823560  1.00000000000000000
 -0.00229518428351640  0.00917383018544798  0.01929139629095921  0.02960854360221041
  0.04037635627912112  0.05119698475416020  0.06217947809856730  0.07293876363125611
  0.08347616533535296  0.09337935694781865  0.10337361719560827  0.11310097018080903
  0.12271241605741999  0.13238999198056492  0.14216625208454103  0.15249099752742215
  0.16410143095029681  0.17488193701085725  0.18598944551854510  0.19631610558853749
  0.20726329350642000  0.21942872622004417  0.23088103195513276  0.24241479100793853
  0.25274816726065458  0.26305425569738844  0.27314059839833382  0.28327268617373846
  0.29291423113457310  0.30300580046188591  0.31260938008261052  0.32380562783675415
  0.33448739697277591  0.34671768750281157  0.35752572192410143  0.36722882333711809
  0.37713768082937688  0.38699004643214585  0.39697480482457431  0.40670378953204084
  0.41631220752283410  0.42599363390433209  0.43584018935108865  0.44580494181247304
  0.45585076488190007  0.46594428244460057  0.47590970549489897  0.48551636744656068
  0.49496528548562957  0.50440385320783920  0.51434186442836660  0.52456641058098785
  0.53505277089009451  0.54497596771642731  0.55462119579508218  0.56445870071065540
  0.57474983787891498  0.58506976177753822  0.59510760367672733  0.60476293740275366
  0.61401845115165654  0.62360200143241351  0.63379576958543715  0.64397140234496675
  0.65401462010690437  0.66405054689228227  0.67530877783962062  0.68647673773187234
  0.69756106069345147  0.70824579093794393  0.71822819567813001  0.72864837226892187
  0.73933760105116231  0.75005661672920021  0.76077675139516410  0.77248080721741130
  0.78536633360491592  0.79847696662445067  0.81125276757325748  0.82390256136185536
  0.83641691343582925  0.84889979161385154  0.86110029209168626  0.87395902731321273
  0.88566341486812261  0.89720487495055046  0.90716808179973174  0.91699405719072835
  0.92802948356131321  0.93916780367417585  0.95047975691586706  0.96080536356617741
  0.97133597255917392  0.98114204323686594  0.99054137433802314  1.00000000000000000
 -0.00272575057315972  0.01077263548147240  0.02168513847750891  0.03374288889868138
  0.04459549795058955  0.05440677376830061  0.06420593664441145  0.07418425805982305
  0.08435378437750636  0.09459438219566307  0.10462088927096364  0.11478151675247240
  0.12507659251128039  0.13630528505692049  0.14734792543947794  0.15801128968182693
  0.16849784932206396  0.17905028585325594  0.18996741370632486  0.20103349814427079
  0.21161341179326226  0.22134641773902083  0.23131260444255913  0.24243627228765358
  0.25348430543191236  0.26390634735361518  0.27371583747132533  0.28360265261765183
  0.29329349079332817  0.30230499909134950  0.31109193078469716  0.32034560557230363
  0.33018548147243787  0.34055373113499826  0.35133545851214282  0.36177626139036118
  0.37148588348470313  0.38096071206426291  0.39007003639464832  0.39940331875526813
  0.40862379329362658  0.41831015308594116  0.42863641917534706  0.43899481428633536
  0.44869399257090542  0.45810705742895175  0.46771349793887423  0.47775824704099873
  0.48834226344645965  0.49935528464078621  0.51085142933849303  0.52212056921287042
  0.53247853788839894  0.54222927690501732  0.55165853318596170  0.56116389593473637
  0.57101441957609356  0.58112964640574494  0.59280430283498609  0.60577193608285052
  0.61885270154433114  0.63091558609287191  0.64140012979981098  0.65218626647883415
  0.66313957595116468  0.67411781174128205  0.68488571366437612  0.69485425586223104
  0.70459324988636696  0.71411331050927740  0.72365448756080519  0.73369206867023529
  0.74404207809066991  0.75508751016372111  0.76739411030189197  0.77926847907374674
  0.79093522735561272  0.80242529038059640  0.81475927984745611  0.82720127843617997
  0.83956673077177446  0.85233466762241883  0.86345914612198416  0.87379642501849986
  0.88407258020927715  0.89434293574032975  0.90478934563202640  0.91409047538903532
  0.92470987729606113  0.93573941928534188  0.94744356719439937  0.95970993679069294
  0.96965687340079798  0.98013029670542751  0.99014025980068909  1.00000000000000000
 -0.00220348809259659  0.00844369951230225  0.01715461915756836  0.02680666961272714
  0.03725829758858432  0.04852041751766805  0.05978265081808161  0.07121710996857739
  0.08313898681184485  0.09370138530028699  0.10450628762726792  0.11549670276169179
  0.12600618322488596  0.13581559316565842  0.14499072610947261  0.15529441991695353
  0.16509562244402312  0.17425192364888106  0.18335798871031575  0.19356660238689166
  0.20424062341079785  0.21398983573253624  0.22302444870245891  0.23284886029270019
  0.24282222319480248  0.25254935553735164  0.26220209263835115  0.27266551569575587
  0.28396733036260635  0.29432973647281974  0.30367154998728679  0.31307457320527393
  0.32306775181154418  0.33323433458734147  0.34323078688215453  0.35337075448608840
  0.36378061498771508  0.37476915488269391  0.38657106159811117  0.39839698490226999
  0.40987622546675490  0.42144932684746578  0.43423973219840351  0.44698428427093873
  0.45887980675926815  0.47007386945671509  0.48065456067018208  0.49055129561399496
  0.50029832244239425  0.50983609744490710  0.51938350218302043  0.52895378305395802
  0.53846943301407246  0.54853321469540084  0.55887571462650176  0.56938596903425254
  0.58008529885622384  0.59086021329522520  0.60147594425098705  0.61189793290113292
  0.62248738224712608  0.63323275028122616  0.64375777039067517  0.65379644655666147
  0.66360537033797029  0.67430723298490891  0.68542414087119730  0.69685899815150809
  0.70800531958699997  0.71914765537921610  0.73044818519235044  0.74185013052160031
  0.75375669143437063  0.76580867913381612  0.77916933319565351  0.79309602821295289
  0.80576671618984630  0.81722589216663200  0.82791951702779054  0.83878457148588548
  0.84973759339734878  0.85990940311195019  0.86935165625104260  0.87877269023948901
  0.88931388590442173  0.90033222421136161  0.91192612231572867  0.92336912529036208
  0.93475206461587279  0.94499407581393624  0.95464190130177062  0.96356663311813684
  0.97234516975881857  0.98123041210799256  0.99058283454884433  1.00000000000000000
   62.573048786490688       -1.0000000000000000     
 F F F F F F F F F F F F F F F F F F F F F F F F F F F F F F F F F F F F F F F F F F F F F F F F F F F F F F F F F F F F F F F F F F F F F F F F F F F F F F F F F F F F F F F F F F F F F F F F F F F F F F F F F F F F F F F F F F F F F F F F F F F F F F F F
  <DiscreteSampler_grid>
  grouped_processes
  1 # 1 for a reference and 2 for a running grid.
  10 # Attribute 'min_bin_probing_points' of the grid.
  1 # Attribute 'grid_mode' of the grid. 1=='default',2=='initialization'
  0.0000000000000000 # Attribute 'small_contrib_threshold' of the grid.
  0.5000000000000000 # Attribute 'damping_power' of the grid.
 # binID   n_entries weight   weight_sqr   abs_weight
    10   10   3.953058246572088E+013   4.173015910646098E+027   3.953058246572088E+013
  </DiscreteSampler_grid>
