 -0.00284561699598310  0.01065255860576016  0.02195160820856850  0.03284647051212507
  0.04381045463113627  0.05481617299442351  0.06609089463826005  0.07725990079224766
  0.08785823642807483  0.09822668053452949  0.10861945336160275  0.11944889553196364
  0.13020883245942394  0.14035370560423432  0.15087904466211227  0.16154848321750426
  0.17225453256610740  0.18277623803224491  0.19256123835168601  0.20258504195759536
  0.21281119203432963  0.22433387125859056  0.23620973786071087  0.24728224129957405
  0.25876362870359748  0.26998221196120520  0.28108755367992910  0.29237854458391788
  0.30368213316863918  0.31452545314155494  0.32428792745430324  0.33374740704522649
  0.34350601236902950  0.35340477237005796  0.36347710970143188  0.37371878456356655
  0.38448561285978039  0.39536661242094229  0.40585220996677723  0.41584968111920689
  0.42528831385646793  0.43433189261972277  0.44349889980558210  0.45299348063937089
  0.46210780522467843  0.47070637281164507  0.47991408584254536  0.49054635844781486
  0.50123382028441521  0.51094294805278895  0.52044501529525966  0.53130317832565699
  0.54372470221570757  0.55626809041962066  0.56796520459702060  0.57882261528671208
  0.58920653624790120  0.59964132167249762  0.60999820328143461  0.62031182273709773
  0.63002182386096117  0.63997225114771072  0.64970848966627881  0.66013752821795391
  0.67023033361639195  0.68055355101238624  0.69079066061304850  0.70108316972869866
  0.71173686371264222  0.72260775768090346  0.73311813852986718  0.74276192274235253
  0.75310449590798367  0.76353153869999402  0.77375414210326321  0.78312616809430557
  0.79244048539027112  0.80205450957796243  0.81193865319421776  0.82122359399255496
  0.83033891660017012  0.84000176119881986  0.85008786618085763  0.86061696187183323
  0.87129378798958568  0.88269189079810029  0.89478813038820648  0.90652985370510020
  0.91769158182060662  0.92879184650219304  0.94043553014395209  0.95278605370023972
  0.96470690424341654  0.97605488741284718  0.98746481778978379  1.00000000000000000
 -0.00003226749032196  0.00483106204670775  0.01046753556833510  0.01664110697638018
  0.02407224823563524  0.03226081757434189  0.04011072920360174  0.04801697879938358
  0.05590700259068863  0.06383880641944065  0.07217057339263541  0.08127540937843734
  0.09065433111160212  0.09994241488973581  0.10899764107746114  0.11786566994509232
  0.12801408353363275  0.13872420688445317  0.14913252311928143  0.15942992556725091
  0.17049043477749756  0.18191216958906967  0.19339386188106841  0.20461788411944501
  0.21570830885999243  0.22724738209520684  0.23960552424109541  0.25260834680685690
  0.26539385053292203  0.27704636842287117  0.28767902875005807  0.29794795628843401
  0.30813099065417349  0.31839006272613735  0.32889583994880389  0.33974255348212468
  0.35084795309409311  0.36211606670023883  0.37331434113786488  0.38389850162956241
  0.39526602269312872  0.40742738325918504  0.41932996117283255  0.43166392477729348
  0.44373916281023118  0.45590089782192622  0.46596249341173307  0.47563460441141903
  0.48543256454205064  0.49511385692675025  0.50482273743044592  0.51451608211819078
  0.52412991169782430  0.53343389408060937  0.54272731362571369  0.55211974941657138
  0.56170425199036533  0.57149491272898800  0.58220706483892337  0.59394450926338904
  0.60600018211365703  0.61726241496509582  0.62801519094660729  0.63819761845585210
  0.64856395028014069  0.65870137578725807  0.66855182169968508  0.67799172029252830
  0.68728128689377754  0.69717866457254862  0.70763406454618116  0.71781217705287426
  0.72767920792439655  0.73799251289502177  0.74849697002349846  0.75890783327297295
  0.76968251184852687  0.78152707559394352  0.79354365506036872  0.80548581033207789
  0.81725034182561884  0.82844317804643575  0.83890041648362323  0.84904618778066709
  0.85930070861037489  0.87010948845918989  0.88085191910223193  0.89169329227270944
  0.90307083670542121  0.91508806642198781  0.92792598492470768  0.94100493083214209
  0.95353463114061243  0.96720634224289426  0.98252715819255132  1.00000000000000000
 -0.00861377364168140  0.01931525496685892  0.04274278898003419  0.06632682872335562
  0.08956744219182360  0.11208923854994204  0.13274043647757744  0.15186661683481281
  0.17161217945031410  0.19141796688423013  0.21104869806176513  0.23201339821337505
  0.25403166857699477  0.27594614478036905  0.29783943413217290  0.31969787919467296
  0.34157905931577937  0.36349817294141451  0.38571436416180294  0.40809944701591488
  0.43053602908012761  0.45308377565034885  0.47597179216718705  0.49862041253243677
  0.52107914299879154  0.54313761482882650  0.56533264377413606  0.59017721995039008
  0.61532883128740057  0.64143959158916675  0.66250999837201630  0.67853610743614801
  0.68617793912726310  0.69031852187138065  0.69177040465233064  0.69553434746865972
  0.70041525594556797  0.70528470800319865  0.71014666232188428  0.71490113044905135
  0.71961042246060380  0.72434523997938305  0.72912730457177499  0.73393317896045718
  0.73877922768395354  0.74363058366953738  0.74845262192553719  0.75335909297823689
  0.75834991445367539  0.76332142110291756  0.76822627317890724  0.77311517146308895
  0.77799346558228022  0.78282655217198438  0.78771550231603937  0.79271764527496014
  0.79777984316009865  0.80275865173794159  0.80762598697560051  0.81248888597299085
  0.81740562851942289  0.82237218676058854  0.82735701426943731  0.83239153477267636
  0.83743287559431556  0.84251744753893809  0.84762869210548353  0.85268282302080756
  0.85773570896256801  0.86287358657976532  0.86803806200099620  0.87312957494991561
  0.87818557079683734  0.88329161133511069  0.88850108071748091  0.89376111670747882
  0.89904840790502571  0.90434462429994378  0.90962450600784162  0.91484989248381399
  0.92010384329754213  0.92538748838252571  0.93067521296608946  0.93597576451923581
  0.94121291524671991  0.94643287567592194  0.95160866651159670  0.95682559284103808
  0.96217376127314236  0.96756799509407065  0.97292063818980645  0.97830859516622104
  0.98371946609427330  0.98912072692359287  0.99453073636838962  1.00000000000000000
 -0.00292576121419234  0.00991444981474558  0.02096656013301647  0.03197083048629910
  0.04316626853637856  0.05462897185909699  0.06570375216706813  0.07666892794423937
  0.08780355219988466  0.09889000242134710  0.10922996184741371  0.11920546013721299
  0.12905266848736358  0.13849731804052606  0.14771990357728781  0.15768254970059628
  0.16834491757895495  0.18012704817861194  0.19167948560905895  0.20311132273798510
  0.21438294575048025  0.22528485127856118  0.23516999992765558  0.24495658617187333
  0.25536082422197870  0.26561793537509465  0.27499379211530234  0.28388000144524117
  0.29278664994981130  0.30219829682115223  0.31194987817246239  0.32253787017144975
  0.33284224202756652  0.34248981895159142  0.35165293042796819  0.36141446522436393
  0.37092291289329127  0.38077420057202316  0.39086475143380495  0.40240757217718248
  0.41551453720734199  0.42702914645575069  0.43833605601614806  0.45045971215099889
  0.46200779746045223  0.47220811139984814  0.48247730324902438  0.49249683764250779
  0.50233916336421269  0.51159776463448936  0.52097204309171841  0.53102266072472137
  0.54150045633382593  0.55240022401538147  0.56323110997387638  0.57461138152505453
  0.58633940912038196  0.59714472573141208  0.60794096617955284  0.61835538794685607
  0.62885067099400238  0.63863448875186712  0.64914027387342466  0.66036547509362353
  0.67166120808662866  0.68247019161775369  0.69286035703308646  0.70254719029636181
  0.71256792232587096  0.72218472568248970  0.73357861795601587  0.74330024358280056
  0.75360664671438227  0.76362159987248690  0.77386641970828030  0.78360211338329255
  0.79292471617854932  0.80225009273548664  0.81192236425854025  0.82248852790139526
  0.83340253197028968  0.84347172586367680  0.85267166262947836  0.86197869126269466
  0.87262111895270067  0.88317920647541126  0.89495840036116414  0.90783617408067985
  0.92094622176837859  0.93358366439511487  0.94506636059880433  0.95565627328446112
  0.96667234037860561  0.97793714310991109  0.98888207333773037  1.00000000000000000
 -0.00162161423294315  0.00677271256565638  0.01426248381287990  0.02202742494564221
  0.03045218298107753  0.03929015101927574  0.04920409131287606  0.05937523295544506
  0.06950454162322665  0.07990412564044286  0.09122363854549344  0.10359847509675639
  0.11567645838027586  0.12733362524859751  0.13849425298918513  0.14991415305367164
  0.16188397999859111  0.17395982771765639  0.18621225751730477  0.19767063653588127
  0.20877728333651285  0.21991318939088400  0.23021546701016776  0.24107941572332389
  0.25155155172233779  0.26344940891608964  0.27430004477871556  0.28507813171938168
  0.29673248797891327  0.30939648777736262  0.32219697809682668  0.33425759099216379
  0.34551273588246761  0.35635674435944620  0.36747891458034199  0.37882462565736935
  0.39080971202913178  0.40288411057764678  0.41405009554354405  0.42428815664342806
  0.43417612780004650  0.44464716529604903  0.45515872946752339  0.46517943170010551
  0.47473848513250516  0.48404963978385257  0.49322002271542315  0.50232849089813081
  0.51139458091070256  0.52088264963386577  0.53064719857070630  0.54021037522538762
  0.55011034070343812  0.56072679101191247  0.57085525955796135  0.58036845684326799
  0.59003483486950703  0.60043999150973948  0.61086936403886094  0.62199479306180083
  0.63418201122715501  0.64659199989100025  0.65779822660398779  0.66888614231332055
  0.68020897231699273  0.69116348628285429  0.70191101036135917  0.71210847048866388
  0.72215295647543498  0.73234900293106853  0.74288395313683475  0.75313753196977451
  0.76264189803992177  0.77235001215524279  0.78351781445990820  0.79499743684984980
  0.80618240829148502  0.81656225202415356  0.82648787160810755  0.83593447966062107
  0.84495286725532881  0.85431991344618341  0.86406455797522153  0.87384486725016075
  0.88458248635395742  0.89621867558426693  0.90809473504041205  0.91902129128061660
  0.92950181481316962  0.93997783875422614  0.94972361065734001  0.95918022146690107
  0.96910503386931579  0.97903579772244564  0.98964990961040500  1.00000000000000000
 -0.00331430895065196  0.01194293289875026  0.02381775028208250  0.03423471098267600
  0.04440753229585808  0.05463653444318293  0.06495930776902126  0.07510284939060045
  0.08557239527635882  0.09680168045891900  0.10756056861009790  0.11761470826306748
  0.12771597273832513  0.13858662469908381  0.14957684160871065  0.16040820699865577
  0.17140719929416320  0.18277841112748414  0.19280691039603265  0.20201741886225988
  0.21183744886120714  0.22192812893410727  0.23155179554748523  0.24084914575260497
  0.25114723765805513  0.26267647027000363  0.27377585529895543  0.28396851973258103
  0.29428931224842897  0.30499291963568309  0.31563551870389900  0.32593327908754227
  0.33640455629704391  0.34695336731897652  0.35672477634914751  0.36543384599062051
  0.37477674963890045  0.38442038883579266  0.39457784192097406  0.40455356801448494
  0.41473590581140152  0.42578259848754996  0.43797842712926732  0.44819710983098404
  0.45870111842448630  0.46725213938320809  0.47605416723082644  0.48479866429692581
  0.49304937163789725  0.50159349536429010  0.51083772259739180  0.52059479760539185
  0.53147399010258523  0.54210541241271260  0.55355153808769464  0.56473194355610790
  0.57593482197961743  0.58706634565841898  0.59815299324272830  0.60902023585516329
  0.61929888892987472  0.62980489497823477  0.64014343981084754  0.65048040214650060
  0.66061180023798027  0.67078949667111420  0.68118057121142528  0.69136753255350192
  0.70145255946829566  0.71201078136989937  0.72318479991245221  0.73445565649326150
  0.74590365492904820  0.75786855908409190  0.76961235602713396  0.78015519296639046
  0.79012615022919996  0.80022003956987853  0.81043425014494896  0.82130318389761225
  0.83232481176234308  0.84428251262224985  0.85647215235318708  0.86786227005842442
  0.87952416409372125  0.89121722856742203  0.90202247520739043  0.91222867518949746
  0.92293745806903527  0.93389655017415141  0.94500735942631975  0.95631561245632868
  0.96887078053797138  0.98018545036581706  0.99050332847309142  1.00000000000000000
 -0.00216459747691121  0.00810936953877026  0.01689335863053631  0.02688666953228587
  0.03744641894742762  0.04781520058018347  0.05733193443659797  0.06765399618497209
  0.07854490214796783  0.08985616546256545  0.10076083110091813  0.11069428504563744
  0.11993697632980943  0.12963990483124305  0.13969935187150961  0.14999764604260915
  0.16051579836693675  0.17128307054570246  0.18215747752387923  0.19237085042211258
  0.20238420339219265  0.21233052558961205  0.22154583399383068  0.23116063709917117
  0.24131192746302707  0.25163280191990589  0.26189359716276506  0.27241885455027010
  0.28433955926795773  0.29617551236926737  0.30689766882605551  0.31755275872687233
  0.32728989579608986  0.33658777152311942  0.34577431622598476  0.35503298729331378
  0.36444349472179538  0.37407026107974073  0.38418465725240331  0.39468011966436300
  0.40431728438306697  0.41367006336701001  0.42364262313100154  0.43458110274772660
  0.44546762291361369  0.45663453823164790  0.46757111040800642  0.47936245664319349
  0.49058551163780645  0.50242059838977282  0.51318878077135610  0.52484842760521000
  0.53641497924964199  0.54798215585839338  0.55957882567254646  0.57062071918483059
  0.58100153195728044  0.59082275992021471  0.60049559634773875  0.61040837846317764
  0.62027389798500543  0.62941366261365761  0.63861190318175298  0.64820408183852651
  0.65859386236060313  0.66882867450277728  0.67955192570744771  0.69003593447285572
  0.70035000254634450  0.71121743853421515  0.72249145282003946  0.73419263002032820
  0.74441737561709032  0.75477858389021268  0.76604664959277591  0.77721140986793125
  0.78838257567487691  0.79948676076836978  0.81103182765237780  0.82269768015347589
  0.83485057250911288  0.84670488240559505  0.85831137855611395  0.87013600772973720
  0.88029423475371182  0.88984920006029067  0.89996721081808773  0.91026619856685997
  0.92100038092107850  0.93099975475053387  0.94196860968804530  0.95409161192004810
  0.96614420589043626  0.97763943268254683  0.98873843656522131  1.00000000000000000
 -0.00232585025720204  0.00861045402056111  0.01778216897694692  0.02804234690098242
  0.03884297275398822  0.05025473913642036  0.06173523306535043  0.07450870039968795
  0.08686745274285093  0.09846342562352983  0.10888540098547618  0.11873683450402601
  0.12913815507344645  0.13984722623462825  0.14989726440573956  0.15883525989461122
  0.16809669756054632  0.17794942618728235  0.18854556105392961  0.19912311032189506
  0.20994892618130612  0.22076629026775885  0.23137364576101654  0.24159845630935642
  0.25198740781054302  0.26242640857156552  0.27264947206988238  0.28289005321272298
  0.29382082672879661  0.30558855976299992  0.31709876225489214  0.32841437913229438
  0.33987985412070837  0.35201396026530091  0.36361815029112354  0.37459897947877041
  0.38520172285454241  0.39548362915680935  0.40479555070633594  0.41387468596116511
  0.42268354892383575  0.43129311206927951  0.44064615009947622  0.45053314993299909
  0.46121219626499282  0.47234414269142000  0.48451890373844841  0.49748750389896074
  0.51004808884879105  0.52168298517900091  0.53296578630437375  0.54454499132664991
  0.55692869720293547  0.56959212290102057  0.58131452236384296  0.59101601084906963
  0.60058820761526777  0.61001805343631554  0.61929323990666096  0.62865650989700306
  0.63798005998321505  0.64773014545133500  0.65836604539682619  0.66925734112536750
  0.68027881902224696  0.69090117222625724  0.70025944829068842  0.70972660626912987
  0.71871522257307197  0.72797858475635935  0.73757554999332609  0.74734418837410055
  0.75696748415124770  0.76652165053552113  0.77662164630525166  0.78733236740449575
  0.79781924119519898  0.80774067344650580  0.81796899420440627  0.82858689281477405
  0.83856298747403746  0.84742496611960649  0.85672556664133337  0.86672828971694482
  0.87754179402808741  0.88877882319762092  0.90044586784775993  0.91277727680548959
  0.92460715968641072  0.93587407786248755  0.94691585868295691  0.95684253870179514
  0.96743414246517145  0.97783574444324528  0.98908965586060960  1.00000000000000000
   60.432318354031970       -1.0000000000000000     
 F F F F F F F F F F F F F F F F F F F F F F F F F F F F F F F F F F F F F F F F F F F F F F F F F F F F F F F F F F F F F F F F F F F F F F F F F F F F F F F F F F F F F F F F F F F F F F F F F F F F F F F F F F F F F F F F F F F F F F F F F F F F F F F F
  <DiscreteSampler_grid>
  grouped_processes
  1 # 1 for a reference and 2 for a running grid.
  10 # Attribute 'min_bin_probing_points' of the grid.
  1 # Attribute 'grid_mode' of the grid. 1=='default',2=='initialization'
  0.0000000000000000 # Attribute 'small_contrib_threshold' of the grid.
  0.5000000000000000 # Attribute 'damping_power' of the grid.
 # binID   n_entries weight   weight_sqr   abs_weight
    10   10   5.338866513205117E+013   7.312613516681796E+027   5.338866513205117E+013
  </DiscreteSampler_grid>
