 -0.00000023442881750  0.00000064660107131  0.00000128912093766  0.00000193622220524
  0.00000258838694835  0.00000325316492886  0.00000392696691441  0.00000461029456484
  0.00000530103176451  0.00000599447269285  0.00000669172122029  0.00000738894033323
  0.00000808608866096  0.00000878218615374  0.00000947751379739  0.00001017682285880
  0.00001087688274605  0.00001157742238368  0.00001231892398747  0.00001311282740464
  0.00001394996125814  0.00001480263148420  0.00001564803951315  0.00001649813119661
  0.00001735993877707  0.00001822667765570  0.00001909688851091  0.00001999504178675
  0.00002089749555315  0.00002180342232083  0.00002272428706377  0.00002365073721299
  0.00002455635839764  0.00002547036742601  0.00002639382338320  0.00002733326941537
  0.00002828311949967  0.00002924987114573  0.00003027171820368  0.00003134654118867
  0.00003252248120953  0.00003371210386113  0.00003490404912234  0.00003608328734446
  0.00003727897947293  0.00003848707987180  0.00003971814606901  0.00004098019144604
  0.00004227031928837  0.00004359919249540  0.00004492493521711  0.00004625704691554
  0.00004760671751648  0.00004912936605968  0.00005075833418938  0.00005245603462172
  0.00005418738025014  0.00005589876445407  0.00005764215077403  0.00005942382266678
  0.00006123017565992  0.00006312644627525  0.00006497819228195  0.00006698044916554
  0.00006931417695175  0.00007169980475405  0.00007419453691756  0.00007677147501415
  0.00007942138224827  0.00008217051040198  0.00008510114727777  0.00008863282259310
  0.00009214175423974  0.00009573379475547  0.00009950810855701  0.00010382124712937
  0.00010866307425591  0.00011375211765136  0.00011911807320764  0.00012521619679802
  0.00013180994962152  0.00013900141007341  0.00014724667499037  0.00015592014658578
  0.00016631606788648  0.00017699437668743  0.00018510591198167  0.00019300303665164
  0.00020235249052122  0.00021299067213996  0.00022578975370485  0.00024136686686522
  0.00026461657233182  0.00030180310784555  0.00035343015642263  1.00000000000000000
  0.00000052042025802  0.00000576860213887  0.00000674765149441  0.00000826365391094
  0.00000987218249650  0.00001133137941363  0.00001250434810670  0.00001349988856800
  0.00001443919879846  0.00001536805561137  0.00001629645534431  0.00001723117002667
  0.00001808077696897  0.00001883950984496  0.00001963800499964  0.00002053676621254
  0.00002150257353754  0.00002250277328839  0.00002355384753010  0.00002468599608784
  0.00002561156830120  0.00002648415725158  0.00002734243900514  0.00002820316100630
  0.00002909854114678  0.00003002580709714  0.00003096574023575  0.00003201756304588
  0.00003308939479352  0.00003417276716690  0.00003527262713214  0.00003633303657734
  0.00003737217592089  0.00003842752866783  0.00003944321109703  0.00004043061242148
  0.00004139233895739  0.00004237268064332  0.00004341005830838  0.00004460670614951
  0.00004581778766823  0.00004696048716257  0.00004805985517937  0.00004913263462881
  0.00005022049212554  0.00005133773548942  0.00005249094274627  0.00005365664681929
  0.00005477788484768  0.00005587374902893  0.00005699591364398  0.00005812491479012
  0.00005923351133282  0.00006037262038391  0.00006158826672697  0.00006288540514202
  0.00006423462994398  0.00006558214829982  0.00006691640458453  0.00006827284102926
  0.00006968165738461  0.00007114192049024  0.00007261572826361  0.00007407580193420
  0.00007564026410100  0.00007724647393769  0.00007884422997090  0.00008076450177223
  0.00008286105554636  0.00008490890980448  0.00008687089174160  0.00008878830414563
  0.00009070554131323  0.00009267555682294  0.00009476341121652  0.00009692669436211
  0.00009923281577630  0.00010155599244473  0.00010405755247946  0.00010680859715802
  0.00010965177758077  0.00011295005210034  0.00011671430253715  0.00012073637783401
  0.00012490682076320  0.00012907623258424  0.00013333498457540  0.00013828523244007
  0.00014410525519370  0.00015030177343822  0.00015845337726317  0.00016948756652632
  0.00018406755465098  0.00021259337481437  0.00041048874492260  1.00000000000000000
  0.95980042245303787  0.96171221286072661  0.96298598456702400  0.96355589420022469
  0.96395177585205993  0.96427078278031353  0.96454243903917536  0.96478011781593265
  0.96500504499730644  0.96521889627242619  0.96542289533202219  0.96562688187185475
  0.96582935680412407  0.96602386620340985  0.96621585435196589  0.96640461536577527
  0.96658834265162064  0.96676105425136749  0.96692629206939062  0.96708460739828617
  0.96723752979311506  0.96738591444315702  0.96753113969042104  0.96767500280240737
  0.96781968905536442  0.96795843090593536  0.96810379204386676  0.96824568954096268
  0.96838018485539168  0.96850951625926496  0.96863284344280121  0.96875508113252451
  0.96887360946596546  0.96899415401301869  0.96912028153652863  0.96925442310064569
  0.96939401789554691  0.96953317897477365  0.96966956025009909  0.96980503845791566
  0.96994439586017134  0.97008574940418635  0.97021652066358754  0.97035112144205282
  0.97048503828747312  0.97062344213888430  0.97078215503537013  0.97093735426785588
  0.97108646465280946  0.97122903361139679  0.97136546675204394  0.97150542449860400
  0.97164825221904627  0.97178751267348540  0.97192746718019651  0.97206963782648725
  0.97221832980089373  0.97238259119252268  0.97255680422506130  0.97271933994644044
  0.97287653586218292  0.97303544132598230  0.97318557839836650  0.97333950790239832
  0.97350599420472372  0.97366751683114872  0.97383679005479107  0.97401099838647343
  0.97417918908571666  0.97435842248627746  0.97454131841133440  0.97474373123126912
  0.97497490176394730  0.97521058277267247  0.97544012775883848  0.97567493120541959
  0.97591041549038959  0.97613794890963368  0.97637473908960504  0.97663242661518124
  0.97690754766891885  0.97720272258752450  0.97754150542233842  0.97791400953227037
  0.97832711045464393  0.97875368353521253  0.97913327143210072  0.97957915909367221
  0.98013061135407242  0.98074385449097246  0.98130801873668527  0.98190062944030554
  0.98267438187858802  0.98370650468709731  0.98591092269249925  1.00000000000000000
  0.95865222597530564  0.96715269496545730  0.96869206496561699  0.96960058465973931
  0.97028664885861238  0.97084470943797296  0.97133266974317733  0.97174846896863165
  0.97210319272564538  0.97241785694213212  0.97271594476416268  0.97300911397877410
  0.97328704475561101  0.97357196950217606  0.97384821952318223  0.97412406337646196
  0.97435335148516067  0.97457782301372797  0.97478763858304684  0.97500814658232959
  0.97522110176015542  0.97543185865089299  0.97563823313076170  0.97583275505290712
  0.97604519178131177  0.97625452454531969  0.97646791877064032  0.97667496543286203
  0.97687292397717973  0.97706001970944456  0.97724263085214036  0.97741958049716093
  0.97759155722949076  0.97775902478455867  0.97792379433171872  0.97807878372841683
  0.97823291298288839  0.97838033464616669  0.97852542066995440  0.97868187989669675
  0.97884937408591366  0.97901756982478327  0.97919892863129143  0.97938195318118870
  0.97957615718145208  0.97976553840193470  0.97995463006106864  0.98014068780942021
  0.98032139648696870  0.98049467494289577  0.98066715402932059  0.98084524389010719
  0.98103273668589563  0.98121465935470975  0.98139744712768451  0.98157107068752036
  0.98173961206027460  0.98190509674983950  0.98207688112649782  0.98225121305508045
  0.98242726571855732  0.98259797876937460  0.98277161393377455  0.98296540919906095
  0.98318384085604704  0.98342093359732230  0.98365758135355763  0.98388416416809588
  0.98410505769152357  0.98429172043402446  0.98446995222999645  0.98465100061481159
  0.98482391660525537  0.98503550675682938  0.98527855521920837  0.98552132291182948
  0.98580613290914998  0.98610937341870741  0.98642855398107177  0.98675393623603758
  0.98706469386275264  0.98734548133635458  0.98761222328277987  0.98789310273266973
  0.98820256655266647  0.98851897837476421  0.98883539715984248  0.98918453573750897
  0.98955599067994582  0.98997447467210864  0.99037037455446519  0.99099706175461211
  0.99219468402165378  0.99349264407019788  0.99596639556763200  1.00000000000000000
 -0.00211089669802621  0.00830139270982585  0.01773361845542384  0.02890135343198170
  0.04025414552276257  0.05084417222157962  0.06040847440104825  0.07051564081974850
  0.08141171376373413  0.09187080902963726  0.10216727858034591  0.11221253945346264
  0.12236786379184525  0.13251776214498368  0.14276097471318033  0.15383659625783058
  0.16525694538249869  0.17584401133490668  0.18578384258534020  0.19576407831632689
  0.20627966635111541  0.21713261312090995  0.22702879379806867  0.23703429673739179
  0.24626330381724754  0.25630749259897218  0.26655078631844498  0.27652439088959296
  0.28708618899003341  0.29848887172401994  0.31045155892091369  0.32192020762831747
  0.33275180431511620  0.34304281020772576  0.35370821670524905  0.36485205711975549
  0.37515970774230223  0.38556378361069049  0.39569832694710089  0.40646845385351454
  0.41749745769316465  0.42859418893878437  0.43994364539799907  0.45109494206269896
  0.46231272480182106  0.47295706236784596  0.48285682824696835  0.49248396539348771
  0.50240716096073379  0.51154050976120524  0.52104726592297768  0.53081879899992157
  0.54073040397547079  0.55134963452612074  0.56102789389884478  0.57103120390153062
  0.58126536668701756  0.59182335371806905  0.60195456091987520  0.61243032440946832
  0.62368086296421521  0.63603659980800842  0.64821644399707412  0.65955770513212719
  0.66955042928810926  0.67854625397247459  0.68756217825525334  0.69672229914212513
  0.70633162821959017  0.71590409701708047  0.72585012562981632  0.73646685847070736
  0.74739468008406051  0.75878009368744115  0.77018323279252576  0.78175882015130993
  0.79324872886294984  0.80499697290086092  0.81678959113908656  0.82841871371370479
  0.83946439544412810  0.85016703897598567  0.86056819149841257  0.87114195872275579
  0.88077994619875755  0.89082327738293388  0.89996469721174488  0.90905525635665285
  0.91879992706411873  0.92918556749719150  0.94191401799994823  0.95301902323037591
  0.96438207119625197  0.97690441047839427  0.98916926245927317  1.00000000000000000
 -0.00334619172627398  0.01275135731739919  0.02398396040449337  0.03493943347864738
  0.04526771865592980  0.05614259268713888  0.06740919528690713  0.07913947998009993
  0.09030717301026593  0.10132724732723443  0.11186078021886682  0.12200403100730493
  0.13208112234622321  0.14188142338203230  0.15207603001450215  0.16239545899696720
  0.17308850097816011  0.18449382150406282  0.19556623989520427  0.20689661729439099
  0.21731145458077758  0.22808938930692282  0.23848776848518585  0.24927465854633565
  0.26040138673759056  0.27191020529568843  0.28456061206887845  0.29687231144593956
  0.30789200801048883  0.31873929298561460  0.32957710046691685  0.34014565362541016
  0.35074391522493775  0.36187261647668106  0.37255226974025618  0.38181165465619921
  0.39073799831278766  0.39998736167951426  0.41046134602272860  0.42181148958566533
  0.43312775485087046  0.44422934594013747  0.45517410273582826  0.46560096839178827
  0.47564858043059810  0.48538672175005815  0.49600711670037728  0.50717635904224301
  0.51827544219077859  0.52855404520819416  0.53812491909496663  0.54866338228819445
  0.55963436233685537  0.57065484608135497  0.58135306672763176  0.59210677661491851
  0.60202466635675500  0.61150505839510183  0.62126919395095592  0.63229054528359152
  0.64358619282299812  0.65382865253811262  0.66334158955762990  0.67281511837353070
  0.68211066037910728  0.69245877558453106  0.70382260076692515  0.71607832748272704
  0.72882421554848775  0.74047356487325999  0.75147088058234490  0.76161141455904124
  0.77143320660881476  0.78103424825510970  0.79028967571815067  0.79970698402933216
  0.80979205463499038  0.82001766969634282  0.83097552686146969  0.84089723376003933
  0.85037188092238547  0.86014602033777088  0.86998684429076090  0.88102583572670023
  0.89128789269007547  0.90141453093674817  0.91176010356448878  0.92138292587100845
  0.93056667799371162  0.93969307948580494  0.94896194996231720  0.95894001774397841
  0.96842976805019299  0.97853321546359573  0.98861437776080285  1.00000000000000000
 -0.00262427206720983  0.01040296232276044  0.02114548339745757  0.03209721783193381
  0.04325303949285634  0.05512239424540262  0.06808154612119567  0.07932268592277592
  0.08983322001304334  0.10069428998218703  0.11184020813542256  0.12348778177851587
  0.13408519304215408  0.14417963019521257  0.15472504837974596  0.16542534760425570
  0.17564473791240989  0.18629438098476062  0.19601693842374140  0.20711423426821354
  0.21726050724900522  0.22725753851184843  0.23689137072857236  0.24669360915421476
  0.25588651330849049  0.26485810531149817  0.27410085663298572  0.28409423805208095
  0.29436502119839508  0.30457544423832589  0.31458409943931687  0.32484875122970658
  0.33542677284512795  0.34593293694256216  0.35642265920565491  0.36738542862159457
  0.37901249923212232  0.39083067234545299  0.40223910310272259  0.41334273669063193
  0.42427694977159341  0.43498628861744137  0.44515576955945074  0.45508748314325848
  0.46553411538946760  0.47556566890261331  0.48472775550710345  0.49396277288020818
  0.50398608346858065  0.51489917231386939  0.52536493790726579  0.53509410149838577
  0.54455425484456910  0.55392929927297041  0.56363221473029523  0.57376588050919575
  0.58449167932756385  0.59508557901334913  0.60547031778859040  0.61547366988885488
  0.62558348773155681  0.63559560885623012  0.64525269264098639  0.65469107160038720
  0.66448666818616897  0.67496142529390424  0.68585576872214393  0.69581704866659366
  0.70579527342962922  0.71645868532276979  0.72806253559128487  0.73969651589384644
  0.75044803714478381  0.76182687351720124  0.77294945046529395  0.78367478863850204
  0.79403361712434906  0.80411446103570139  0.81512883671698699  0.82575637502088273
  0.83666193643242637  0.84694791890732823  0.85741326733347822  0.86778334454671302
  0.87845470341488285  0.88972013139889594  0.90105808486077488  0.91249005169479547
  0.92329870068690534  0.93323205785148988  0.94374659861143417  0.95423500587209531
  0.96573531964565962  0.97754123530786008  0.98864536706988360  1.00000000000000000
 -0.00247308347812359  0.00958196568556591  0.01967439845218850  0.02981609890794116
  0.03999628853699872  0.05012837283134168  0.06049530336178849  0.07228910272119918
  0.08403725783631595  0.09489581234002845  0.10512692920082126  0.11495575053467970
  0.12503560253425736  0.13497543163724224  0.14503094577775219  0.15503114237815846
  0.16515679130455868  0.17516782686528787  0.18494647438820183  0.19485311566812677
  0.20434966175758076  0.21372213359375436  0.22298522319803396  0.23262588782588320
  0.24254286014856546  0.25250357412115909  0.26279616470373768  0.27350458506270803
  0.28438272255062236  0.29469424716633896  0.30433224354617627  0.31360915663661765
  0.32282044605765708  0.33266356603426528  0.34278322887100976  0.35323268439599931
  0.36381843279207216  0.37428770808334194  0.38483859031486489  0.39542477671997822
  0.40594570362382826  0.41649213855681638  0.42698935971948426  0.43766688782754626
  0.44809425823820853  0.45842604995255259  0.46863274049152126  0.47860439450939463
  0.48865853730228953  0.49903629185435461  0.50965725732837386  0.52051361597608847
  0.53172745615843298  0.54344742946230262  0.55476852466427473  0.56514554434198794
  0.57532157292207675  0.58550442411534498  0.59652843840517666  0.60724912224992333
  0.61812005255890556  0.62810844935822496  0.63847394353353937  0.64901093018543698
  0.66098772428046848  0.67313406267165254  0.68490162183863312  0.69635068262247313
  0.70768061714739816  0.71856953713397487  0.72879999608314538  0.73936575122189274
  0.75069533849207926  0.76192033969903350  0.77262235367249166  0.78275980964195746
  0.79321719215682529  0.80443676902980155  0.81572893935937085  0.82618823029597355
  0.83619801198288390  0.84634331507580263  0.85629625124996933  0.86647602926465361
  0.87700606350694976  0.88800850815837817  0.89961566325274245  0.91106400388880204
  0.92208107014437424  0.93337139093059751  0.94452521305311565  0.95470643563913604
  0.96480636542088793  0.97538098433273879  0.98722001568157425  1.00000000000000000
 -0.00202816715731624  0.00804088200903419  0.01798456720577108  0.02763338120097764
  0.03848349846609043  0.04995342366009452  0.06205341552918728  0.07189933588356680
  0.08168471268145333  0.09168577351553933  0.10251836000571815  0.11303241402842176
  0.12308784495329325  0.13315520202930378  0.14372302103637097  0.15437069512215118
  0.16533185590811666  0.17639556644952409  0.18729003189789473  0.19801737024945998
  0.20894743744718072  0.22033619549907152  0.23225797478496493  0.24293873343853692
  0.25280255178946315  0.26233458035514601  0.27160541375344927  0.28179912915284500
  0.29196379016137447  0.30215822330141529  0.31255086316162467  0.32271381805334237
  0.33267448391420279  0.34250716208752741  0.35235422380173120  0.36204748368651180
  0.37179978240099726  0.38162985797355797  0.39141486647737961  0.40095509581306443
  0.41054044414294832  0.42064689792114029  0.43072048480090386  0.44036736006997984
  0.44969340136723646  0.45962847843180338  0.47014184677360166  0.48068844755169887
  0.49135364746563687  0.50202715934524833  0.51277907335310779  0.52332221044555649
  0.53471581809331759  0.54594753606512048  0.55697485231381638  0.56738643427323809
  0.57735126234247347  0.58732364526863190  0.59748984948103423  0.60829311710651912
  0.61981283288323619  0.63119048193380489  0.64180800469195731  0.65198607244630402
  0.66224139772228363  0.67301759116008419  0.68411462501288800  0.69488766299537319
  0.70607603091883298  0.71771280612977639  0.72996626671868547  0.74256898542915173
  0.75514525461608140  0.76722872136987297  0.77922144241368319  0.78903637904554769
  0.79863025616850880  0.80884624316333853  0.82170586724157324  0.83367122028302432
  0.84491555759935033  0.85573523338940494  0.86727698776013129  0.87813082497908179
  0.88843020411589357  0.89852973593917540  0.90860463964872717  0.91870549822132541
  0.92933698767617845  0.94064806783231203  0.95198606531914387  0.96223352692976538
  0.97129729690360589  0.98028985400057833  0.98965262129048248  1.00000000000000000
 -0.00237273012218217  0.00929480726594017  0.01893626258439091  0.02887470809983472
  0.03883941523329866  0.04866417359939330  0.05764318034701497  0.06699798565071843
  0.07677256344802486  0.08783780118371876  0.09919269047340518  0.11034894105276848
  0.12096048579089377  0.13099241913903487  0.14062515736777539  0.15070227922515647
  0.16058846737977139  0.17056785983399825  0.18034371083260031  0.19069069423055615
  0.20258999212263212  0.21389148664449256  0.22427232514273596  0.23438020539203561
  0.24500648627719290  0.25603535054978382  0.26726410213895146  0.27817694324420172
  0.28935245837016660  0.30152130855753068  0.31387184269902363  0.32584912323835513
  0.33677684313334738  0.34697147492320191  0.35746891058748459  0.36844105940466076
  0.37938711421514604  0.39018798518810055  0.40099682144916632  0.41187574077315359
  0.42196840425634247  0.43111764899803368  0.44053061149622968  0.45063608122501758
  0.46074185571140658  0.46985695109184650  0.47922390926937164  0.48990733485955240
  0.50159207740862854  0.51273629610897087  0.52275413477566979  0.53313609600843337
  0.54396513811104485  0.55575180031375426  0.56680034336135210  0.57673249946345262
  0.58628603308530247  0.59585348855703513  0.60564572782671589  0.61606632776379222
  0.62725941184873057  0.63867858572172409  0.64973533716494547  0.66043676737220147
  0.67148400231096983  0.68232174900115983  0.69267822816953650  0.70305526395642370
  0.71360414978801079  0.72442954864288001  0.73473186427043957  0.74484059747222464
  0.75507586866900900  0.76581671045342059  0.77641301609418589  0.78646411207581990
  0.79643941453815037  0.80712775416569627  0.81818464711014682  0.82835257106628779
  0.83825785976760248  0.84807238724678269  0.85829754365589639  0.86921235592789803
  0.88054683847190929  0.89171422586193849  0.90279740187931834  0.91316718720070578
  0.92303363752629497  0.93262987289024979  0.94286855597824870  0.95360731094382056
  0.96391214146947879  0.97502584605759812  0.98680952443035919  1.00000000000000000
 -0.00210564198539578  0.00869341061245893  0.01906575569731222  0.02978605956206284
  0.04004535916494240  0.04968910758209497  0.05876764420861764  0.06771667998841839
  0.07647077485710917  0.08562019925553621  0.09502480213601493  0.10458658133028430
  0.11447281420350292  0.12444864354443648  0.13452676026469326  0.14455044451325968
  0.15507361130939346  0.16607288916768703  0.17724852386951159  0.18817372609526239
  0.19866075350726062  0.20935708158705343  0.22041489870831332  0.23113156786801300
  0.24095935608821178  0.25075908590368901  0.26128808379574342  0.27253341675403364
  0.28367433535742320  0.29429239699714033  0.30414828346110695  0.31366634364900775
  0.32368725821471428  0.33521938430966597  0.34658094617914559  0.35685310912162704
  0.36638111544781249  0.37639402910920888  0.38736870147751312  0.39848355110268635
  0.40947591309507547  0.42069983894426249  0.43182596105775206  0.44199869690173738
  0.45152520185945466  0.46147222936356208  0.47245387480337714  0.48392514557113497
  0.49440976017157229  0.50407653025225352  0.51393272750653474  0.52402128231077272
  0.53434819219376917  0.54459008160021072  0.55472845472157284  0.56520899883491793
  0.57613204553523034  0.58694777011957655  0.59735774228842120  0.60788757914168412
  0.61900182241648993  0.63000701051388808  0.63984535045613700  0.64876159185055748
  0.65773019011868494  0.66725518560179331  0.67696469807113058  0.68664688781443262
  0.69672534398022501  0.70776136266799972  0.71997882662879809  0.73213275797359989
  0.74368273194886281  0.75482968033509912  0.76598745585838668  0.77754372230724078
  0.78920332533173221  0.80096238597767877  0.81294574242689310  0.82457181671127266
  0.83528598472768134  0.84553333485121496  0.85611169592746994  0.86690746324058032
  0.87803352950387170  0.88909912354135279  0.90056711211420282  0.91109126501574034
  0.92194150274336950  0.93284637028298545  0.94381010006843780  0.95475172372072947
  0.96646649763540704  0.97847048066092501  0.98937547622632738  1.00000000000000000
 -0.00337965302477681  0.01089625488838912  0.02366540121419506  0.03567985590235551
  0.04706260727880328  0.05800532425364871  0.06875031783663080  0.07892925832790675
  0.08856384610221535  0.09811295741508627  0.10826408202017117  0.11929716131002663
  0.13086798105871017  0.14212870753924456  0.15275118293613829  0.16304549349841893
  0.17365607009447975  0.18449170626678221  0.19509473208392247  0.20564077284012691
  0.21642278487447258  0.22684509451632631  0.23636563503785754  0.24530630546493196
  0.25459994098850752  0.26450659519360581  0.27383996810633626  0.28296517788103276
  0.29286033580153126  0.30280934574426632  0.31269552148867419  0.32119774933913819
  0.32961835039410048  0.33786904780144406  0.34642264408608775  0.35576183764246277
  0.36611899509681367  0.37748202458570790  0.38894174622030647  0.40021781738750556
  0.41073174708945753  0.42053259101456858  0.43023704578420363  0.44028444978568115
  0.45058513676494166  0.46088312706225104  0.47118931829637106  0.48172612325702890
  0.49301218275562719  0.50484550006507090  0.51768894047243308  0.53032278449802583
  0.54110062061610098  0.55169546225742117  0.56205681177226985  0.57268203605071311
  0.58347509286287602  0.59425739756336904  0.60573433597951643  0.61734333690320820
  0.62877863351686980  0.64023997421331991  0.65151390335426584  0.66278842878474353
  0.67440695367861736  0.68626888160576383  0.69766516110291699  0.70846597509972586
  0.71885180412360894  0.72889249679805956  0.73853388913367823  0.74887178688439160
  0.76022784673437060  0.77162913187322379  0.78214293943466495  0.79277883040360508
  0.80373606404001718  0.81376084363829171  0.82347879510555244  0.83312872620084255
  0.84369154341497088  0.85428889561093979  0.86509754918933723  0.87574921819102913
  0.88656447883657719  0.89766006443322643  0.90821165573971996  0.91879561510979002
  0.92868887634545405  0.94004857819661602  0.95079317545269559  0.96169527204804639
  0.97204423036609866  0.98156540982310869  0.99075127168781141  1.00000000000000000
 -0.00306993911441784  0.01133929934956915  0.02280707814053538  0.03427727920406030
  0.04533702018383857  0.05705965915128821  0.06901380513738128  0.08081208063735774
  0.09162991936259310  0.10260022421497399  0.11400893633329513  0.12441775762839001
  0.13485799375912377  0.14511065147488617  0.15547507436347194  0.16605115644548288
  0.17641910757178728  0.18704981714059049  0.19787589807822678  0.20888664177093125
  0.21968771815161822  0.23057383113861654  0.24047971941704918  0.25017038766820593
  0.25929493999155984  0.26860112567265793  0.27988841096220224  0.29053263875961627
  0.30087058666386002  0.31126455379929374  0.32141572761823239  0.33225948358857388
  0.34351649726574901  0.35518597848821470  0.36700263308296210  0.37855125176133353
  0.38973661741995486  0.40067637112285109  0.41149128270251839  0.42232674642150436
  0.43322967438448956  0.44413027838722513  0.45496945462535537  0.46563412727782766
  0.47585235192129505  0.48557610166104898  0.49530964267689870  0.50529537589523410
  0.51559010615599155  0.52581726619069513  0.53606621896817341  0.54649782645218015
  0.55644557766268199  0.56627214212407739  0.57651053082234771  0.58728988409189431
  0.59862636632868438  0.60974362926462700  0.62003652437739543  0.62912695099657512
  0.63868589904397599  0.64846456287616649  0.65833144595493354  0.66823419689893981
  0.67752759231241666  0.68739829855863710  0.69690101383346170  0.70643283069088247
  0.71564854284270174  0.72430202484201445  0.73298395851268183  0.74218242994635208
  0.75190255695375097  0.76171366473117075  0.77127668824335760  0.78137328267245909
  0.79190544074413372  0.80208255098709236  0.81200424058467557  0.82211312203674292
  0.83286122848557853  0.84379170061874020  0.85497239466292829  0.86593738402334586
  0.87698021097944323  0.88800537437338622  0.89980031797299753  0.91151482911308612
  0.92361400868153842  0.93548437335446022  0.94778323587790703  0.95877446993953341
  0.96904516276107611  0.97888411490842719  0.98928290767603277  1.00000000000000000
 -0.00211554149860027  0.00888363098755293  0.01943207859726736  0.03043928087666662
  0.04153292698400027  0.05154974320764866  0.06146104450410238  0.07135333517537976
  0.08080455459731863  0.09002864874340685  0.09988207842565501  0.10977999074444250
  0.12035012457545999  0.13050528208856890  0.14092130521731261  0.15061503643078261
  0.16083580128308594  0.17083976397777459  0.18125531822242155  0.19169903300096527
  0.20284336851732315  0.21362254579376797  0.22466507628255633  0.23615358568749267
  0.24892884211805397  0.26004148389597803  0.27072293439943917  0.28087161422066698
  0.29118880486361004  0.30180038658845093  0.31208342232541625  0.32240184071743422
  0.33267142907020864  0.34344582869981893  0.35449879357584235  0.36553518953893249
  0.37630074805723623  0.38667757002414338  0.39646328216328608  0.40647104156879221
  0.41711732756852776  0.42776327048905249  0.43799032047676983  0.44795214074003986
  0.45819070654117761  0.46899172133422651  0.48001415682553172  0.49126444942668113
  0.50255590182361054  0.51451866811992586  0.52508615357924981  0.53503140760814472
  0.54552512086857963  0.55650126597962546  0.56811072167215704  0.58021371438803471
  0.59188656260813921  0.60315455963233044  0.61433040088091873  0.62535893860181169
  0.63651816809148343  0.64724643086451428  0.65751410243638020  0.66701415723931057
  0.67637295673709164  0.68661907252058230  0.69732155996441159  0.70724994892745774
  0.71654355928145164  0.72536242671592266  0.73463441243109751  0.74435271708125073
  0.75457538104392130  0.76461596770351292  0.77459767966971194  0.78490557671651318
  0.79610064781967960  0.80709108171708444  0.81859366643796927  0.83005675640243559
  0.84070351052230008  0.85084604962363486  0.86080707847172977  0.87182142199909152
  0.88428344675783455  0.89731015472444775  0.90920378444244065  0.92046114393462497
  0.93086791724946416  0.94117008600310537  0.95116298104224273  0.96172185294160450
  0.97243374742271305  0.98225643425725950  0.99135640317900497  1.00000000000000000
   6.2158129114771751E-070  -1.0000000000000000     
 F F F F F F F F F F F F F F F F F F F F F F F F F F F F F F F F F F F F F F F F F F F F F F F F F F F F F F F F F F F F F F F F F F F F F F F F F F F F F F F F F F F F F F F F F F F F F F F F F F F F F F F F F F F F F F F F F F F F F F F F F F F F F F F F F F F F F F F F F F F F F F F F F F F F F F F F F F F F F F F F F F F F F F F F F F F F F F F F F F F F F F F F F F F F F F F F F F F F F F F F F F F F F F F F F F F F F F F F F F F F F F F F F F F F F F F F F F F F F F F F F F F F F F F F F F F F F F F F F F F F F F F F F F F F F F F F F F F F F F F F F F F F F F F F F F F F F F F F F F F F F F F F F F F F F F F F F F F F F F F F F F F F F F F F F F F F F F F F F F F F F F F F F F F F F F F F F F F F F F F F F F F F F F F F F F F F F F F F F F F F F F F F
  <DiscreteSampler_grid>
  grouped_processes
  1 # 1 for a reference and 2 for a running grid.
  10 # Attribute 'min_bin_probing_points' of the grid.
  1 # Attribute 'grid_mode' of the grid. 1=='default',2=='initialization'
  0.0000000000000000 # Attribute 'small_contrib_threshold' of the grid.
  0.5000000000000000 # Attribute 'damping_power' of the grid.
 # binID   n_entries weight   weight_sqr   abs_weight
    10   10   1.039739086362970E-027   3.121898611600863E-054   1.039739086362970E-027
  </DiscreteSampler_grid>
