 -0.00252343045099376  0.01074149160969276  0.02211938751023863  0.03308099106720883
  0.04392372270661998  0.05536731522190397  0.06654157914460095  0.07778012305508938
  0.08907475502484637  0.10055077972286303  0.11201426886587258  0.12312180773143838
  0.13398398363101874  0.14500356375193174  0.15653007760218068  0.16792029042973347
  0.17852236787537215  0.18886342007045839  0.19942093526710811  0.21020667577437971
  0.22080057831714087  0.23162293711592646  0.24286011009707728  0.25436837918359795
  0.26679205865461492  0.27792806252695085  0.28875405087717820  0.29853981365942017
  0.30776080682177348  0.31683894410648222  0.32598313616627217  0.33477107982781246
  0.34337366799432212  0.35203118024679730  0.36183603961771027  0.37194581627840673
  0.38204178623169260  0.39205311946704258  0.40228726296655115  0.41248846521188076
  0.42338129609085445  0.43433330484392602  0.44436051593987941  0.45393583041540386
  0.46368858311180705  0.47356569961516609  0.48386115676781472  0.49297184169329122
  0.50314067879063706  0.51438272950114872  0.52578920569225385  0.53716075073066161
  0.54845348408202921  0.55948564074443308  0.56969115348357591  0.57963303449557169
  0.58967368368915685  0.59967053963894568  0.60903663726978285  0.61800483829072062
  0.62702299108744008  0.63650155282554011  0.64584606593558636  0.65589780578730561
  0.66712672257446748  0.68026813699745770  0.69236738455282898  0.70321051099205523
  0.71394461677921273  0.72470569776094984  0.73577923264603573  0.74716744721962491
  0.75905196074287151  0.77098082354851050  0.78223145759691404  0.79304617055401039
  0.80377537486899475  0.81450404729038339  0.82538506160281677  0.83646611893294098
  0.84757852929502286  0.85813858328185277  0.86824350389732685  0.87836304065122872
  0.88861645218821461  0.89839683142381399  0.90766805745079970  0.91707433897800805
  0.92646735406191350  0.93533089170738493  0.94408414280753528  0.95314731204131808
  0.96383644760085230  0.97523477391775681  0.98714388493129979  1.00000000000000000
 -0.00010334329956347  0.00524373063815098  0.01129121929030940  0.01794090733964839
  0.02553383824699201  0.03373578701061190  0.04216666221178315  0.05052451125592661
  0.05928206555782136  0.06799886512679913  0.07655284658136123  0.08496483740389980
  0.09322717941356282  0.10149971412779388  0.11046042288236124  0.11969560067190936
  0.12914322339779469  0.13886342946812966  0.14874401924138853  0.15905831399097636
  0.16922199693432033  0.17921624714250425  0.18926384935000509  0.19969047856434283
  0.21002875715717043  0.22052436048056029  0.23064852982815109  0.24063273425971518
  0.25082649684902725  0.26140951966136827  0.27187109957166311  0.28244008023814010
  0.29322553359134235  0.30478204907700551  0.31536602970737715  0.32558898117125595
  0.33593243460361583  0.34654395108005615  0.35699388741208876  0.36673332656864199
  0.37642422222471966  0.38692585432996462  0.39743996721002761  0.40831070571145245
  0.41977751516312045  0.43164195812710482  0.44300351600440951  0.45442402816437832
  0.46668482972511866  0.47865357446543949  0.48949056108013500  0.50004978821024759
  0.51089115606826374  0.52146360863208352  0.53156538030416634  0.54223251600884104
  0.55450805712888185  0.56778609687869352  0.58058198833730801  0.59246635924319935
  0.60399176200637217  0.61520314942948795  0.62560287795223313  0.63588517999303917
  0.64609627900428446  0.65687184952260025  0.66803242672290331  0.67967825776764856
  0.69151547162682636  0.70255171830271645  0.71407110477443847  0.72557880130942165
  0.73700337512702085  0.74804445000744535  0.75898101729017520  0.77019331792103130
  0.78196187747043366  0.79421541620898195  0.80628697643809544  0.81749053445646336
  0.82745878613251012  0.83796937401503713  0.84816645504103594  0.85826266682201113
  0.86740814534521937  0.87676319987659368  0.88707789257390035  0.89845774375444654
  0.91021932570070341  0.92203887785705063  0.93416621766447827  0.94596204786727167
  0.95762721400658490  0.96983545698567908  0.98366911514483857  1.00000000000000000
 -0.00865353393036734 -0.00378860111502660  0.00358550822454643  0.02710995202731686
  0.05104840487586400  0.07597650836799258  0.09986370509914864  0.12292974846763635
  0.14366553837507173  0.16407792323856094  0.18463444553902228  0.20503720722001631
  0.22533213776219962  0.24778746064887541  0.27041609496475211  0.29291521800508774
  0.31553308757070442  0.33826101941995140  0.36089228856136746  0.38350544127418246
  0.40613715576780818  0.42864726325858443  0.45095355168334289  0.47322337609853343
  0.49547270135315652  0.51757627142498230  0.53992590973124466  0.56316574486873461
  0.58713822922993342  0.61185903598531910  0.63814033697022954  0.66353333069728326
  0.67450155867723915  0.68469518279884412  0.68990043752146091  0.69161202402743149
  0.69509606095880494  0.70014183001770569  0.70505873110853157  0.70991995779321604
  0.71475455048696623  0.71963830712746912  0.72453113003821457  0.72935023602611293
  0.73422425284862003  0.73909285871912089  0.74392427275991058  0.74886065179637606
  0.75388726715766752  0.75887693511388221  0.76378888594821603  0.76873393212242569
  0.77378013401184798  0.77889323276934419  0.78398544839889295  0.78906045721955109
  0.79416858113549560  0.79927038117445548  0.80436204707834613  0.80946688786476262
  0.81457656089034103  0.81964675869343095  0.82469150113862744  0.82974696037230289
  0.83479378015991479  0.83979407653652249  0.84490411191573989  0.85018587612521312
  0.85548082691346472  0.86066906131656018  0.86587782715749795  0.87111463019640401
  0.87637363331683682  0.88165251457526406  0.88694200556257441  0.89228032796440127
  0.89761418153451311  0.90295016688405860  0.90827869492795710  0.91359606329721810
  0.91881359123518969  0.92405110148906155  0.92930760412224067  0.93461288583085589
  0.93996674939538072  0.94543445839980189  0.95084909641527982  0.95625774660585494
  0.96164234138286364  0.96702725951511792  0.97245468769024879  0.97793845074743890
  0.98347882420927368  0.98899549989735025  0.99449796996189588  1.00000000000000000
 -0.00358665304866277  0.01276078211003589  0.02615296847134529  0.03860215253539172
  0.05001736848933468  0.06064253708235702  0.07100050336717441  0.08145903068144791
  0.09243085602966782  0.10407077675599871  0.11617039747583512  0.12797191319649734
  0.13870218285640043  0.14897180159051618  0.15863147653769613  0.16891468294944392
  0.17879181481181333  0.18831591714953111  0.19746208345611904  0.20671160395533453
  0.21614062331616174  0.22561805068384289  0.23545385556972098  0.24524726361053850
  0.25492474279838390  0.26428940299318027  0.27395037660629268  0.28438971450596023
  0.29493227263440169  0.30514149238152161  0.31544469113546431  0.32622506450743499
  0.33717068236063852  0.34798561773552966  0.35861359127953141  0.36884296217540297
  0.37889473519733063  0.38871724808308267  0.39837841072856683  0.40781306027790654
  0.41738729801544328  0.42686703413494054  0.43601160289232810  0.44565674200383421
  0.45481916156540197  0.46435551587276896  0.47384745603716710  0.48419154349514887
  0.49511378543290707  0.50685859999767258  0.51927781303030829  0.53154185673192011
  0.54293080612477118  0.55338376893299579  0.56365607119445427  0.57438532402560438
  0.58529368350795907  0.59541724845543897  0.60547391244414306  0.61571832867816489
  0.62630210413388054  0.63695835890891384  0.64777013821117202  0.65878167731449644
  0.67042708231602066  0.68249853676860261  0.69448708755704502  0.70610660072708265
  0.71784884369637281  0.72962415218795817  0.74181715922097047  0.75379261664693387
  0.76493251558919906  0.77549379985017797  0.78461396584208010  0.79395060482620028
  0.80338898731034059  0.81325495748955823  0.82301747420087534  0.83268258300093079
  0.84255829845551522  0.85262030884893658  0.86293545018354589  0.87324341829137753
  0.88356931345349976  0.89392369247246339  0.90421279546941669  0.91429087061347425
  0.92461735404250611  0.93574333927490394  0.94717969024606374  0.95830499203205188
  0.96869839401126268  0.97891101704308325  0.98956061389913719  1.00000000000000000
 -0.00168706602186300  0.00692105025216757  0.01534663598788421  0.02399706082716663
  0.03346143687366827  0.04315057827746432  0.05303773987635109  0.06296734677642862
  0.07260878149954800  0.08215125044014154  0.09198865493463476  0.10222895394070888
  0.11239206674838015  0.12182242543949669  0.13283289989119068  0.14463834245690685
  0.15569829290595152  0.16615993028136131  0.17677546151891627  0.18730458606375591
  0.19765311379620898  0.20859956376598043  0.22059957870018740  0.23261385092210304
  0.24433630715615645  0.25573645812164508  0.26648637729585534  0.27697665563343488
  0.28735451166238829  0.29812975121234320  0.30954697149147853  0.32100855946231804
  0.33264412103650054  0.34439239004705896  0.35622360445373613  0.36735643335053159
  0.37786520806894247  0.38811658877912586  0.39838825370663711  0.40837471715507556
  0.41835689601836057  0.42845157224642538  0.43877738364790020  0.45050768938293445
  0.46232286684186835  0.47399408015226457  0.48542577123858704  0.49710517136375465
  0.50961517371954912  0.52218610069955851  0.53479099435210331  0.54616766377563697
  0.55724215455900006  0.56854917816135819  0.57930637360491977  0.58921049263406833
  0.59838489622214963  0.60834562507664125  0.61858762633078934  0.62888411513490661
  0.63867960305219784  0.64914424209053090  0.66002963000527082  0.67034025425303312
  0.67990891811816434  0.68987963011091558  0.70100111899690165  0.71208153240855621
  0.72141951549091776  0.73066623549191878  0.74059067222024610  0.75065428821767954
  0.76061345698427762  0.77020883914501181  0.78035210203263938  0.79082013368337412
  0.80191212717983462  0.81296964900264057  0.82391673583680392  0.83457201894240629
  0.84527435385715854  0.85596619436389898  0.86658569597708790  0.87663742586709004
  0.88583566642266998  0.89491881265384710  0.90441155557322661  0.91410372328443668
  0.92352180141970841  0.93318100532257975  0.94384625893042429  0.95584536296018896
  0.96708390378562425  0.97851970786809306  0.98925491124109188  1.00000000000000000
 -0.00229250919672749  0.00873542685501742  0.01825338140291938  0.02733819462461268
  0.03660859058707445  0.04600247383190695  0.05513255780844326  0.06381745292671340
  0.07253569987798850  0.08159391487697913  0.09095883510249772  0.10022577948214585
  0.11012625712585099  0.12046262953224168  0.13062257384703641  0.14053072635931657
  0.15087620206290081  0.16169581444458114  0.17258600985963263  0.18347456544850951
  0.19417930452704141  0.20502200316434568  0.21585066207235937  0.22592050279462456
  0.23651202891991294  0.24728626637135184  0.25882342370768074  0.26985607324106248
  0.28200818868849797  0.29365729136333735  0.30516042068704863  0.31682997081917708
  0.32878184566309060  0.34073066599314450  0.35262341707080408  0.36485189747449120
  0.37730383359127623  0.38990368630950412  0.40279022317716001  0.41536867083455348
  0.42657646131178190  0.43733420706811171  0.44805603592298088  0.45951292039275066
  0.47058790879076956  0.48160120553246660  0.49227722912711575  0.50300392660382376
  0.51399167738766183  0.52450543324006527  0.53457362054011581  0.54433458555867464
  0.55431172718590238  0.56478617052650337  0.57461213267639333  0.58436363139152903
  0.59492612763424535  0.60556813705933421  0.61707330845824016  0.62790703849226781
  0.63983070760283223  0.65121768815897552  0.66321568593419167  0.67523566685208802
  0.68678370075601347  0.69816369622144381  0.70952327580517471  0.72087011959034508
  0.73192705463395080  0.74267027774321415  0.75349497638630081  0.76474980973033369
  0.77631980353496344  0.78760339693734205  0.79852873604260377  0.80915638143967972
  0.81942381415061749  0.82962426981830595  0.84001573606377133  0.85004168282790837
  0.86032796355435959  0.87106323154713139  0.88158465915089601  0.89131091595980316
  0.90047450262107753  0.90931726222718379  0.91812726514235599  0.92626589822181327
  0.93428818571386485  0.94309451514903708  0.95271089038229306  0.96255172676510514
  0.97236651513071481  0.98179646884830307  0.99101300450823337  1.00000000000000000
 -0.00272000581533272  0.01029829775312584  0.02112941868679170  0.03223306640213106
  0.04348121782161771  0.05457708728033889  0.06616985744543137  0.07799110431123592
  0.09021789110367924  0.10226264605102303  0.11431284116977179  0.12594151865932390
  0.13712410577667661  0.14843184577235377  0.15934856787169177  0.16955087347522466
  0.17919197282381275  0.18857557094930058  0.19795685659702791  0.20784187639017140
  0.21877286843301164  0.23041388024163217  0.24231658737318706  0.25352789388873503
  0.26420166775469534  0.27499758919147838  0.28563761410411842  0.29650437969861998
  0.30746351752162243  0.31879290523449727  0.33050860158495382  0.34171192006951151
  0.35239375779280352  0.36336199601956848  0.37424739413852415  0.38471096659677323
  0.39452058977544446  0.40366226398878113  0.41268643787036241  0.42172358987413922
  0.43073404404398991  0.43959481734684047  0.44840107589621336  0.45797520260970054
  0.47073260093121783  0.48281549283197672  0.49367458192218411  0.50349364230456728
  0.51266472547536235  0.52201181630871796  0.53154682135205111  0.54116942904043008
  0.55084939705603975  0.56114259333141547  0.57257181080008890  0.58450666857812383
  0.59509491039330886  0.60569827729561798  0.61767698432211271  0.62930031046694912
  0.63952776778173082  0.64961053959301895  0.65978697223909744  0.67005695623796702
  0.67984672597149154  0.69011739108209069  0.70097791661050657  0.71173915286941991
  0.72152269948466785  0.73217996239354011  0.74320500009908919  0.75442987561433705
  0.76519517149891425  0.77669352643749823  0.78913571264245819  0.80254278446424410
  0.81571687810849380  0.82690976480509559  0.83727200620560294  0.84669776579812572
  0.85609945431220658  0.86548715181068703  0.87484655314331439  0.88480429219525625
  0.89501009104322915  0.90516842664128017  0.91520777230103367  0.92545069452299467
  0.93536087049228467  0.94529104450581369  0.95518285539380032  0.96515057162040752
  0.97439679811502744  0.98294520411445307  0.99122241650443377  1.00000000000000000
 -0.00353834691923494  0.01251775981141541  0.02355580211750242  0.03421627241565601
  0.04445880631073299  0.05486107957472158  0.06570312356560858  0.07647877268881853
  0.08702736398741774  0.09694798787730506  0.10684196575808512  0.11719354749802446
  0.12719378196997427  0.13714208690368418  0.14765374328064607  0.15963033657595671
  0.17192339631324047  0.18427537317226869  0.19617612599947948  0.20743108102897734
  0.21848597319155014  0.22947557281904132  0.24031780024081101  0.25103159667477437
  0.26176527450754300  0.27251708399435048  0.28335825745511128  0.29376153994520171
  0.30363559156418618  0.31378528815066797  0.32446129411595620  0.33537095041403042
  0.34566712940450439  0.35589116253558661  0.36678651523434175  0.37717952667870674
  0.38675015707562288  0.39658721134386671  0.40675585939846565  0.41668294514810061
  0.42608318601967382  0.43440140305834485  0.44484870664703652  0.45651222206366893
  0.46860918532218560  0.48095162501280020  0.49299318130685127  0.50487987718373617
  0.51655350841986836  0.52702204352123028  0.53673332963719278  0.54672347413305777
  0.55648040853992908  0.56619374527017985  0.57554814504400331  0.58453787024584714
  0.59327801674930614  0.60204270575109797  0.61033323848432686  0.61894762039362528
  0.62786414168012283  0.63637142862990237  0.64506405740665906  0.65467237417315172
  0.66478332512616278  0.67614355815007132  0.68805861379388433  0.69922288063102545
  0.70995194420132057  0.72091016030993516  0.73225281400081110  0.74342007772024843
  0.75386586993098448  0.76406686111453548  0.77425415853447832  0.78461526406958759
  0.79502792287290680  0.80567936984581301  0.81674866324370798  0.82846230776051377
  0.84042398077964742  0.85217431751535355  0.86335917168242216  0.87425376495522333
  0.88375469071064394  0.89372740441062626  0.90384873384591802  0.91405786844017600
  0.92430291899505423  0.93444444044060482  0.94570789929561483  0.95715046150653726
  0.96856605354979564  0.97976925389768454  0.98986703198376402  1.00000000000000000
   61.130600832532785       -1.0000000000000000     
 F F F F F F F F F F F F F F F F F F F F F F F F F F F F F F F F F F F F F F F F F F F F F F F F F F F F F F F F F F F F F F F F F F F F F F F F F F F F F F F F F F F F F F F F F F F F F F F F F F F F F F F F F F F F F F F F F F F F F F F F F F F F F F F F
  <DiscreteSampler_grid>
  grouped_processes
  1 # 1 for a reference and 2 for a running grid.
  10 # Attribute 'min_bin_probing_points' of the grid.
  1 # Attribute 'grid_mode' of the grid. 1=='default',2=='initialization'
  0.0000000000000000 # Attribute 'small_contrib_threshold' of the grid.
  0.5000000000000000 # Attribute 'damping_power' of the grid.
 # binID   n_entries weight   weight_sqr   abs_weight
    10   10   3.019924592111335E+013   3.441963001784549E+027   3.019924592111335E+013
  </DiscreteSampler_grid>
