 -0.00278785495177239  0.01002580197789670  0.02145919373903120  0.03190530087553173
  0.04265126583299463  0.05355225398540280  0.06474094581336029  0.07582016699006904
  0.08742082709684694  0.09939466076950043  0.11160216378746707  0.12395310633809981
  0.13614888937792294  0.14837973471322230  0.16067208451424361  0.17245970195316238
  0.18367029492662676  0.19426618614854921  0.20413843011444605  0.21469398630922856
  0.22470165051593860  0.23418648915658760  0.24315762722761014  0.25286325353812161
  0.26323745812331034  0.27315478428385859  0.28249948079636000  0.29223932515016970
  0.30282666284679682  0.31397454403276026  0.32545159179817379  0.33716251431819810
  0.34879219407114670  0.36067530186156960  0.37280712659529469  0.38447900776424759
  0.39594803423092406  0.40782078130262966  0.41949311907007031  0.43009571152908382
  0.44018266792185234  0.44943479925565488  0.45877747704209904  0.46855062482604393
  0.47869760799105537  0.48886766440895907  0.49922058232694594  0.51068803880931879
  0.52239492318910896  0.53307844793319070  0.54372694155987555  0.55498571768972604
  0.56586036647279492  0.57599039740643287  0.58555151482131562  0.59473549508903034
  0.60339307484297355  0.61143197950606798  0.61961848140849851  0.62874093005748244
  0.63834177302864981  0.64839718867570584  0.65838493293201761  0.66850948023075174
  0.67951754222263772  0.69069718129893665  0.70198111599738544  0.71222075621957748
  0.72171062629485117  0.73137020559294763  0.74182672573703157  0.75247000402160236
  0.76294295199116080  0.77324771926266056  0.78418241130069888  0.79483065900078964
  0.80507911976828961  0.81532446798982106  0.82600538813174196  0.83627521512225800
  0.84664081928565771  0.85689153766881443  0.86720913637136432  0.87731026970595327
  0.88723729635329729  0.89733465035914228  0.90834934682112589  0.91960161103718463
  0.93124203070561373  0.94216997992424478  0.95285273233004686  0.96288045533869770
  0.97257192347599608  0.98191431053417888  0.99106869495856587  1.00000000000000000
 -0.00091020107420096  0.00717853389099144  0.01484670537596759  0.02244717318673438
  0.03028725345617642  0.03893825871604884  0.04876767931621451  0.05912443527263977
  0.06929273542393799  0.07935843993626512  0.08979797754733822  0.10062847221300249
  0.11141402213360442  0.12185809029833214  0.13169594247729446  0.14120785653043644
  0.15112854904138823  0.16253325910383382  0.17481049407469032  0.18733990896523320
  0.19801489337762768  0.20841355661300817  0.21928642998473930  0.23024328609526876
  0.24106753400306949  0.25181286959498417  0.26260652416962699  0.27316918086727277
  0.28283199573801909  0.29209470839509627  0.30139237140867253  0.31106058413114823
  0.32106998837189521  0.33108567700768626  0.34239310618707880  0.35504070963895318
  0.36796505365528132  0.37983296295178526  0.39062048098973379  0.40094308102425574
  0.41139847028329135  0.42113178219115804  0.43074868770327174  0.44083183526481012
  0.45040282503282247  0.45974269774461152  0.46897555054009354  0.47864534146308746
  0.48922424207335830  0.49959204377908767  0.50990473631521194  0.51964291928173068
  0.52958536516206767  0.53960420446226387  0.54926295586057194  0.55902579394787089
  0.56884080365818512  0.57874611434056400  0.58808388192281147  0.59718687199276443
  0.60635037862618757  0.61564733437136898  0.62510517546832300  0.63460903578152339
  0.64388194821587963  0.65334097123514878  0.66310313944596500  0.67333639842436321
  0.68374124935619329  0.69409452262520577  0.70471887577202508  0.71544215031550107
  0.72580905023183828  0.73555854779918550  0.74534576955754239  0.75571845679055505
  0.76680844125936198  0.77719143251348499  0.78703278556813028  0.79742408826335676
  0.80843436462964624  0.81972539385603405  0.83075391459957448  0.84300734825812851
  0.85600389341144356  0.86758954500141572  0.87907734378485325  0.89017023539280837
  0.90181473921687638  0.91352435562080980  0.92606462075022600  0.93914916508312851
  0.95254506076200429  0.96660827454717546  0.98219985807879118  1.00000000000000000
 -0.00816814595003549  0.02137600504657132  0.04427504686453190  0.06761092702363772
  0.09028971032418930  0.11194246855992362  0.13192376529750593  0.15105399599210692
  0.17064841906097791  0.19025334447572859  0.20987378364531237  0.23156531113558068
  0.25376515932729216  0.27555357359050425  0.29726476416787917  0.31887573610567482
  0.34043477386356513  0.36196932279841632  0.38336521720719824  0.40483957344420818
  0.42647146698654009  0.44836568705266588  0.47041487522214254  0.49214574612212131
  0.51396837010744145  0.53644796727986588  0.55926265600353153  0.58262426996943362
  0.60657200351143625  0.63097455620389997  0.64942806323095370  0.66718201938177091
  0.68734813876211731  0.69008596318429527  0.69141780647326179  0.69433041602740408
  0.69923975111578751  0.70411015168879088  0.70891367490677237  0.71360086603394957
  0.71826957789951240  0.72302898766513712  0.72784164437728383  0.73264862495613214
  0.73741077785366516  0.74219642817097420  0.74703380549901754  0.75189232152528918
  0.75680344828351043  0.76168682572398405  0.76655126965096021  0.77154352434773055
  0.77660373524548276  0.78160781394082879  0.78654261527179026  0.79149532377282772
  0.79642698901961173  0.80138256631537674  0.80636997612087191  0.81140148594615424
  0.81645169521411887  0.82148385420153824  0.82648402432632340  0.83148444372193608
  0.83648313912637839  0.84149702055050857  0.84662243329696329  0.85181088452113729
  0.85710312295384172  0.86238479923707523  0.86757686325220651  0.87279189713830152
  0.87795180398945161  0.88310827675133141  0.88825957303284397  0.89342260530991002
  0.89861554554379430  0.90377233966539761  0.90888832543912645  0.91403742803903576
  0.91922630435467201  0.92444036913683270  0.92975630034139234  0.93511807589397666
  0.94050417585476709  0.94588297492733453  0.95124864490638739  0.95658943349383374
  0.96191468866409147  0.96723882431690533  0.97270673486055625  0.97823986448067879
  0.98379224419924194  0.98927704974741404  0.99467938298078618  1.00000000000000000
 -0.00293440930601322  0.00954944778345196  0.02063276448970480  0.03119097320387540
  0.04202209692434909  0.05322921443088439  0.06445042384274127  0.07539180077897317
  0.08682764868130038  0.09887322027753057  0.11091922021940245  0.12274185200435367
  0.13364811024377982  0.14489247948572198  0.15643177588248180  0.16755658321266453
  0.17827107238052020  0.18940701106586239  0.20114213788732926  0.21282114189672166
  0.22417509197660798  0.23609391551236666  0.24825305160297093  0.25954009470099065
  0.26968894773324037  0.27924351422425486  0.28818354496342202  0.29677723161960184
  0.30518456962575069  0.31396918814466213  0.32369089752416680  0.33392334329276957
  0.34436247617507559  0.35475570117969729  0.36535244375720544  0.37591262948866994
  0.38633648510582758  0.39653359217393619  0.40629541160448762  0.41577272736613125
  0.42503574445934073  0.43449942332987701  0.44346455663602830  0.45221040883129160
  0.46071235060835236  0.46972098078253061  0.47887571929075495  0.48889246738008835
  0.49909461077338851  0.50994714591156454  0.52127360705291770  0.53310128027575432
  0.54488197196659993  0.55656551536963239  0.56853161780177974  0.58079460027287755
  0.59317629254928961  0.60542202555192981  0.61647409932728015  0.62772931928138376
  0.63900016045542896  0.65020069890539478  0.66104917068098379  0.67274328758103719
  0.68517457827125894  0.69641169417508308  0.70731213910748536  0.71804920327951727
  0.72885369775552500  0.73841910298135638  0.74764592167877797  0.75713955971898694
  0.76718970737728753  0.77726250272557029  0.78758575432203493  0.79716346649628800
  0.80672520672222303  0.81654027854782441  0.82724010102300050  0.83795444446346268
  0.84791093155295849  0.85797259427559258  0.86802314506396350  0.87775609569495983
  0.88715428797479157  0.89668976883396978  0.90664975892757826  0.91650397723900678
  0.92631947649445379  0.93655779988378984  0.94786161202764363  0.95886204246402551
  0.96915285657055239  0.97930964618927330  0.98985893021923277  1.00000000000000000
 -0.00254781353900618  0.00961175697790442  0.02030429109462518  0.03111190593735669
  0.04183067494354674  0.05376565531392396  0.06496556663659872  0.07622295112710040
  0.08719565172560126  0.09857642909906747  0.10907444450841196  0.11898783870026512
  0.12885659436802901  0.13889102718697754  0.14901964401826476  0.15892192673073030
  0.16930508048294360  0.18044488616855239  0.19108403599846832  0.20121672149831793
  0.21194209854206952  0.22306780485472066  0.23301046343227511  0.24253984212741783
  0.25238234969152457  0.26336864626571627  0.27362197556850276  0.28398361667310790
  0.29433048052461391  0.30489636444140789  0.31581713058361055  0.32650834237001142
  0.33795010944060833  0.34999958161761441  0.36115009864127245  0.37184675012287849
  0.38199645736904481  0.39228762065544209  0.40192070830038568  0.41124284004386608
  0.42052443281778068  0.42986562884382140  0.43899111642694011  0.44777731740571547
  0.45657986639672882  0.46616880045892600  0.47612842626439783  0.48571083941147830
  0.49500792720593456  0.50437740499204020  0.51437909079263922  0.52520749012536405
  0.53710577461317155  0.54986016879098554  0.56263479780935199  0.57562494382956819
  0.58832371966167796  0.60080490718041135  0.61302416298844065  0.62483706650016402
  0.63609099493932297  0.64685875096124335  0.65731637742747240  0.66788711336850692
  0.67879010633238734  0.68931933941354373  0.69944475202210576  0.70974126219291789
  0.72146875981531478  0.73365585563377089  0.74500300347006565  0.75601230288507593
  0.76647818758104991  0.77665130929951520  0.78684940965227068  0.79721581434174915
  0.80742996112077436  0.81761507016024759  0.82767483767644023  0.83763756497157993
  0.84737168416498065  0.85694896981473556  0.86641091139604953  0.87553530034966809
  0.88410390443942666  0.89270534133553525  0.90202506044194153  0.91194533204597128
  0.92215240299681189  0.93194535723837557  0.94219441359725231  0.95327772598872962
  0.96475208904912180  0.97603222328244799  0.98775932245642284  1.00000000000000000
 -0.00256155764123762  0.00984892068087152  0.02056023090238161  0.03048712749536775
  0.04027690531185779  0.04989279407412332  0.05925180034008663  0.06897906113453818
  0.07930308650107734  0.09143375129939048  0.10438840823976597  0.11497715943029012
  0.12484865625692151  0.13394454095637148  0.14335584533326409  0.15279061821464318
  0.16212412020620762  0.17183494374840316  0.18195030969309842  0.19310504021448416
  0.20504381459782225  0.21642580669157052  0.22712982346106780  0.23771195311954457
  0.24861608775538918  0.26050011878714241  0.27251520453743316  0.28379719223879130
  0.29546598774393346  0.30788364762753800  0.32021551796642284  0.33184662608450144
  0.34310717950076530  0.35440324948598650  0.36592583016274322  0.37750144515936579
  0.38897072747904893  0.40024694969735081  0.41140302927285022  0.42222141404733354
  0.43266975272175917  0.44316278934468994  0.45340705898486772  0.46289483467213843
  0.47217389596399767  0.48192620957489041  0.49206653921505844  0.50188670303125316
  0.51165495208203604  0.52160520166896029  0.53198684238830074  0.54253711348070877
  0.55289277595236497  0.56287083090255685  0.57215321371759331  0.58138317056521893
  0.59038634026090264  0.59924225065013170  0.60886807503996265  0.61909921151315728
  0.62868007365286249  0.63775070084475716  0.64723523124808102  0.65714283858445099
  0.66680691757663513  0.67636466366953096  0.68650214462818004  0.69695452141050529
  0.70702514977711484  0.71685222541638816  0.72677562248788607  0.73697439958308208
  0.74698455410674547  0.75715172397164776  0.76718524621199291  0.77816325430480848
  0.78865454164965609  0.80000901492579979  0.81057498769260539  0.82114908008985843
  0.83173080563848290  0.84224627869061108  0.85324607850065459  0.86369796373566599
  0.87415854144861016  0.88543766883054897  0.89723561748830505  0.90881314804820779
  0.91972410266321336  0.93037878076904290  0.94081734915239468  0.95106065831675557
  0.96200568591894564  0.97479631157095004  0.98741341509563418  1.00000000000000000
 -0.00248092300773626  0.00830682831262934  0.01858120529138430  0.02897331840809950
  0.03996290786551720  0.05096932326948463  0.06189854690096362  0.07237623399305176
  0.08297838738580426  0.09375895646661046  0.10464392183302404  0.11371609860403872
  0.12332672366109863  0.13266571259168253  0.14250181264588740  0.15247746476138740
  0.16289967865157962  0.17303242645502767  0.18271147962934869  0.19262167318390871
  0.20299436693606832  0.21383633477076144  0.22486359657101113  0.23688948112929828
  0.24927033906689403  0.26128507291746872  0.27240391183276202  0.28314331600746839
  0.29386107496903330  0.30421887755189175  0.31457501896892220  0.32485487846568678
  0.33543133873351216  0.34638701313613596  0.35600393897483712  0.36681349111690781
  0.37721482854268684  0.38679540837931681  0.39662310342625512  0.40502101983411032
  0.41380732581082935  0.42260967858943871  0.43138661276640855  0.44032307316193697
  0.44975934195676259  0.45984642073112891  0.47032443435429000  0.48055849486529689
  0.49036199749401416  0.50037452119619918  0.51039875008262614  0.52108900521534085
  0.53299128327070067  0.54579590978363579  0.55855156780255744  0.56981012646157903
  0.57955983820629153  0.58918870251691680  0.59879483606593664  0.60844191484766275
  0.61803397965035944  0.62800648562006289  0.63874593325583162  0.65002866056954356
  0.66147489995884134  0.67256766446962712  0.68343681621743491  0.69482771078708760
  0.70652382913181788  0.71755906927975754  0.72815340973299914  0.73849950887829652
  0.74844009487425611  0.75824558850757462  0.76830135245619968  0.77913087277043480
  0.79048346141315928  0.80207582007641942  0.81390445318975435  0.82524853643054030
  0.83615272318412603  0.84635309518390933  0.85611879505147614  0.86573992810596911
  0.87578659006017701  0.88614997657491912  0.89621180853503923  0.90608467081822186
  0.91676616218383133  0.92919067740169548  0.94243182307166695  0.95501335742041005
  0.96689758335352682  0.97850286609804205  0.98931594120735655  1.00000000000000000
 -0.00162780936076430  0.00683709335164929  0.01455490532104232  0.02301724251650545
  0.03247797153691815  0.04218343259326131  0.05220922615854071  0.06219664593099567
  0.07204837509168421  0.08183119745139716  0.09186610975982427  0.10217058980182671
  0.11281356752451346  0.12354913955295709  0.13446433406216973  0.14518195789991892
  0.15525119391210321  0.16552743425769570  0.17724067369808172  0.18944844065824842
  0.19947426121673337  0.20971333160624100  0.21946856253964342  0.22906726807588293
  0.23848186184572148  0.24813744555010903  0.25819555480400258  0.26846289833109177
  0.27931942462531140  0.29072769983108199  0.30239650180866989  0.31448214091216076
  0.32680768965447904  0.33872599236529755  0.35022141529887379  0.36072057485482883
  0.37075643619585441  0.38111394454498487  0.39128252303888567  0.40096756334171918
  0.41034058615775509  0.42063710646745905  0.43262331483129607  0.44522351100732632
  0.45715283586976002  0.46798390398075812  0.47799903553350548  0.48810021879106619
  0.49795429167216215  0.50719834194059188  0.51619318886475829  0.52563578681199397
  0.53557714201170625  0.54541147789602240  0.55473903076894215  0.56415104444492847
  0.57388718100256386  0.58391857314562212  0.59374512885962893  0.60382287465308160
  0.61431367668922654  0.62516389919829773  0.63576408203652590  0.64628803570611215
  0.65699782227211301  0.66747431027979887  0.67706861203257029  0.68652765440449703
  0.69610996983596507  0.70571981166731401  0.71541050873192535  0.72475679315756680
  0.73486426550252748  0.74613448939424398  0.75799849326961977  0.76965070139847025
  0.78063729411933158  0.79133336338489213  0.80151845395645849  0.81140102932701241
  0.82204937797967848  0.83324656722905421  0.84432586993373748  0.85570409101783584
  0.86768752873837041  0.88001673589012175  0.89251220290152733  0.90489704996474840
  0.91736727073784774  0.92984761767591717  0.94211654460714644  0.95359199199224531
  0.96518450309387527  0.97676176388783242  0.98822057620638781  1.00000000000000000
   62.295652391619186       -1.0000000000000000     
 F F F F F F F F F F F F F F F F F F F F F F F F F F F F F F F F F F F F F F F F F F F F F F F F F F F F F F F F F F F F F F F F F F F F F F F F F F F F F F F F F F F F F F F F F F F F F F F F F F F F F F F F F F F F F F F F F F F F F F F F F F F F F F F F
  <DiscreteSampler_grid>
  grouped_processes
  1 # 1 for a reference and 2 for a running grid.
  10 # Attribute 'min_bin_probing_points' of the grid.
  1 # Attribute 'grid_mode' of the grid. 1=='default',2=='initialization'
  0.0000000000000000 # Attribute 'small_contrib_threshold' of the grid.
  0.5000000000000000 # Attribute 'damping_power' of the grid.
 # binID   n_entries weight   weight_sqr   abs_weight
    10   10   5.970875290275960E+013   6.581818197710203E+027   5.970875290275960E+013
  </DiscreteSampler_grid>
