 -0.00240102408098331  0.00926171036027099  0.01959120488074511  0.02983639104225930
  0.04019127732562330  0.05059639202393167  0.06164619627531798  0.07322148390683665
  0.08563946441603390  0.09844530085726187  0.11072896437431144  0.12242906648583431
  0.13376772210282764  0.14487915539259408  0.15630715652084781  0.16792018547257254
  0.17912353027189851  0.18982559947478941  0.19971620404717830  0.20906476325363760
  0.21796835456813254  0.22663410188405189  0.23557305157693287  0.24447598159773581
  0.25414736991874531  0.26445143939050603  0.27519171821116245  0.28688119973718329
  0.29835203658596171  0.30979516514974148  0.32150267125851278  0.33297850217908526
  0.34415835115268112  0.35511638741704127  0.36534211152798240  0.37552941657911426
  0.38595400807836461  0.39562065862884410  0.40473045424888837  0.41349593624175957
  0.42226512552844825  0.43093773956162867  0.44007312660423037  0.44949002563344531
  0.45906367945534382  0.46868259197925938  0.47823786531869683  0.48829994631795298
  0.49907923828000045  0.51054021128460669  0.52220854334575972  0.53325936248789951
  0.54369010145280539  0.55420078193467293  0.56505568379830473  0.57631092365901349
  0.58850374664569660  0.60050976710029946  0.61165277403923068  0.62219824770117249
  0.63269256389099848  0.64323251009944382  0.65394322483778222  0.66445362908353156
  0.67500075230938139  0.68518308791053628  0.69488285302872155  0.70417689536175121
  0.71344446136090889  0.72261215663968303  0.73194323452430132  0.74161742118370810
  0.75167141469571908  0.76240216151223206  0.77338556862724561  0.78500830295369983
  0.79663617020024580  0.80818835435886260  0.81965125737879962  0.83049272349888925
  0.84077663122373592  0.85064606996546943  0.86069816261373044  0.87108775505840508
  0.88163686946647912  0.89254577326392326  0.90285101396928158  0.91298896121304784
  0.92298041643498752  0.93322879519874002  0.94373276470544099  0.95461953695062718
  0.96561414821228553  0.97668183901189531  0.98824977085883237  1.00000000000000000
 -0.00048940640329498  0.00634518303134128  0.01316799923132575  0.02021081253114796
  0.02797758048189028  0.03609949710778297  0.04519138577872229  0.05474008928225028
  0.06424992623996803  0.07351543776532289  0.08291457375550237  0.09263645971652762
  0.10232966969422291  0.11179220742753061  0.12117120336328115  0.13164598682833611
  0.14329320619464550  0.15474959814666958  0.16579899590820271  0.17647647899826849
  0.18661840090690526  0.19570479441684743  0.20449882487627094  0.21394785278993234
  0.22366757258955192  0.23363776715018664  0.24348191547828274  0.25489515476873181
  0.26719599265194360  0.27845884646036834  0.28885527287021406  0.29906301247983180
  0.30907253999710038  0.31886418089599000  0.32905422996926459  0.34103037082421017
  0.35394260629294177  0.36643129446557748  0.37811253724906629  0.38930681648082577
  0.40010809930104396  0.41038890338724682  0.42040903722514367  0.42974451998351737
  0.43887173728462914  0.44800845788948002  0.45730315266990601  0.46712953492020487
  0.47764786606092408  0.48881122612178529  0.50034143232083905  0.51183814096085634
  0.52350542956805857  0.53554456088736624  0.54770168333293390  0.55962355577625722
  0.57028835085471929  0.58005344317198193  0.58961950099684790  0.59868114516250126
  0.60768478430927897  0.61684940106821617  0.62642691938281769  0.63636982609101700
  0.64640037754312318  0.65658945850100037  0.66701937761834562  0.67755428334068435
  0.68805149090662421  0.69828215143425010  0.70830529079994120  0.71835235130251684
  0.72886179860789213  0.74047943414236383  0.75277462824704577  0.76489469611485772
  0.77602090242665289  0.78609977463719316  0.79598192966711512  0.80586733864681892
  0.81629176599861808  0.82684663451777030  0.83660978273233311  0.84593428947392746
  0.85522187817376694  0.86477180091711181  0.87524324803050202  0.88740580470934438
  0.89999030608452479  0.91305865224724014  0.92666173149570397  0.94045684659755058
  0.95376887694138146  0.96739468200018353  0.98239072084962420  1.00000000000000000
 -0.00836145644764541  0.01746144136744697  0.04115970617860430  0.06480976357443555
  0.08797510411218465  0.11055134896803948  0.13035387816424027  0.14924420093789906
  0.16884191116221359  0.18817570080731955  0.20725600384533546  0.22856402742880477
  0.25017035032942314  0.27182399079274616  0.29346092312976224  0.31507779716468065
  0.33683468197452265  0.35864730590108607  0.38044287849760861  0.40219665439557789
  0.42385027405406295  0.44566632131339790  0.46760556092043398  0.48959725561951506
  0.51166139905508301  0.53418910644192996  0.55725202626414294  0.58119873749818896
  0.60557949250244336  0.63023697049262362  0.64853689006730320  0.66616267392345163
  0.68395156428039128  0.68957579542622527  0.69109821081638623  0.69357677294936748
  0.69839545238680056  0.70318461548655498  0.70793765777433060  0.71262893243562730
  0.71731879950313138  0.72207505473191824  0.72685449064943453  0.73166571821373116
  0.73650849099608662  0.74129984707233698  0.74602466593380434  0.75075354327289923
  0.75557810320884511  0.76040876901681353  0.76526273282548385  0.77017943027837488
  0.77512481148882595  0.78014703559557086  0.78525067770743096  0.79026932139038575
  0.79524687452790177  0.80022121894064602  0.80527205793232115  0.81030991929208263
  0.81529715606405428  0.82033019549770092  0.82540092752797023  0.83050966391692516
  0.83558578887698864  0.84067368952305366  0.84579541788845136  0.85097041474542845
  0.85612966431557591  0.86130902420751743  0.86652236524390169  0.87169622624919230
  0.87692351435300475  0.88216684045396854  0.88737811278781997  0.89256479922387877
  0.89776785185072261  0.90305016319526965  0.90848665173324561  0.91384943620941617
  0.91914345634024486  0.92444677225301830  0.92974762639443664  0.93508855951302594
  0.94049448084797815  0.94587296061536486  0.95122465241281828  0.95659814581761304
  0.96202203719073986  0.96748885649557526  0.97291303595026635  0.97835560122475584
  0.98372727114220015  0.98908433542580221  0.99450234228185519  1.00000000000000000
 -0.00214285555772319  0.00838882021468563  0.01792612657621955  0.02872868599315601
  0.04004786054280084  0.05080279918110911  0.06114863418218773  0.07179751740045910
  0.08191658426572168  0.09160679002888929  0.10134825517230944  0.11195085876185336
  0.12300419000546345  0.13328870908837323  0.14357180102670894  0.15480812019674284
  0.16632297050971964  0.17748215670750481  0.18840225147035822  0.19999077034683665
  0.21116191302992379  0.22126617931579437  0.23192043142543170  0.24285855730688852
  0.25375498766694948  0.26400396681097310  0.27402092615170420  0.28354020555348330
  0.29301369954170875  0.30281409935332382  0.31312276565957053  0.32369914413001433
  0.33414513916787647  0.34473072100611174  0.35512453737640448  0.36539402035412716
  0.37547216821854823  0.38521828307003392  0.39529558338636078  0.40510165566871226
  0.41595564122034967  0.42694140141584508  0.43761796792576479  0.44763146279106175
  0.45778410160481436  0.46836826818982585  0.47889069984144450  0.48840713572963157
  0.49736738838515132  0.50644015949593035  0.51561650091450217  0.52491745631385711
  0.53403420097520071  0.54328387896267438  0.55357358353959552  0.56513835220110675
  0.57811924479451826  0.58997689984038570  0.60113020083280255  0.61219371299820990
  0.62340142005798482  0.63408298629799509  0.64461664659704621  0.65626823605068696
  0.66789754932327272  0.67960109266566737  0.69222450497144028  0.70583276067279188
  0.71772876629291427  0.72836919668351008  0.73805248298903869  0.74671928311876745
  0.75552720217920877  0.76477772543769751  0.77498901888757998  0.78591936807651308
  0.79697787163950218  0.80839623091445034  0.81963348008993908  0.83027454821884061
  0.84098656745561939  0.85183843864990227  0.86294442374860536  0.87457080791268793
  0.88730009020243816  0.90000510291779379  0.91156092702507074  0.92208666383337878
  0.93152027436904017  0.94054673541718825  0.94911775014432398  0.95798299308910495
  0.96736775957884857  0.97712782232379747  0.98819575696800688  1.00000000000000000
 -0.00235325241938723  0.00906273467882732  0.01953059203431159  0.02892162850212596
  0.03900183730342655  0.05015931631643271  0.06124765022288378  0.07273192231235208
  0.08419896909915547  0.09633982518924265  0.10728861101975931  0.11715876516476281
  0.12676165046446228  0.13629811048524218  0.14513114980769390  0.15471590242137040
  0.16426948453461335  0.17588169971520468  0.18790356330711921  0.20017326732553864
  0.21183534452183450  0.22230853629145181  0.23298474908281608  0.24392649899559360
  0.25417910274425914  0.26473745155357009  0.27546862079053408  0.28636720519628223
  0.29626341756443958  0.30536141148200519  0.31460444710662006  0.32388235627270284
  0.33403838992874213  0.34463129441825940  0.35479438508461680  0.36486749375154287
  0.37516844891604839  0.38581138222770395  0.39666617950269994  0.40699230375008721
  0.41848261848388846  0.43052813754199259  0.44176442074937033  0.45136110142893515
  0.46166899428764163  0.47246744830536541  0.48298014422369390  0.49279197422033993
  0.50299237717877288  0.51418994611078073  0.52470841880621621  0.53345127003875248
  0.54240369836584057  0.55186730491139802  0.56164477752587372  0.57107528174699784
  0.58011982963766096  0.58986380858666376  0.60021868495389641  0.61041410016019160
  0.62048350551188558  0.63056501560694400  0.64120113538851498  0.65173710571750088
  0.66268875025303531  0.67358258228549894  0.68416523956159869  0.69485678315667743
  0.70551163799844485  0.71671926687773491  0.72824312469901642  0.73945395730778107
  0.75050575955699672  0.76123739899666087  0.77151389521885505  0.78118389298006663
  0.79124977819549447  0.80292981469676805  0.81586263474632847  0.82903564692605169
  0.84182294348991782  0.85309549110922911  0.86370912079987827  0.87400989899304926
  0.88474029736480431  0.89555744120318392  0.90694689698343955  0.91742228086723387
  0.92770648318505500  0.93799674657475574  0.94752285934174163  0.95743783416062866
  0.96723875271145077  0.97760928322342899  0.98868701515369017  1.00000000000000000
 -0.00303004455151725  0.01032859800862143  0.02248005075751520  0.03483745742238230
  0.04665383450528474  0.05775484634377855  0.06916440324551801  0.08096634249094664
  0.09255558891697760  0.10459518391000379  0.11732406606945602  0.13016364317653295
  0.14273781990420834  0.15539975568476389  0.16796449592190357  0.18114275396567339
  0.19393736230976563  0.20648608007548597  0.21896224993849828  0.23073107082793309
  0.24173251077003827  0.25238097599889814  0.26267698086901603  0.27264588863473910
  0.28240973988694973  0.29258764506591683  0.30390242102793735  0.31570589398180482
  0.32759579773853420  0.33870818968990923  0.34857383666094566  0.35781749225987491
  0.36683354174625332  0.37620211744723209  0.38580010244485274  0.39542507441176505
  0.40533098953557384  0.41549002345566333  0.42580142293779799  0.43628487159387397
  0.44699271951999442  0.45755774406374905  0.46726375932504854  0.47648899673460737
  0.48546826113910718  0.49465328544484521  0.50423486351115188  0.51378833027235760
  0.52315024281826439  0.53265617284226174  0.54257713877931713  0.55306651818523800
  0.56341617637056030  0.57330486749093457  0.58312593790972855  0.59300311804791739
  0.60333741197087454  0.61390932188348202  0.62427190393038323  0.63457048515023462
  0.64466846570122371  0.65486304054684585  0.66532337801439478  0.67618978739097291
  0.68674840866635956  0.69659009224621238  0.70636708790671399  0.71627286118997457
  0.72654063312526707  0.73668015842110224  0.74671974054654211  0.75648631247007847
  0.76637232432256353  0.77669584311549489  0.78697433771324710  0.79702497063326916
  0.80705617328962320  0.81710547386772525  0.82721806384297203  0.83709465595296473
  0.84738848502336717  0.85690691354984994  0.86659013969604071  0.87600922939141312
  0.88726021094482621  0.89826263944571649  0.90932916494805227  0.92061845450923829
  0.93117636375707979  0.94023760116023514  0.94970290003108737  0.95898741741320737
  0.96935916423581381  0.97944748344742460  0.98970282050876890  1.00000000000000000
 -0.00257908417765460  0.01016765376107904  0.02068291525916783  0.03095043934504100
  0.04076569281630860  0.05094383225220712  0.06134891493583707  0.07029905281703692
  0.07941097680502696  0.08858178055164601  0.09776755287516833  0.10717375496211455
  0.11617590142048097  0.12492982777609976  0.13372469515598406  0.14283201827319958
  0.15234151352088993  0.16192069999011868  0.17191257540950394  0.18275900933426845
  0.19408788973824595  0.20543097855944381  0.21671219432123492  0.22822827398105761
  0.23982161485884301  0.25091568633049072  0.26182482829591458  0.27272365840325857
  0.28363975218448839  0.29502873594637707  0.30662696973101977  0.31807145428455752
  0.33005133426421662  0.34017124598023962  0.35049982990748541  0.36100641224809810
  0.37198213633566479  0.38256001039001281  0.39219156972351449  0.40237439157397037
  0.41245975933460949  0.42284593719078450  0.43322361672453485  0.44389374050284930
  0.45459168149858586  0.46540435445592621  0.47597014814412536  0.48564826486990120
  0.49469127906885701  0.50407416057324772  0.51387446012088789  0.52367793818633157
  0.53310558317112089  0.54300199040117003  0.55309412890188869  0.56270904841767178
  0.57261353459073439  0.58323013923902356  0.59549753135462546  0.60849446738484625
  0.62160751536839909  0.63541551043453792  0.64919549690721556  0.66011619390240506
  0.67105793755507370  0.68107836166461810  0.69126299394487123  0.70170276012058197
  0.71231769695722102  0.72281541208118694  0.73369475904899251  0.74505879545711218
  0.75688979492681552  0.76838288426908885  0.78010138571103282  0.79181932553491174
  0.80489205440073497  0.81767133095774225  0.82928602776843441  0.84035610262538785
  0.85060772303483234  0.86009196493072981  0.86916876225778017  0.87885778228925737
  0.88881397822423192  0.89836457684743942  0.90749382506688403  0.91684154372921278
  0.92753987433162477  0.93866471273965357  0.94946518344675079  0.96030290222027181
  0.96982418196923659  0.97985762277376953  0.98983657167044592  1.00000000000000000
 -0.00239916049360764  0.00977516979837748  0.01923282781137392  0.02923268262171777
  0.03906845695670277  0.04908765167977573  0.05932140658907473  0.07002951891625175
  0.08174705129542091  0.09302717764791604  0.10455901441871886  0.11568716732675829
  0.12660860400484833  0.13731037905995067  0.14739453934340105  0.15740556831156191
  0.16737479705402589  0.17741819303979176  0.18751892609218179  0.19810306394998198
  0.20928497264723483  0.22079087800670349  0.23180317328554897  0.24236032999378909
  0.25308631604918802  0.26425377217303953  0.27481147921737825  0.28431601028925602
  0.29389254031369760  0.30432973751951248  0.31523515091304444  0.32571942137051646
  0.33641556916660353  0.34757405386181861  0.35774755576826406  0.36711510220731669
  0.37654191689184990  0.38613240370897528  0.39588747166922433  0.40623342535816714
  0.41691793617860962  0.42893611609563187  0.43967706170807358  0.44976326485912166
  0.46052722224863191  0.47130114627648978  0.48186829389906100  0.49205478038231604
  0.50332298440731782  0.51587615416765220  0.52816428881257449  0.53967170000919307
  0.55053012111108524  0.56121561536507114  0.57163574862976274  0.58181194982018825
  0.59253251514961791  0.60345690035903810  0.61437679350810648  0.62440559112942506
  0.63478705579912975  0.64507933348890645  0.65526119772546620  0.66543486856726264
  0.67545279925163637  0.68669460083934253  0.69876272503847892  0.71025947600703931
  0.72134890968710330  0.73200878512206258  0.74286014580546089  0.75391689211841484
  0.76503452745005285  0.77595918303314737  0.78637567256152241  0.79666088710039074
  0.80660877120980745  0.81648662130822991  0.82649123384219247  0.83678368227821864
  0.84754735571087791  0.85777057913220156  0.86771026817199781  0.87728712574785572
  0.88713958499278578  0.89697601417313977  0.90693420609272135  0.91716769145795507
  0.92872500485635945  0.93970380656599362  0.95003489917845141  0.96026040825735748
  0.96987686941478013  0.97973604909302348  0.98981568586856783  1.00000000000000000
   62.680071214963320       -1.0000000000000000     
 F F F F F F F F F F F F F F F F F F F F F F F F F F F F F F F F F F F F F F F F F F F F F F F F F F F F F F F F F F F F F F F F F F F F F F F F F F F F F F F F F F F F F F F F F F F F F F F F F F F F F F F F F F F F F F F F F F F F F F F F F F F F F F F F
  <DiscreteSampler_grid>
  grouped_processes
  1 # 1 for a reference and 2 for a running grid.
  10 # Attribute 'min_bin_probing_points' of the grid.
  1 # Attribute 'grid_mode' of the grid. 1=='default',2=='initialization'
  0.0000000000000000 # Attribute 'small_contrib_threshold' of the grid.
  0.5000000000000000 # Attribute 'damping_power' of the grid.
 # binID   n_entries weight   weight_sqr   abs_weight
    10   10   1.547907520720517E+013   4.032815734891130E+026   1.547907520720517E+013
  </DiscreteSampler_grid>
