 -0.00363107768893410  0.01332213300486347  0.02524267149119166  0.03574981004833101
  0.04553217564556068  0.05525959377882195  0.06508615491921804  0.07419320820720511
  0.08326931307044716  0.09264877227265284  0.10228349634648326  0.11234758654481117
  0.12261096682447048  0.13282564049747084  0.14297147780066305  0.15268662447492409
  0.16232798675480400  0.17190368806531475  0.18124694475189634  0.19057055122787206
  0.20005520526854678  0.20990051461793727  0.22005425298023079  0.23048474321549511
  0.24101555054937859  0.25081848483694819  0.25959917008699535  0.26843743113001411
  0.27778900867490186  0.28816883114522912  0.29825276622555463  0.30775722105469072
  0.31780168512967322  0.32845683274209803  0.34123097512744038  0.35431406143243183
  0.36669612355313880  0.37777850736637170  0.38695291238761775  0.39646046189903056
  0.40595445514627182  0.41577769728844599  0.42582218697179747  0.43578234179074454
  0.44645724708304757  0.45731229967980203  0.46751137107292240  0.47749368420251864
  0.48737355689918760  0.49710722638692750  0.50704756524427541  0.51648468544013759
  0.52657354056549988  0.53673850939325407  0.54793170250492507  0.56014331762884106
  0.57215591980719793  0.58324774507725674  0.59335781075581828  0.60371375669937921
  0.61438114220057283  0.62476469336847373  0.63486210881872285  0.64559181158289214
  0.65788530167354586  0.67013951723218967  0.68119905572095329  0.69191064097185273
  0.70209075112815689  0.71165150741626360  0.72084915958227735  0.73100543793570605
  0.74192055992489780  0.75284402978326892  0.76317577423526972  0.77402378980686481
  0.78538118275245816  0.79741569131063472  0.80987773585773004  0.82226982282594641
  0.83474395028328563  0.84744249073632061  0.86013569976025273  0.87266339598877163
  0.88478527441704657  0.89584066906457249  0.90585534877780638  0.91568970283779882
  0.92618673072880464  0.93689907864652822  0.94706242545677899  0.95731734989958206
  0.96798566232896532  0.97907088616188243  0.98935340243358727  1.00000000000000000
 -0.00080832582551842  0.00629882752235507  0.01397574565241622  0.02242323943937041
  0.03184535907675280  0.04171096160664559  0.05163148398678134  0.06208260652496095
  0.07280857874829470  0.08400017187489874  0.09327224786596468  0.10242353942564479
  0.11140736710972131  0.12056865470645334  0.13004049299387152  0.13941912723819627
  0.14878280754336451  0.15934985003046007  0.16928416390061116  0.17944932594385121
  0.18949890155108445  0.19840153013040024  0.20760417145325402  0.21732466868904413
  0.22822660417695778  0.23827697956772859  0.24743885791930778  0.25638603960166328
  0.26579530616243252  0.27607851701204822  0.28611770541186798  0.29565979486390453
  0.30554330791244105  0.31581701953155017  0.32620442931580479  0.33635673919336678
  0.34612107482879412  0.35589817288392606  0.36598365547496131  0.37642203922018291
  0.38713162169007315  0.39757198924613318  0.40744010768176953  0.41734436646732831
  0.42748498214594821  0.43755153452785883  0.44744616703199025  0.45735514420740508
  0.46745959083522232  0.47792419271515385  0.48873125923126642  0.50053033809466052
  0.51334564300145535  0.52538742513059744  0.53666581290336846  0.54802479482798971
  0.55959068968730441  0.57092158935972004  0.58187938723764487  0.59242103842825033
  0.60285731513455310  0.61332165462826604  0.62353325201390530  0.63375656748499021
  0.64455635619952090  0.65632827089905144  0.66819333726920749  0.67926494532966464
  0.68997329798939766  0.70025467265197405  0.71132929142877832  0.72339272833391732
  0.73459966556303480  0.74567676943484251  0.75693598000610451  0.76870160363780526
  0.78014566565051446  0.79172291247843329  0.80253764468941757  0.81266432989196269
  0.82285102835125579  0.83318070886266460  0.84392492298746402  0.85471889546464974
  0.86599214242183342  0.87777382446471575  0.89007499691087910  0.90300581231998633
  0.91537766803781839  0.92650489166032735  0.93722722411183379  0.94787980037079400
  0.95865227791968877  0.96976369877888746  0.98287558746951842  1.00000000000000000
 -0.00821352227981949 -0.00174504332039634  0.00853515301474581  0.03235477217762246
  0.05645345595631504  0.08092286544776293  0.10438845848730421  0.12739499758092615
  0.14817549689331569  0.16911500891837813  0.19031423282721951  0.21112443402666592
  0.23213600037562840  0.25490493777705880  0.27736787378398770  0.29948233416275116
  0.32176242432669322  0.34410537508450223  0.36663049539221815  0.38913129916052241
  0.41157305604319494  0.43400399689256347  0.45642628050754980  0.47909948876457020
  0.50182539299869067  0.52453484244734283  0.54749411015532901  0.57080573710459548
  0.59543837470238126  0.62076873588274550  0.64811400969918931  0.67287635065940676
  0.68125302232596552  0.68856837978228136  0.69075137085136984  0.69278948517350436
  0.69733290389739733  0.70205705773438543  0.70685181511340889  0.71168119819966158
  0.71653465999151711  0.72139011666891162  0.72621613602396518  0.73107689562350098
  0.73590911190579056  0.74073883291203368  0.74557351924787474  0.75036561262483625
  0.75514927914455254  0.75997415358316478  0.76487073224136914  0.76983635523948635
  0.77479886439388368  0.77980672389010863  0.78487815957550056  0.78996006653814421
  0.79500262557783263  0.80005409733827015  0.80511021083485412  0.81019792615776209
  0.81528428885758286  0.82035119195923401  0.82543915858718542  0.83052599509069802
  0.83555681831729267  0.84058519026198364  0.84572165266610089  0.85090704108336301
  0.85600816083389808  0.86105792530966740  0.86619538004928709  0.87142345310744451
  0.87659604291259918  0.88173755591694403  0.88699433860870280  0.89224000688184968
  0.89747382402593134  0.90277891920946030  0.90817014943310581  0.91350787735415906
  0.91877268050584626  0.92408181125780275  0.92947295922429718  0.93482646573271011
  0.94016357164717501  0.94552601409754955  0.95083383671549737  0.95617194252794535
  0.96156012046581951  0.96690512707112153  0.97231167080868364  0.97779095150023265
  0.98325245867684330  0.98875515037488881  0.99435602919908284  1.00000000000000000
 -0.00203249666631759  0.00900258615538645  0.01852900833113371  0.02831864099721662
  0.03805511182759264  0.04785510753477094  0.05761330093513433  0.06707902122914802
  0.07614170507299613  0.08576495140010014  0.09616387100942260  0.10669608067727250
  0.11732072451233944  0.12761526109469537  0.13767257511090658  0.14793352201969850
  0.15833787714265685  0.16830909472716510  0.17749639177435542  0.18675572573067470
  0.19640680759619114  0.20589259934598458  0.21526331940060089  0.22500507791982730
  0.23581728295127510  0.24731488243048533  0.25805354550607884  0.26832061990072448
  0.27794922476703199  0.28791906717982652  0.29883556481919710  0.30993394015140896
  0.32143636141375986  0.33299372813522737  0.34424773698664263  0.35586021716166788
  0.36789244906049695  0.38017766291736133  0.39246175479728868  0.40267787201341881
  0.41223695785917408  0.42182092601073445  0.43113763258221144  0.44035160321061351
  0.44952458697275927  0.45940501316977772  0.47068889336071990  0.48212826927456015
  0.49329842781862260  0.50503389886259198  0.51732308681212424  0.52955601975928346
  0.54127977305195929  0.55250932487813853  0.56362273951714192  0.57482250373022936
  0.58666861658662650  0.59873357811968719  0.61098365566114443  0.62274459502178392
  0.63418760561388265  0.64539732596116584  0.65605684750375959  0.66648386908173252
  0.67667613417846906  0.68643253678338156  0.69605805557486589  0.70596777651254461
  0.71530138369397855  0.72405382166871013  0.73302149479738232  0.74259857781113014
  0.75272173292531452  0.76344877031971137  0.77392496058035753  0.78452215476453069
  0.79491515009515268  0.80513387648242729  0.81446264335861340  0.82388013821745776
  0.83355222982377952  0.84372148941323477  0.85398724856528696  0.86403719878686847
  0.87387472499579144  0.88406503672494063  0.89498346339037127  0.90654919324887928
  0.91868090516896028  0.93082070181553900  0.94278282639523325  0.95448886077456585
  0.96603258756004007  0.97750713282857837  0.98862075089250456  1.00000000000000000
 -0.00331088722117156  0.01119646149613110  0.02304658216775587  0.03391288782625114
  0.04468500532333885  0.05576259189080862  0.06722590682758507  0.07870747461513446
  0.08967729807044363  0.10025902547264889  0.11115698539377009  0.12227766292435052
  0.13334085244028379  0.14466333158046338  0.15631894568752797  0.16817773585456183
  0.17961885940554781  0.18979277575743084  0.20023096321850478  0.21107688767923150
  0.22360012527457621  0.23588410113142058  0.24723375657142385  0.25797524524975440
  0.26839515966839200  0.27940404639099164  0.29065172825967611  0.30079056174428748
  0.30987818889996555  0.31898197971147202  0.32835653952871596  0.33786652356168267
  0.34742186036653400  0.35723033530738885  0.36730744084482730  0.37711351921660713
  0.38667805530925736  0.39633045203249423  0.40621834751107300  0.41664845364501862
  0.42768790276876678  0.43828578548656905  0.44832757110467786  0.45837955722152368
  0.46891799116934862  0.47957541062799663  0.48993715396359705  0.50027462811068124
  0.51125639224640296  0.52299837043414410  0.53515215461562493  0.54774900491199774
  0.56017864793556826  0.57113184805618955  0.58151707845335154  0.59206266672437280
  0.60244500347846697  0.61205074986582675  0.62172242397602950  0.63207470519942399
  0.64324495172420082  0.65421025999459281  0.66564607463554648  0.67717554719478523
  0.68832536066998351  0.69850895554737236  0.70824659897869913  0.71768310321803275
  0.72704877750393127  0.73659735540880911  0.74649545133924478  0.75642068732467627
  0.76613407298290592  0.77551597363936287  0.78469079710690059  0.79396573002121384
  0.80324794680417477  0.81266783331939696  0.82225119886566878  0.83310591029481973
  0.84397518246254588  0.85553123071302861  0.86738624426692990  0.87954174510075800
  0.89139375993435599  0.90247643831188884  0.91336183319403474  0.92407756230967764
  0.93446757053054874  0.94425064833691219  0.95360733134598286  0.96270746729820655
  0.97170423506688131  0.98089091235411008  0.99010915504490504  1.00000000000000000
 -0.00222169398237316  0.00813081162346900  0.01797327190724475  0.02739855845608514
  0.03704691768635983  0.04652795030643975  0.05597741998767719  0.06559676115206520
  0.07563253021759443  0.08525030975259819  0.09569498040048592  0.10577091716243420
  0.11502525881274180  0.12479244000449927  0.13505472738657084  0.14553618163016310
  0.15550521555822905  0.16482850765561349  0.17446768326495277  0.18472392108699812
  0.19547256894154266  0.20626354594540450  0.21834833179179133  0.23036801704806836
  0.24170426987439825  0.25300495966579112  0.26427208351694309  0.27549336903068106
  0.28644687969695792  0.29747233184519040  0.30893495332199067  0.32072530360207024
  0.33253956974939830  0.34396719451324204  0.35497770101357795  0.36598177595317061
  0.37641329107452248  0.38700618809597609  0.39827695716925310  0.41146995771648998
  0.42454702218238172  0.43698549599250203  0.44819477698515586  0.45893034370488150
  0.46934649594832928  0.47955109653546363  0.48939782218823924  0.49978198797120216
  0.51022714620551413  0.52082751612713596  0.53168409851591791  0.54200421361734796
  0.55161483439362557  0.56080684829442928  0.57041003534017798  0.58062386375195862
  0.59062933822914465  0.59990070791016747  0.60902341805903004  0.61842388448524088
  0.62816277510411656  0.63850764823307482  0.64968693306470982  0.66130896296543173
  0.67259529905933069  0.68345905647684235  0.69329228976767088  0.70213591241861351
  0.71172300751970641  0.72143899409819012  0.73106899257205404  0.74048203567263116
  0.75060497096820777  0.76220167751514389  0.77421666810996126  0.78544347223190025
  0.79593317588046275  0.80581912833301328  0.81592930942553954  0.82600902518506780
  0.83618150646280243  0.84652147061934924  0.85745186470350498  0.86907973166493557
  0.88140279141328837  0.89379440642489705  0.90566878165070053  0.91660889940761570
  0.92718680084058114  0.93799753722602885  0.94950142526059123  0.96037231614040852
  0.97040563615642583  0.97962058039884270  0.98956563013089738  1.00000000000000000
 -0.00203181516672416  0.00836210148795270  0.01785142555990412  0.02829947471102208
  0.03953687178285498  0.05036485474980110  0.06113440423176473  0.07294612721267232
  0.08545981515937527  0.09747100608965309  0.10988702671015560  0.12131573997669937
  0.13177216616779366  0.14175133300740383  0.15198779306385449  0.16257608658195838
  0.17291289544842250  0.18292858462179767  0.19330506600044273  0.20428535894883001
  0.21528873143823099  0.22606854896804945  0.23707340557857837  0.24865126127906326
  0.25948262453803606  0.27038027723737174  0.28085170969235762  0.29223165268992551
  0.30257768451995143  0.31403786274311773  0.32573562281466367  0.33609352256298541
  0.34552674908709030  0.35495914807163453  0.36556859687590804  0.37551777882347398
  0.38606705380493789  0.39673303199799681  0.40938131604018069  0.42112304836924436
  0.43265982970453720  0.44285439260674386  0.45266989253708639  0.46217420018020239
  0.47132748517719941  0.48061099993739520  0.49041729628351421  0.50019612293143068
  0.51120186631557585  0.52228576356384870  0.53494849004495992  0.54627850208027628
  0.55709372678074831  0.56837164844464672  0.58008554221736097  0.59037078657079234
  0.59988884883962268  0.60875856162969633  0.61781553579161708  0.62763379677097075
  0.63761148548841207  0.64740569730297004  0.65693975480296607  0.66571636410840362
  0.67756649649624190  0.68888353890569687  0.69970500343632713  0.71027584169785796
  0.72099848049813309  0.73102825837044694  0.74065649731206185  0.74967050044636174
  0.75992351929278035  0.77041740527399272  0.78136072887780250  0.79151907105735653
  0.80147633738523105  0.81142100474401235  0.82202246037919124  0.83246502677814971
  0.84318426331710827  0.85380721131099901  0.86487993864746215  0.87620861223004254
  0.88683174520784369  0.89771970241244303  0.90850339878519215  0.91954380582939355
  0.92964751766227227  0.93980108650617089  0.95052091613550027  0.96088883227220923
  0.96996502564613629  0.97925191242307896  0.98936230271544068  1.00000000000000000
 -0.00224466148878628  0.00952498782934491  0.01918999197930369  0.02945979688132429
  0.03929515211659726  0.04923623940437036  0.05946795320123009  0.06952008791271549
  0.07941452081719300  0.08853922237146754  0.09689020730052038  0.10515465589496893
  0.11353040640083607  0.12226037617306382  0.13085358966552835  0.13913096649882545
  0.14759578254160044  0.15845397780164736  0.16884029559221458  0.17862954425344851
  0.18849228736539828  0.19894680778312659  0.20987637742763393  0.22053900957189815
  0.23188502184556023  0.24415055487298187  0.25633603684148387  0.26823882320303472
  0.27982951859266564  0.29147556527390944  0.30303510883661927  0.31423461581549850
  0.32453029777230263  0.33535103002752692  0.34642302856738333  0.35767868526153601
  0.36795523501572608  0.37903196442008341  0.39087626737534564  0.40201087559066861
  0.41276435782069348  0.42386946614504750  0.43456667857796172  0.44473427629642182
  0.45439779126279622  0.46491322387447570  0.47601405189367030  0.48738519593198781
  0.49868460880391047  0.50973680609566718  0.52069413478006887  0.53121693977440776
  0.54126311620112244  0.55102508896508062  0.56105317360574081  0.57134847855034698
  0.58109302536864771  0.59108200496576868  0.60136243299938696  0.61149850912857207
  0.62150395896221133  0.63180289248496424  0.64235283946014454  0.65273538212626458
  0.66295934799831879  0.67304474707016260  0.68303972521153067  0.69296264175564060
  0.70294170911379117  0.71290872652336768  0.72269841750576391  0.73260255920808837
  0.74267538112942932  0.75369647297703013  0.76585230976053298  0.77830412410002381
  0.79030075239419340  0.80181322484519391  0.81296378606520414  0.82348325171238224
  0.83372381412087115  0.84420957014312203  0.85450408644052844  0.86451951964972151
  0.87467558929760625  0.88512445286298624  0.89554090177496759  0.90568710115426976
  0.91606367236233144  0.92693639667229133  0.93797341500417075  0.94897451410384936
  0.96039711026970565  0.97324196162306020  0.98650700847805139  1.00000000000000000
   61.944920561317375       -1.0000000000000000     
 F F F F F F F F F F F F F F F F F F F F F F F F F F F F F F F F F F F F F F F F F F F F F F F F F F F F F F F F F F F F F F F F F F F F F F F F F F F F F F F F F F F F F F F F F F F F F F F F F F F F F F F F F F F F F F F F F F F F F F F F F F F F F F F F
  <DiscreteSampler_grid>
  grouped_processes
  1 # 1 for a reference and 2 for a running grid.
  10 # Attribute 'min_bin_probing_points' of the grid.
  1 # Attribute 'grid_mode' of the grid. 1=='default',2=='initialization'
  0.0000000000000000 # Attribute 'small_contrib_threshold' of the grid.
  0.5000000000000000 # Attribute 'damping_power' of the grid.
 # binID   n_entries weight   weight_sqr   abs_weight
    10   10   2.633853684226963E+013   1.491981861920097E+027   2.633853684226963E+013
  </DiscreteSampler_grid>
