 -0.00229035460128369  0.00928560650869829  0.01919852909451678  0.03019858991975852
  0.04059922767237256  0.05070344400209612  0.06057669926143809  0.07220039790314524
  0.08401923855359680  0.09474393725170399  0.10518310680782987  0.11511160507941715
  0.12444034360980551  0.13380631822043751  0.14357271045761205  0.15404187885685100
  0.16400338551737476  0.17394367953466580  0.18384522552499227  0.19354549549407055
  0.20319601313059971  0.21295632601974041  0.22263900444419560  0.23210301901675087
  0.24175674721114315  0.25183147897398650  0.26152057163908571  0.27072089572967917
  0.27950030936823012  0.28850840602532118  0.29796692470397246  0.30714378417643928
  0.31641496982472933  0.32600149319385541  0.33709895041126997  0.34974622769482555
  0.36115139570524468  0.37135004837649177  0.38135580445992373  0.39133544849346180
  0.40156955675059214  0.41237028226317501  0.42400839555297115  0.43621444399523268
  0.44838650223792026  0.46039609570202333  0.47236652884537222  0.48399005847936605
  0.49475330632752612  0.50555131762424321  0.51665597906059268  0.52792687979986874
  0.53915157113225876  0.55045312884394992  0.56217563976466189  0.57323459700302182
  0.58394741149221108  0.59456758768191376  0.60492000530530854  0.61510767248983178
  0.62545872356330801  0.63542033220206307  0.64497739680184896  0.65462674162870227
  0.66476331134790567  0.67537313931709853  0.68570880221969099  0.69643180711969432
  0.70814947883690893  0.72034430434887842  0.73256423394971715  0.74426208561694884
  0.75574144571138890  0.76655376485212756  0.77697373288606397  0.78728244183495810
  0.79760127580254225  0.80782636266916030  0.81884592625218433  0.83030621716770636
  0.84108175822473841  0.85123564931864082  0.86176277429795878  0.87343342283186387
  0.88559315390347360  0.89860061228400379  0.91149590546370585  0.92354575685397344
  0.93442254812414705  0.94373988997960978  0.95233984573546859  0.96087394769744416
  0.96979750499897022  0.97962033827507178  0.98960299052645684  1.00000000000000000
 -0.00043047715619305  0.00602021905280043  0.01239831753027110  0.01912346220487670
  0.02632009051430073  0.03379592002224253  0.04170571824183142  0.05012943436501174
  0.05879633465634195  0.06820231363399504  0.07809038210338996  0.08959860542490541
  0.10143854976583641  0.11312065849314973  0.12479856152342790  0.13647889631386065
  0.14842311089385823  0.16076681671460413  0.17216887160016536  0.18227309674173039
  0.19247656063192195  0.20278736524215354  0.21333134751950347  0.22386386583512580
  0.23424442828870051  0.24445291533278468  0.25435875249949524  0.26400298848366677
  0.27365087340346633  0.28350372519926875  0.29329807298738431  0.30298255097028198
  0.31248335828370505  0.32170184445450517  0.33076362103057982  0.33975412958983214
  0.34864804002074945  0.35737879773090198  0.36624488280398915  0.37539635393533466
  0.38445367404427494  0.39289603861294237  0.40238602359437470  0.41224565638437582
  0.42262997193405644  0.43325086334853008  0.44435549001312818  0.45619885539649202
  0.46893409553407206  0.48202100682297422  0.49461677710896773  0.50746141479168261
  0.51930281101928688  0.53103672225720666  0.54214940769867537  0.55377512803745754
  0.56565195557120984  0.57775504470402383  0.59034918126300795  0.60318945917600830
  0.61543494502841556  0.62739554051244062  0.63914509087295401  0.64966237089932566
  0.65903785260452730  0.66808249738157643  0.67739534889666286  0.68680346094685651
  0.69702105273462456  0.70691822700315565  0.71735340209554421  0.72788220401403481
  0.73977362077649567  0.75285648020121565  0.76563686554121535  0.77698740281827205
  0.78717398090471813  0.79752259344638987  0.80859615933158091  0.82001551566607422
  0.83160304990768463  0.84374114831473257  0.85565558841769984  0.86567571647579233
  0.87562499789703896  0.88558776218073665  0.89579975188386696  0.90573500594821299
  0.91558498676124689  0.92575363887923257  0.93615280057236239  0.94701307509889188
  0.95856928549749454  0.97060961979991278  0.98410379358493094  1.00000000000000000
 -0.00806027032976542  0.01554148213890579  0.03857284464901813  0.06172632508524550
  0.08495648136174407  0.10826833240478322  0.12818701028021712  0.14730753489087484
  0.16673060350269234  0.18577687870005510  0.20457332963604458  0.22520093373476263
  0.24628929896703294  0.26845142298427088  0.29050864992429654  0.31247587297023321
  0.33450364587295167  0.35655538526900143  0.37873951135957507  0.40096622652762254
  0.42327708214391180  0.44556199333099927  0.46783133869307592  0.48985035677344824
  0.51180243805748338  0.53354122627372469  0.55617828366479993  0.58023183145559354
  0.60476422920632955  0.62963467297420339  0.64975076325210657  0.66749683554750050
  0.68092799652154212  0.68927585823589310  0.69094416527516034  0.69336856445806205
  0.69795286132778189  0.70277165579587220  0.70758936558745911  0.71244237916590869
  0.71727538433161642  0.72208174055342378  0.72686896692104652  0.73161967838262254
  0.73640443232517627  0.74126627986117277  0.74613915630723537  0.75103457910399973
  0.75596565499684687  0.76087868899009692  0.76583313813112230  0.77082420969342125
  0.77584769219652783  0.78087129567661751  0.78588238639397279  0.79087555865573289
  0.79590118396237186  0.80092468187553167  0.80595092183119854  0.81093901487338016
  0.81593473126315175  0.82097464817039378  0.82600140418529289  0.83105785735574922
  0.83616462370178657  0.84124059063627732  0.84628244925729601  0.85133480543305562
  0.85648046908761977  0.86171633355393751  0.86694879008220127  0.87215763489297737
  0.87738278837399186  0.88262670748322591  0.88791525230935331  0.89320843310733800
  0.89843779005780167  0.90356931281670383  0.90873282607777761  0.91398562412329964
  0.91929327023719376  0.92459281898476142  0.92986694091681299  0.93515500048367040
  0.94038199751304319  0.94567921148006606  0.95105352660064668  0.95647332979996558
  0.96191056310596579  0.96740992038718709  0.97284973682257381  0.97817546852272697
  0.98349741199277652  0.98888460952678736  0.99437112913334103  1.00000000000000000
 -0.00253249883721579  0.01026628531446722  0.01944310160125596  0.02996335897250634
  0.04002789158093442  0.05057929849083071  0.06145578959711474  0.07265762799406876
  0.08393652946924601  0.09525911457453071  0.10607361832423158  0.11670999996412589
  0.12701528311481319  0.13743351548884417  0.14853742016184662  0.16005694984594002
  0.17103369667368523  0.18117595480670351  0.19103410454822667  0.20075899901760552
  0.21017177722305361  0.21965666853633517  0.22896007708382224  0.23822964749582015
  0.24757433102789406  0.25852567440333479  0.27013189243613428  0.28018028806195550
  0.28957250068630885  0.29905278293388948  0.30850376709208011  0.31797432711532281
  0.32668461717716463  0.33580333808968221  0.34564032367759140  0.35634500856225565
  0.36774600240679672  0.37902082993779079  0.39069234077719972  0.40198996594377306
  0.41325703344763437  0.42366308810205344  0.43436470786205872  0.44512288246746723
  0.45529466312145972  0.46482096300898773  0.47455114594915937  0.48462283602855527
  0.49467695571976095  0.50484434861574201  0.51516483963860848  0.52542435883139571
  0.53520573364831536  0.54547155572352324  0.55703362239052034  0.56892296080949978
  0.58105181737706102  0.59311454647724282  0.60480928204488038  0.61634800212098106
  0.62779053291636644  0.63861275216701574  0.64890312086663549  0.65894788446657337
  0.66916562738856411  0.67957569108714577  0.69022990109445415  0.70160648981577445
  0.71316028154340960  0.72380346326078226  0.73429804770610330  0.74469479706864417
  0.75540684457844365  0.76642786433783838  0.77741164714629418  0.78864706220782432
  0.79991067691848861  0.81114339185371032  0.82201812750388392  0.83319161706925382
  0.84521472394329988  0.85807557868612605  0.87063318061140649  0.88172096887559115
  0.89189570447690825  0.90173035801531265  0.91146658528698965  0.92123412725933174
  0.93107020213799452  0.94083516516486787  0.95066559279621121  0.96099702588075275
  0.97105586821580692  0.98081553531431076  0.98988720273273312  1.00000000000000000
 -0.00251543267408723  0.00921186062376068  0.01920651326511549  0.02969693925991383
  0.04058818743647577  0.05122113497217463  0.06176366816424905  0.07395468546347810
  0.08670429554623457  0.09947112289630852  0.11156336642357510  0.12302295026199654
  0.13444827811155668  0.14556576504348856  0.15623026730794523  0.16688824957118828
  0.17795238733088053  0.18920105884676394  0.20021173315087598  0.21093978428740248
  0.22140404133010735  0.23178219714230358  0.24206606344207679  0.25198339131569680
  0.26148041313584192  0.27091918615509691  0.27990519003236536  0.28815276082161900
  0.29631038336441284  0.30495866382919012  0.31397231669538644  0.32442292783221671
  0.33550314653011432  0.34757208333368289  0.35932935728234033  0.37095774531636683
  0.38351823422478609  0.39641884152703522  0.40890700304589261  0.42120759016831144
  0.43335473531642427  0.44567299929178256  0.45783262935079005  0.46946943234746358
  0.48114206856403419  0.49273755698051092  0.50439912856164859  0.51503937916418208
  0.52589452020624872  0.53671418601647836  0.54775241222637738  0.55945454352648616
  0.57013524195099441  0.58059927688527146  0.59113737847701775  0.60198219277879172
  0.61296770619264873  0.62424407820421601  0.63624884742084520  0.64873740215140085
  0.65977648119548982  0.67059064245627042  0.68003307025882886  0.68945865124827799
  0.69858887476879905  0.70801554276003276  0.71759374658603226  0.72726900069286882
  0.73689898101265061  0.74645007765169680  0.75532120212394682  0.76366995250294067
  0.77222736944151071  0.78109871532679609  0.79015971999916879  0.79917694138553375
  0.80826254004144293  0.81775625867020774  0.82756590028698829  0.83737541161200413
  0.84742875328753853  0.85850566194476918  0.87016425429928135  0.88123173434739877
  0.89184529956039582  0.90197915217656788  0.91211401329972708  0.92185365944253295
  0.93132705081530176  0.94073127266040124  0.94993456421607858  0.95908505138785527
  0.96861768946613747  0.97899106372870759  0.98952885844719529  1.00000000000000000
 -0.00277526379980692  0.01023160325689425  0.02195674080239978  0.03435712963885423
  0.04647845968392825  0.05813279620111141  0.06890751733860503  0.07883245178044125
  0.08847485023498762  0.09799709593574996  0.10778934311704599  0.11803944611372813
  0.12854033035083526  0.13992375762020023  0.15074770359085329  0.16133091481115208
  0.17125195910972538  0.18086585702804511  0.18967023749183334  0.19894275524148844
  0.20836626870548966  0.21960955930429898  0.23083162905027019  0.24295139697694487
  0.25381136630148071  0.26388950280908258  0.27351897634398836  0.28353306185601496
  0.29336489029272972  0.30339839740161201  0.31399266814099325  0.32496647412900714
  0.33593995798580095  0.34699673588128449  0.35763016915203655  0.36788361858921143
  0.37742076059172175  0.38663096075332143  0.39597105216869555  0.40588765083016237
  0.41620583477945083  0.42708049374185025  0.43795835362850910  0.44893564603026426
  0.46002998386627286  0.47054441651963025  0.48056729444504759  0.49025004235028963
  0.50036672093663570  0.51175161124440305  0.52199876617352947  0.53227166452165275
  0.54213380201802186  0.55225585864380899  0.56244749252834569  0.57252467133870377
  0.58260563054262571  0.59276147076710228  0.60270116951216313  0.61416015199002960
  0.62564760200514047  0.63516783935284948  0.64454831701277615  0.65459647893536899
  0.66523562609062115  0.67545660420428943  0.68556050512804823  0.69637259143379349
  0.70707999533684074  0.71732183627129453  0.72777035008953184  0.73939170675202459
  0.75121262689890567  0.76202813811788483  0.77265107181414638  0.78283090655702581
  0.79263032899566677  0.80237220284430855  0.81233153442424755  0.82302482663941068
  0.83489411403145108  0.84764730527844478  0.86011796314484401  0.87137749479599369
  0.88274241231784756  0.89471174991553637  0.90623218844184117  0.91778234822553661
  0.92774005223990186  0.93710523501904042  0.94617509984066506  0.95546147039901808
  0.96506867111260297  0.97528825109613559  0.98675924771694823  1.00000000000000000
 -0.00276727781797477  0.00941953551531461  0.01988939281633872  0.02991816245608775
  0.04036978824850678  0.05071573866539966  0.06096091909328395  0.07011351105483533
  0.07922686265280406  0.08860425633469038  0.09856586822551475  0.10899147164891364
  0.11866450931394623  0.12756173106994650  0.13762521270498448  0.14680992088757244
  0.15649210085661064  0.16610315969256279  0.17617589009246165  0.18671771125196943
  0.19773524108094481  0.20923609550324707  0.22067132932962444  0.23215739744452590
  0.24276481578197634  0.25275784657239830  0.26212877742681012  0.27144808996245168
  0.28124381288312572  0.29120760915772903  0.30106650859815948  0.31132219249094234
  0.32225683236713976  0.33345918439937983  0.34474779927740046  0.35550689298760652
  0.36654225399808266  0.37761807297223943  0.38959554079211145  0.40088428853236036
  0.41271954376010256  0.42268082309137889  0.43242078570190151  0.44225818490493291
  0.45207087477767871  0.46255977810822985  0.47295128447861101  0.48366974388473649
  0.49338247641454674  0.50335876483759778  0.51260271282555681  0.52267613209698460
  0.53258437938313741  0.54191344560829913  0.55281000024908555  0.56354840494653247
  0.57359006760293074  0.58375016076155029  0.59397515830389569  0.60443757425789291
  0.61455421459693449  0.62459295515950586  0.63526572619501043  0.64640999993312120
  0.65772581925431794  0.66931926890663174  0.68156666196010507  0.69364086599621566
  0.70503118485200955  0.71663568765092356  0.72742745054787106  0.73747113073837023
  0.74698192827667864  0.75652178906800094  0.76653278234323885  0.77670765561859567
  0.78731016473387727  0.79838427799194200  0.80940154571291034  0.82052421985657664
  0.83164868486100574  0.84356317531573244  0.85635028922810907  0.86845088989529373
  0.87979261592679203  0.88997533021808206  0.90057781878219856  0.91142603979625381
  0.92207667672051097  0.93257615851054854  0.94331922978406535  0.95451646336689244
  0.96553777717611577  0.97732665742199409  0.98841692892058641  1.00000000000000000
 -0.00282749317314647  0.01087254544315268  0.02195218899062248  0.03238030325641852
  0.04306319220981684  0.05349457008454941  0.06413668674626807  0.07500425598314232
  0.08518264777987730  0.09411453319369358  0.10278818385981044  0.11189591167538238
  0.12186228754036096  0.13142222984868898  0.14077401063171319  0.15042889251618674
  0.16093561551715257  0.17160566122374668  0.18286504557286978  0.19460389401372918
  0.20641539519413843  0.21754233548547119  0.22846228961099677  0.23998635712610483
  0.25244177515238880  0.26349462260893647  0.27544528725140810  0.28652626274064652
  0.29664404474485634  0.30618166809006525  0.31705220742837897  0.32852995874953189
  0.33940578082609163  0.35002055286050265  0.36120930918440886  0.37257265001127332
  0.38336219363902374  0.39389758271504460  0.40461450657447551  0.41543775692747825
  0.42637383207075830  0.43746869252663956  0.44892339943310566  0.46072230915448503
  0.47216643231063071  0.48329314595911071  0.49438275158192840  0.50494281227150151
  0.51479028007444438  0.52380300083139042  0.53249455397672585  0.54193174288528267
  0.55241005959058354  0.56313558531509234  0.57353817470644897  0.58371926851470324
  0.59411458188963806  0.60447063924013500  0.61438608318478516  0.62404689464985286
  0.63370382308313822  0.64372800257542628  0.65403319109452485  0.66436122948119292
  0.67470863208429543  0.68482911823197101  0.69469951406398678  0.70473098576421211
  0.71654848531647231  0.72901370989688141  0.73906851820379227  0.74887677298649546
  0.75853426753964237  0.76888435442087133  0.77967692847816905  0.79017796394267670
  0.80132532647236998  0.81234504913587890  0.82292547621861611  0.83358239355968522
  0.84324071326462802  0.85284685702283358  0.86190225287524236  0.87140133130167718
  0.88148203077881149  0.89112613272842223  0.90091100332701690  0.91139476942811137
  0.92140997145220660  0.93143998890394641  0.94157939393292833  0.95206818437520802
  0.96309478138992499  0.97465412758733305  0.98703356238411122  1.00000000000000000
   62.571236107330449       -1.0000000000000000     
 F F F F F F F F F F F F F F F F F F F F F F F F F F F F F F F F F F F F F F F F F F F F F F F F F F F F F F F F F F F F F F F F F F F F F F F F F F F F F F F F F F F F F F F F F F F F F F F F F F F F F F F F F F F F F F F F F F F F F F F F F F F F F F F F
  <DiscreteSampler_grid>
  grouped_processes
  1 # 1 for a reference and 2 for a running grid.
  10 # Attribute 'min_bin_probing_points' of the grid.
  1 # Attribute 'grid_mode' of the grid. 1=='default',2=='initialization'
  0.0000000000000000 # Attribute 'small_contrib_threshold' of the grid.
  0.5000000000000000 # Attribute 'damping_power' of the grid.
 # binID   n_entries weight   weight_sqr   abs_weight
    10   10   3.395037315561586E+013   2.364328354535783E+027   3.395037315561586E+013
  </DiscreteSampler_grid>
