 -0.00218561339600496  0.00816731678888914  0.01767772830500136  0.02781980271033377
  0.03863540133826747  0.04975933673981506  0.06104375274387695  0.07261740340044448
  0.08420473927366488  0.09615142835466765  0.10770572738738922  0.11924651199629950
  0.13077796457744048  0.14222262435372568  0.15355645781694771  0.16464579036874466
  0.17585839323562907  0.18699775061933072  0.19739222834182282  0.20721064694801947
  0.21705763962810112  0.22720752455968760  0.23800839202507196  0.24996518012334770
  0.26295052253843365  0.27585534557798952  0.28915866694982978  0.30166168441073254
  0.31497114836262097  0.32653916354587798  0.33741790318381287  0.34731680208014398
  0.35729983725708986  0.36697790198019264  0.37687328013442040  0.38613766998751814
  0.39521873385076661  0.40464250185562783  0.41476801660329854  0.42500664262227444
  0.43502182223657959  0.44514730403846475  0.45556333099921859  0.46519350001466186
  0.47499259437429070  0.48473674914825071  0.49511066364241829  0.50525912495049408
  0.51536602975382473  0.52621232021717601  0.53884051275661438  0.55179472625086723
  0.56400093059733825  0.57510524276991315  0.58554821133654300  0.59552660146854186
  0.60526260244688590  0.61509934186374748  0.62509257786386396  0.63613285290195443
  0.64708172705134537  0.65749858199361644  0.66780180068575246  0.67801293168409582
  0.68818585042041369  0.69802881207657919  0.70843293067648094  0.71966666749271047
  0.73050583861237817  0.73961255740268705  0.74878472435120824  0.75809557335538458
  0.76691787192926186  0.77659279611569543  0.78608166435107962  0.79689750149550553
  0.80923198951969388  0.82104461903505788  0.83223486175860328  0.84230119299233142
  0.85186811633970838  0.86145890647201873  0.87100682360820292  0.88052888052769651
  0.89002573028233589  0.89960726424232895  0.90904020760759874  0.91851735840095072
  0.92871940371278749  0.93923848774653174  0.94949483082870223  0.95953080037665017
  0.97019067231172174  0.98002031213989993  0.98997717997888868  1.00000000000000000
 -0.00044661329693596  0.00610942189627722  0.01325506788862539  0.02111036242534605
  0.02974463913107397  0.03867625195500607  0.04777125859248812  0.05705777844289579
  0.06608690918129709  0.07513041083921133  0.08460766126456883  0.09402938720974964
  0.10332728178098971  0.11301166187675518  0.12307423479651607  0.13335111916936390
  0.14334315174550205  0.15401292516624315  0.16400004587655720  0.17374177916416672
  0.18293979275622602  0.19315626033177558  0.20356484318295243  0.21392059793743501
  0.22450049075834916  0.23541494330674065  0.24662940811305398  0.25739136642792421
  0.26752013890322573  0.27711731872274836  0.28636848776253299  0.29584681204148189
  0.30506358792669608  0.31495185454931396  0.32520247617770948  0.33603277951387600
  0.34655680395837296  0.35681275719789801  0.36723842512332672  0.37744363677745024
  0.38803723438816978  0.39788771684187552  0.40774382747178511  0.41787451502730150
  0.42822435675242987  0.43921342604973862  0.44980768626860762  0.46039200612644926
  0.47106294123406883  0.48121606350679819  0.49125152716272202  0.50166967139888774
  0.51240728449445516  0.52289385772969788  0.53277828619746470  0.54317017640995513
  0.55393050000356514  0.56463553036411640  0.57512341986987470  0.58548199541628920
  0.59589603570240912  0.60592626755556223  0.61593084617155414  0.62609772480688064
  0.63715856728713460  0.64808976892847991  0.65836529837627800  0.66847678826905244
  0.67923689470878013  0.69030286590459944  0.70146154223250046  0.71323431115951652
  0.72604084816807324  0.73783492515931581  0.74898497872353664  0.75966296949603163
  0.77008644872090248  0.78025421287410157  0.79037362041913217  0.80120814583246980
  0.81206781738960798  0.82299065445251973  0.83412305560625222  0.84597605476946947
  0.85829031559762903  0.87044871108429889  0.88270250569949504  0.89508339482943744
  0.90462720972871946  0.91481389869929386  0.92533959907263996  0.93757127304497667
  0.95027935704651978  0.96388497058704747  0.98133528150636973  1.00000000000000000
 -0.00876146001316738  0.01985950986919652  0.04416330135570114  0.06851340334915253
  0.09233954060745639  0.11536515557259452  0.13623186036391843  0.15591396298998267
  0.17630113867370636  0.19649260460168008  0.21628716087986466  0.23801176211077285
  0.26061228319686830  0.28312772527538821  0.30569779938536629  0.32849948574637095
  0.35108608218268561  0.37342355154925649  0.39592862488330732  0.41850176294591013
  0.44091707265961055  0.46328567630414957  0.48551477098303381  0.50750863922155176
  0.52926907786542976  0.55126250197477078  0.57334179191686052  0.59738146553377769
  0.62172380693758411  0.64786514213357083  0.66900496385015007  0.68050808424538278
  0.68764304942524335  0.69057725905668588  0.69217804254414006  0.69653558806924321
  0.70130847778814931  0.70607007241810560  0.71082639075999621  0.71558944711701900
  0.72033288718818334  0.72511261417619444  0.72997789659835799  0.73486974636396063
  0.73972378805318140  0.74458101599977033  0.74935680188636422  0.75412442798828250
  0.75895101564152545  0.76380211654579799  0.76861378627079224  0.77351547925325637
  0.77846480643909510  0.78339872796044818  0.78837321291369034  0.79333944747666774
  0.79822482471793710  0.80306171449329145  0.80793525587508463  0.81287618172819909
  0.81789810734298751  0.82296301346887968  0.82803384876904040  0.83310656151399742
  0.83813734591504996  0.84318003363196448  0.84841008903493698  0.85360671708363656
  0.85875222704404364  0.86387881346181206  0.86894653030366020  0.87402319282329977
  0.87911858674625509  0.88427916973650400  0.88945370601036122  0.89465332195851022
  0.89985193042648171  0.90508440858637462  0.91033576531632798  0.91556811531651572
  0.92076359327158530  0.92599123065306632  0.93129013089973489  0.93647687567402826
  0.94167804586253878  0.94690649622841927  0.95212405259999933  0.95733523009224109
  0.96264835137291693  0.96798924136411968  0.97327935611010352  0.97860966955166884
  0.98395976334110180  0.98930874898382481  0.99466324345525303  1.00000000000000000
 -0.00284641629659009  0.01025782242037644  0.02067968692609031  0.03089617381723668
  0.04093460582621665  0.05155872839358928  0.06170607007102016  0.07155231195146482
  0.08171994759167064  0.09256095430966994  0.10330299061339081  0.11271434387385056
  0.12192032183503419  0.13194784712612218  0.14243758502538570  0.15224167037397690
  0.16118778854426313  0.17053289507638489  0.18207400668572568  0.19280567452321479
  0.20206253043527006  0.21156041555263277  0.22153553025086065  0.23241512546730753
  0.24279139766807301  0.25286187998583232  0.26279740377553829  0.27282103735835611
  0.28264911300777046  0.29195187804876382  0.30100328174716534  0.30963292199280529
  0.31866626789960900  0.32847910114160611  0.33884797748907131  0.34969997770774125
  0.36073925613139224  0.37167347094363129  0.38211936054838530  0.39210244312535575
  0.40185349554887528  0.41159369555695718  0.42240146327625794  0.43389865097013808
  0.44502803807814106  0.45590529909524385  0.46649918745172264  0.47727572070366042
  0.48798227505490588  0.49841424506419163  0.50850673011037106  0.51773584197957156
  0.52681853282849445  0.53596305582700254  0.54596087150011574  0.55643570170764922
  0.56730798950499006  0.57882237258970226  0.58983276332595458  0.60046562440114137
  0.61090300844987455  0.62166529975881690  0.63187524493999681  0.64252222409036153
  0.65453538915588227  0.66650991611031452  0.67769941879646955  0.68873887321430949
  0.70001661617112876  0.71099187637686112  0.72109594469742011  0.73154040640320117
  0.74265516542968013  0.75433342815721360  0.76677210002882545  0.77994071694877842
  0.79263631153729364  0.80389259152218395  0.81455655626383250  0.82475152957086861
  0.83516709266907518  0.84579969168996261  0.85695393270242914  0.86866531722482221
  0.88103890439857357  0.89338911774711804  0.90426397117665180  0.91425378281124869
  0.92370850621632361  0.93385286401112844  0.94378978408487757  0.95436883937893702
  0.96606785643514625  0.97772822270715831  0.98886006324734543  1.00000000000000000
 -0.00220707641593568  0.00859796179006954  0.01703437745820872  0.02665667054957219
  0.03679854911195661  0.04793761651562432  0.05970972301759155  0.07084394843537865
  0.08275805626878764  0.09271957474698177  0.10226879990227643  0.11254396698358958
  0.12320861538190570  0.13420717293336795  0.14454120984147770  0.15506111520464916
  0.16539542658698128  0.17630649950116278  0.18843490640075228  0.19961088254723092
  0.21060668992128356  0.22071314373193260  0.23098020461723998  0.24136145474242282
  0.25173876485336899  0.26244524407711661  0.27351527414165200  0.28548839990546099
  0.29770374092684254  0.30935838774686508  0.32129951403484347  0.33358133229021408
  0.34583112140805600  0.35778132582024968  0.36927828583824246  0.38062448077885036
  0.39228082852345048  0.40429528225550648  0.41646190614482154  0.42811128514282160
  0.43870703547380802  0.44939961460123090  0.46005268156042284  0.47088647650869214
  0.48128186820143637  0.49135738109391791  0.50124038082504740  0.51072581487312152
  0.51993239871871677  0.52867047206268869  0.53692635474530781  0.54532959368226464
  0.55435742159768653  0.56388099312879914  0.57388920629752993  0.58430237725815770
  0.59512760946707544  0.60483020334721804  0.61374187137922609  0.62280530743805107
  0.63223185646486568  0.64130024479002179  0.64985262799003429  0.65843622726983386
  0.66758129779631348  0.67816128306248191  0.68902245832723596  0.69946796914211995
  0.70976328924670629  0.72056272695081147  0.73155839192386063  0.74167475542896699
  0.75175287438348493  0.76171694463115502  0.77171935520548884  0.78182305290382526
  0.79224410838202430  0.80367526514963894  0.81545166258219304  0.82659885297728308
  0.83683316648052763  0.84674622530714616  0.85677416812151519  0.86709740590543061
  0.87861672196801455  0.89142880692574578  0.90405318387398348  0.91636842233412752
  0.92828770124128102  0.93953672368534680  0.95006152136025845  0.96010037796868752
  0.96974687374954693  0.97928459057415107  0.98925203019420382  1.00000000000000000
 -0.00234477259170275  0.00965260538410155  0.01977861393491703  0.03076990176609825
  0.04149145534721187  0.05257194972177674  0.06401582965942852  0.07545011129848639
  0.08698249574846927  0.09832908079384528  0.11002262419537739  0.12180389930648608
  0.13531664450953790  0.14733883475679327  0.15834794717088330  0.16940906739381359
  0.18060668808802319  0.19157549583467831  0.20226927657267893  0.21339119584572613
  0.22493600076175763  0.23552593591876952  0.24513521359704266  0.25458830454772469
  0.26422538311459354  0.27404506787954536  0.28400065293855609  0.29363549728544014
  0.30279867939631844  0.31227841159001385  0.32215712431657162  0.33198520832895123
  0.34143317282326952  0.35091885688176472  0.36131309943108514  0.37227111420750658
  0.38293747443987886  0.39291901120638240  0.40243140077749312  0.41178383025124005
  0.42153608356907046  0.43141319486328095  0.44121148836381097  0.45109123778639548
  0.46149199275971420  0.47263991833209895  0.48387173311936754  0.49480351274053902
  0.50542781831166095  0.51618109474382956  0.52594735654685332  0.53596910281740251
  0.54706845276234617  0.55869500791047799  0.57005303089386106  0.58177608638884271
  0.59468841275478335  0.60848454547649511  0.62181581120002849  0.63386280069925716
  0.64520409838343551  0.65608113070381358  0.66673669218168519  0.67749739343061544
  0.68874678877477469  0.70051706252945778  0.71182605434191826  0.72197675704190023
  0.73155595568105403  0.74097682463994186  0.75087054289302047  0.76165692729777057
  0.77233930854042043  0.78352970046989745  0.79400498428185928  0.80415315166573420
  0.81389177007970515  0.82270070546870289  0.83162312830418983  0.84094169700147359
  0.85030972557748052  0.86108174395496162  0.87187015955692559  0.88204980053173887
  0.89166273914219951  0.90166928536397795  0.91190016969599619  0.92162189297672814
  0.93133387254761202  0.94095623813802676  0.95055517782777910  0.96004230408018065
  0.96931975023804073  0.97933719704632671  0.98936272942111947  1.00000000000000000
 -0.00285464264521109  0.01099139681019506  0.02194922589065850  0.03284090969512014
  0.04338620845448214  0.05414610367574082  0.06465440371027317  0.07426243466611022
  0.08482004422837593  0.09547916098514882  0.10718234594663643  0.11855660948488279
  0.12987724523663965  0.14199936902302357  0.15397877283792491  0.16552062312995708
  0.17635696382836791  0.18690777097753805  0.19770630639979661  0.20859692570772520
  0.21887485841619822  0.22948941364702585  0.24071932520037800  0.25199617413603587
  0.26264833271893340  0.27312830551170192  0.28384995703736071  0.29421618069551964
  0.30389997639014021  0.31404066713003237  0.32439009091300453  0.33416883671919373
  0.34373604860334150  0.35361443592963143  0.36425192465331296  0.37385175203168991
  0.38273722792922132  0.39167051571455003  0.40123412869851349  0.41170673828706511
  0.42251507571923058  0.43355443116740772  0.44438398701461812  0.45573566056509740
  0.46794379524308610  0.48035378536102630  0.49187005962160074  0.50348738432898821
  0.51464061006022321  0.52468316526286640  0.53449981850905182  0.54478128999001496
  0.55678085497934948  0.56988976093119481  0.58340151384877170  0.59710044826296937
  0.61119112452425706  0.62413734286871358  0.63452392482093656  0.64390568791085767
  0.65284123336913580  0.66159031582945682  0.67040378736621287  0.67876562835034038
  0.68707023339963735  0.69586575066156275  0.70464543093280929  0.71454472688219850
  0.72465270003424542  0.73548126369229005  0.74635813159917330  0.75752798222347295
  0.76870693090118514  0.77948560740049611  0.78978166662582205  0.79991221656897593
  0.80968511260508369  0.81893400470836064  0.82814300582495171  0.83819349950686894
  0.84920912831055873  0.86002760253700983  0.87072965844856709  0.88219698084008902
  0.89343756132879748  0.90400899624260245  0.91443716762545546  0.92514014911277898
  0.93616934240357008  0.94617410234625077  0.95513022478409393  0.96362804100987098
  0.97232920056101413  0.98108948816400809  0.99055992016873462  1.00000000000000000
 -0.00212766185614574  0.00899767695135100  0.01864804866923611  0.02868402486999714
  0.03891892590495230  0.04974601159525659  0.06185822017162895  0.07372151607535671
  0.08480269412990193  0.09504315106231624  0.10524609708743592  0.11542987885188213
  0.12568486423267192  0.13645841451178312  0.14708849044245259  0.15764475623578625
  0.16846880300138353  0.18047258207232522  0.19258584216651556  0.20375242106529043
  0.21545824393552945  0.22730735228990676  0.23845264833716118  0.24908705190852184
  0.25928560948088014  0.26947596463268769  0.27980710934901160  0.29068657365485345
  0.30215296893871380  0.31422322228815736  0.32627102518929085  0.33771475551742536
  0.34800099401265089  0.35780047474458243  0.36760871126330985  0.37788889449807284
  0.38851111090963059  0.39793290741183140  0.40687951838158154  0.41599149653928180
  0.42582654694125133  0.43605534686530861  0.44607003761226877  0.45587911842054624
  0.46619232999012994  0.47687047968870733  0.48754249600163757  0.49806983880695210
  0.50833792731672933  0.51847286622976696  0.52935792227132472  0.53971507668891772
  0.54978967314291560  0.55987701613517049  0.57071951017793154  0.58149111396328812
  0.59177776560984263  0.60174187613829666  0.61177223641562128  0.62187596446049376
  0.63166341389580427  0.64099002024536700  0.65061291434089863  0.66095410357951978
  0.67173599274633511  0.68284838904223533  0.69391032140730180  0.70471651146293612
  0.71493102960447796  0.72417518150330507  0.73346634884663076  0.74286298527963257
  0.75308120243681054  0.76446656891930820  0.77619083389589971  0.78828138288141503
  0.80071698291912485  0.81289022217308959  0.82431985228027005  0.83508864622627077
  0.84500196771301583  0.85466455100783734  0.86364457179617238  0.87251106515591148
  0.88182280323878448  0.89158813815353788  0.90235996092163973  0.91362375218345193
  0.92415035832029968  0.93416013242344509  0.94413749821595194  0.95449003124399512
  0.96537154852094242  0.97626817885632378  0.98742184445393177  1.00000000000000000
   61.809682509929736       -1.0000000000000000     
 F F F F F F F F F F F F F F F F F F F F F F F F F F F F F F F F F F F F F F F F F F F F F F F F F F F F F F F F F F F F F F F F F F F F F F F F F F F F F F F F F F F F F F F F F F F F F F F F F F F F F F F F F F F F F F F F F F F F F F F F F F F F F F F F
  <DiscreteSampler_grid>
  grouped_processes
  1 # 1 for a reference and 2 for a running grid.
  10 # Attribute 'min_bin_probing_points' of the grid.
  1 # Attribute 'grid_mode' of the grid. 1=='default',2=='initialization'
  0.0000000000000000 # Attribute 'small_contrib_threshold' of the grid.
  0.5000000000000000 # Attribute 'damping_power' of the grid.
 # binID   n_entries weight   weight_sqr   abs_weight
    10   10   2.035986627872384E+013   7.292057453247686E+026   2.035986627872384E+013
  </DiscreteSampler_grid>
