 -0.00277277562599772  0.00991994837691806  0.02141764573885467  0.03337335103314489
  0.04540094730542162  0.05755737187453776  0.06990491623841943  0.08178241859850055
  0.09285051561097687  0.10363936911105358  0.11448315219394503  0.12497296502953788
  0.13500668160213597  0.14496413524145604  0.15506891347035956  0.16483279209854437
  0.17471990398126405  0.18456207185158638  0.19369046577086738  0.20257983053026254
  0.21217972246928340  0.22216371130994264  0.23224050957015163  0.24194713677334051
  0.25165966101245624  0.26188912351331511  0.27237171605467198  0.28294155273419430
  0.29366468857263495  0.30461783332141523  0.31555373959520111  0.32568075463140889
  0.33565682544047953  0.34532541898952784  0.35508633884904461  0.36474488793187915
  0.37438801724962500  0.38415906534426952  0.39419654074767985  0.40476029468654956
  0.41520361028679936  0.42484597712390959  0.43426374754955843  0.44390289153111517
  0.45371167605402885  0.46367536378565410  0.47338025602135958  0.48413635601055516
  0.49579180048756843  0.50722361917354197  0.51817447986819154  0.52876467153080908
  0.53918809412813828  0.54962866805280486  0.56043134207606238  0.57107169926621948
  0.58199519954473000  0.59361087945338542  0.60529052661217364  0.61577227515297295
  0.62602576595088077  0.63636356774577374  0.64731161760472933  0.65823093019505996
  0.66890220224326502  0.67908454699135656  0.68950510834294076  0.69963305976977841
  0.71055795964721802  0.72183983615529568  0.73374761543866951  0.74534155190046347
  0.75658241452579245  0.76786843809014182  0.77772220708536810  0.78725939601658868
  0.79641913844532986  0.80510891815818131  0.81416988279450708  0.82365425828595118
  0.83307873253283016  0.84316670351196088  0.85403326792759426  0.86619262731250601
  0.87805381646933778  0.88915276834357693  0.89937460318981832  0.90870150619061052
  0.91882307009105513  0.92912835632943391  0.93952378256035474  0.94988377979240224
  0.96027975752657913  0.97334012029435135  0.98621527580247581  1.00000000000000000
 -0.00010852121951242  0.00521940625449590  0.01094272529243943  0.01727170774982283
  0.02461425146533581  0.03242864064385835  0.04054132105368597  0.04915837940889053
  0.05868104786589583  0.06816057437293668  0.07765441938971934  0.08745977672034345
  0.09717832263065111  0.10661801548800631  0.11600467622881704  0.12566155603541637
  0.13602353614983989  0.14665878351082892  0.15688943685756127  0.16750079041779373
  0.17906934274347469  0.18958793373574520  0.19898693603385359  0.20806568888044016
  0.21784321587190708  0.22781875642399202  0.23746044118752149  0.24771624021616442
  0.25954701211161890  0.27167101171167601  0.28327534827082201  0.29438718624091970
  0.30524121149854838  0.31591829789930531  0.32625751332010045  0.33639369951819670
  0.34621137848990241  0.35518606736755465  0.36372262825454554  0.37274212298118592
  0.38379825031294273  0.39506785572736164  0.40614136179376970  0.41697738094522124
  0.42928128166465901  0.44193339979624968  0.45435281467913041  0.46602344347144403
  0.47707363879396697  0.48759255411340241  0.49730672818527533  0.50664357413044281
  0.51605600790532924  0.52591750471327758  0.53573997977527255  0.54566925830034962
  0.55574207782345009  0.56644344300082139  0.57802216159476905  0.58917709601098911
  0.59970934864551628  0.60975893065508457  0.61906686940032840  0.62813749432587462
  0.63688417121666452  0.64665709157515072  0.65763465550217692  0.66884661922728217
  0.68052901715217384  0.69205992366480928  0.70369881782523680  0.71413115341996158
  0.72399346382774654  0.73404282408391719  0.74509628588971610  0.75547485504797651
  0.76617860340541954  0.77687039181052109  0.78795097164771066  0.79909271892205924
  0.81022980643749720  0.82197444186900825  0.83344303667430641  0.84516367603084352
  0.85687032360434157  0.86959375960850249  0.88213074818333048  0.89507827569414156
  0.90805163333254857  0.92154448510160303  0.93406293929992334  0.94559351544327286
  0.95725012731196168  0.96989099760201736  0.98450969568729219  1.00000000000000000
 -0.00866756956917636  0.01779157764373750  0.04164268829937712  0.06565039677204043
  0.08918445244266102  0.11189127881824097  0.13246579032316122  0.15163708471328927
  0.17166797407640141  0.19168095930386678  0.21149073901209081  0.23298971371159430
  0.25526480980879263  0.27703459881223330  0.29875470496554141  0.32032227613734743
  0.34206113366451119  0.36399069954130348  0.38605167212301128  0.40816440866198844
  0.43036250244156482  0.45261181976775766  0.47501625537494807  0.49735353577315833
  0.51962737104712819  0.54235966029878269  0.56525956439883784  0.59033604304508458
  0.61576656742447000  0.64260746909226107  0.66254747223340438  0.67567954630504479
  0.68723100260844561  0.69037562329146285  0.69190819082861765  0.69587887918672553
  0.70067730711766496  0.70537602273028510  0.71007371166838507  0.71477647409953049
  0.71953193244352986  0.72433233369845718  0.72911877704473305  0.73386137440710097
  0.73858557240637079  0.74331912005419853  0.74813111714328651  0.75300053043108084
  0.75786742773816496  0.76276307063319293  0.76768741291392051  0.77262580960608962
  0.77760069869601833  0.78259629208481618  0.78758512643125311  0.79254359218848980
  0.79750093363788865  0.80245677737177723  0.80748292798346533  0.81252312613703770
  0.81752330483154434  0.82253038892249175  0.82757611459613778  0.83267797072327565
  0.83779572363315302  0.84287065899657287  0.84798542692386270  0.85310926713206459
  0.85819497469066197  0.86321234166324667  0.86826821183213598  0.87347422559473276
  0.87861255729988519  0.88379748244762968  0.88901199291233179  0.89424577588048459
  0.89947634479886807  0.90469315626141722  0.90985859434968064  0.91505840443704678
  0.92030359178127819  0.92555111538138135  0.93084475178443493  0.93609091225355356
  0.94136228364165464  0.94668158883516940  0.95198464233664215  0.95725280923919442
  0.96259205553874583  0.96796609211155704  0.97329775465199997  0.97865738649095801
  0.98400110490036130  0.98932139775918393  0.99464545416294847  1.00000000000000000
 -0.00288942701135506  0.01141187059520187  0.02254028318885484  0.03351408183715629
  0.04480789644799640  0.05632778854231982  0.06752764754611321  0.07849129690160950
  0.08898128923443921  0.09999103039171370  0.11113071752810276  0.12241685121090294
  0.13324627898197280  0.14393912222839614  0.15550857156690326  0.16753365476221693
  0.17966719232473685  0.19076897476387861  0.20095237563598856  0.21106662518807007
  0.22073617647853655  0.23029640742125057  0.24015560801841601  0.25070964142663915
  0.26095925394764330  0.27042385011479497  0.28108242132211059  0.29188018588407849
  0.30215421468292214  0.31235120415245166  0.32277733290387489  0.33324187154789225
  0.34297925789818201  0.35243466118737132  0.36252731254054477  0.37253335073960103
  0.38117743491888434  0.38994560925347266  0.39897225369428124  0.40883885047517665
  0.41899116788527641  0.42982898677684522  0.44042646715106293  0.45093654568681518
  0.46155289579209502  0.47247404428970058  0.48365605749776014  0.49486445228152232
  0.50600271003092057  0.51667603227837011  0.52703509888259481  0.53752710152797090
  0.54784279641310085  0.55782178551021566  0.56767128260068822  0.57731225993310231
  0.58715959145782370  0.59655993480670022  0.60711447432147925  0.61882558507904817
  0.63062011627824877  0.64228933565566559  0.65539656899279153  0.66779613553110007
  0.67812142881914772  0.68823442180010297  0.69809242494304613  0.70847182652921969
  0.71837729819269613  0.72809091682266514  0.73861543872216495  0.74876424246319906
  0.76040977319302894  0.77248010898254027  0.78572696897368211  0.79733048517704608
  0.80835276218590590  0.81951247510396596  0.83102386898566127  0.84089860858675758
  0.84994558697187927  0.85920803266409385  0.86902188708198080  0.87891225590115607
  0.88907081000039601  0.89996107364118338  0.91187082431010702  0.92276367438176388
  0.93362042662489308  0.94469086740457009  0.95648493114446065  0.96629749014063904
  0.97550178100762797  0.98402863426012566  0.99198223394397711  1.00000000000000000
 -0.00234251668272837  0.00872144333766241  0.01897376305036863  0.02987373487664184
  0.04070095517640519  0.05236598775975161  0.06474502882792367  0.07724811664655411
  0.08887827320915545  0.09997307674338675  0.11111858410035350  0.12204034585117410
  0.13149436231873152  0.14014766717122817  0.14928768127118885  0.15912654743280555
  0.16943187888914565  0.17951474087269592  0.18988752772197215  0.20096942595429509
  0.21222302426613182  0.22376276846474025  0.23593540529895499  0.24845300074814136
  0.26097583493854459  0.27338105952229302  0.28542480034216505  0.29704464588192542
  0.30815035624345616  0.31948332334438578  0.33094074337127660  0.34354529530144839
  0.35665848627179642  0.36956575881770948  0.38130504406865529  0.39258308503670752
  0.40221125883447240  0.41124705568121112  0.42031714530794378  0.42929677977635761
  0.43887686593776215  0.44874654668530123  0.45855368206507885  0.46877525728034469
  0.47896899698317724  0.48911042480673339  0.49951783675230826  0.50965131701918842
  0.51946148560680139  0.52933320150424712  0.53906563098893079  0.54915057235195808
  0.55940902670797399  0.57058030078049449  0.58164088490692323  0.59222995426638070
  0.60256860357563546  0.61335218486382093  0.62397675105137684  0.63353273711196689
  0.64290904554458017  0.65256310968891740  0.66244942390293982  0.67220087430824538
  0.68159256447602556  0.69159069054558131  0.70241090849473176  0.71467800358595301
  0.72707686891781109  0.73877054267704101  0.74979560347743657  0.76053226909470373
  0.77056176369867957  0.77986375220231574  0.78861632573923901  0.79786429759576316
  0.80722683941371909  0.81687879137513142  0.82625392181732993  0.83574911272559671
  0.84600282377404190  0.85613546345760860  0.86560653155055323  0.87556848975540003
  0.88702185331971117  0.89864808452291423  0.91013656372848861  0.92082887263405633
  0.93056927464292372  0.94055815304300805  0.95028245678231438  0.95971350388574383
  0.96910550968669573  0.97887522192392140  0.98967928450275255  1.00000000000000000
 -0.00348857541800102  0.01251688491720193  0.02405764059071464  0.03297964791426585
  0.04232488256977916  0.05166955991191598  0.06215921203074907  0.07212744359228658
  0.08159335174993999  0.09150809698403119  0.10208545488529376  0.11279841765501290
  0.12324581562330739  0.13313586733004643  0.14286747348470283  0.15248699944231356
  0.16188905580920315  0.17161905039200365  0.18216176607302317  0.19390411660131610
  0.20604340722682993  0.21665226563104681  0.22709369856563466  0.23809652935287959
  0.24939793630879645  0.26034410457300483  0.27152166262862687  0.28396824253241054
  0.29559716122477486  0.30588843806206045  0.31553437833588321  0.32488156426147458
  0.33448460402558028  0.34395248983101873  0.35250779754921258  0.36241016654960090
  0.37281250879774197  0.38441390304928297  0.39598185999016150  0.40710350901072062
  0.41777484829199207  0.42852567258618507  0.43919367697365858  0.44982567627509401
  0.46041027781227256  0.47098841622071758  0.48170167860754920  0.49230764679365352
  0.50273723234453682  0.51309178941192324  0.52359731840738899  0.53401917158703027
  0.54436694123981411  0.55494896978723240  0.56632891857867507  0.57812013614144075
  0.58991934401437607  0.60149463622601385  0.61258714107962320  0.62309545331393279
  0.63316943035925299  0.64314213461955227  0.65338268984350123  0.66377864860752223
  0.67448792130184165  0.68486567355342087  0.69593083857887317  0.70742950817851002
  0.71912896430898199  0.73110125573231355  0.74304470959544722  0.75441474995810998
  0.76560385101060602  0.77629766376158904  0.78744838922529181  0.79790313832845872
  0.80813848088610873  0.81866330586939740  0.82931654660143683  0.83870393970313872
  0.84718281192443612  0.85591483617501174  0.86553674368563760  0.87514558696167055
  0.88453520538548402  0.89413104266991761  0.90472990788854235  0.91540666865258680
  0.92557248159782868  0.93560946526440369  0.94571718896599377  0.95604046235049300
  0.96690240031623320  0.97801392838266632  0.98921839818799318  1.00000000000000000
 -0.00280232309230408  0.01093318465882775  0.02334367919437690  0.03548449329821565
  0.04697046912354740  0.05768408765288521  0.06786421067260981  0.07782888602118804
  0.08790767346430910  0.09793643575809359  0.10796147141868957  0.11819048194312506
  0.12988693905734652  0.14229451077862373  0.15379996207092683  0.16498852134141270
  0.17614111292801432  0.18700114638573950  0.19638889512321883  0.20587874819305638
  0.21689377174238569  0.22849666669225366  0.23933544823792752  0.25010201755810385
  0.26160320885324617  0.27270719544730926  0.28347480127586594  0.29425852391856783
  0.30581677767866722  0.31791968564130380  0.32987488566306195  0.34116022775419447
  0.35210362109643073  0.36363749863116557  0.37532049849022853  0.38677743078576571
  0.39810100799296089  0.40888059303757157  0.41970819988974389  0.43000889010616744
  0.44044643639154724  0.45006543079157757  0.45981571050031195  0.46973304163459256
  0.47992800587243795  0.48986356810610088  0.49995015056566028  0.51003915918300635
  0.52006553818606827  0.53067323858739723  0.54142164270466320  0.55173688729497961
  0.56166065931731057  0.57155063647313653  0.58143476237542924  0.59093234318271537
  0.60037669597604093  0.61142698199959877  0.62331658101635046  0.63512321119856219
  0.64650220112698342  0.65712369400583448  0.66689290001380785  0.67586972300375603
  0.68487816513605959  0.69408694679261196  0.70306074153975606  0.71261161804327644
  0.72288940364250887  0.73264054994143413  0.74208354956105671  0.75164018074265493
  0.76264109271700287  0.77259048340819703  0.78166400407556424  0.79064160054983823
  0.79993444176419870  0.80939019063529050  0.81879716224761911  0.82846098823468572
  0.83810037810505578  0.84811137719222929  0.85866120098465248  0.87035694136641939
  0.88222806818572119  0.89349780345826124  0.90481789112067434  0.91589949376835711
  0.92645249101985439  0.93671536363478780  0.94766862927733442  0.95856786691357088
  0.96889131778538373  0.97864342505728397  0.98913827019772615  1.00000000000000000
 -0.00237922944500349  0.00886539419564557  0.01906608167810823  0.02967684019651513
  0.04048253404304571  0.05076832165750964  0.06114881139189955  0.07090720603014657
  0.08042931167466302  0.08994548508964127  0.09927554167370077  0.10832855519988745
  0.11713219672428628  0.12640716750631403  0.13667318213709398  0.14694145043543388
  0.15677541113714455  0.16656612086764902  0.17638003690896809  0.18634861585883250
  0.19637847948207987  0.20699297651429843  0.21843796921052258  0.22994088842768307
  0.24140854021822977  0.25198510638486243  0.26183602260224298  0.27154185115322804
  0.28154575485426914  0.29138819859859810  0.30152446868346727  0.31174881134915278
  0.32428595805253824  0.33649093276668934  0.34769312627878135  0.35910209379083868
  0.37009373409777596  0.38153689426431975  0.39169139432266065  0.40125072557940550
  0.41051559157488687  0.42011911108904482  0.43086402888218350  0.44190334447533364
  0.45261312175001939  0.46377193890340163  0.47594470711352060  0.48847598769651634
  0.50031610958742245  0.51160914494021803  0.52239905735982017  0.53280117632964741
  0.54322153291081987  0.55348681346357720  0.56401658715122982  0.57420749447828678
  0.58406513351116573  0.59392576679594034  0.60399115194849085  0.61447705415944731
  0.62521062901254976  0.63675987746634455  0.64839309970702863  0.65930863826083408
  0.67036489372957764  0.68191359659682971  0.69453120300583737  0.70711266777644188
  0.71791035485736443  0.72804095790822099  0.73864785711756353  0.74969064355543968
  0.76030422435746337  0.77060528545363760  0.78123993983367046  0.79201621173611314
  0.80227814998576674  0.81264029091541079  0.82346700840345033  0.83438532888911388
  0.84626705247126854  0.85781572243515114  0.86777706982901670  0.87766305971654435
  0.88709127636129104  0.89619732276940056  0.90569452500909398  0.91561103650990550
  0.92760424416410348  0.93930411770456979  0.94926028839334853  0.95928892718193171
  0.96996926839722641  0.98031126994884998  0.99012842108693599  1.00000000000000000
   60.834107364870071       -1.0000000000000000     
 F F F F F F F F F F F F F F F F F F F F F F F F F F F F F F F F F F F F F F F F F F F F F F F F F F F F F F F F F F F F F F F F F F F F F F F F F F F F F F F F F F F F F F F F F F F F F F F F F F F F F F F F F F F F F F F F F F F F F F F F F F F F F F F F
  <DiscreteSampler_grid>
  grouped_processes
  1 # 1 for a reference and 2 for a running grid.
  10 # Attribute 'min_bin_probing_points' of the grid.
  1 # Attribute 'grid_mode' of the grid. 1=='default',2=='initialization'
  0.0000000000000000 # Attribute 'small_contrib_threshold' of the grid.
  0.5000000000000000 # Attribute 'damping_power' of the grid.
 # binID   n_entries weight   weight_sqr   abs_weight
    10   10   3.888889988336592E+013   3.286780484542767E+027   3.888889988336592E+013
  </DiscreteSampler_grid>
