 -0.00273353530403507  0.00979354476304990  0.02081101205437069  0.03205473024849274
  0.04265071346269837  0.05236726812800099  0.06247457499955698  0.07252940070721338
  0.08244535970697510  0.09163233027437399  0.10098197330267908  0.11133373332939009
  0.12262049870934801  0.13304864377030021  0.14347990750814965  0.15475137360438346
  0.16615074191930340  0.17641871138289233  0.18659916449684447  0.19722678379313355
  0.20788884812627195  0.21861677014761652  0.22922587937149383  0.23990471922281689
  0.25071813038628132  0.26068810289036909  0.27080516319858727  0.28061840582943337
  0.29066151962759784  0.30007635351224249  0.30916220375644249  0.31831406094515968
  0.32760783339652849  0.33654747287849773  0.34587823824324854  0.35563161878129756
  0.36595638608653308  0.37636597493764568  0.38632804566448342  0.39628809059089937
  0.40620587587469081  0.41559877373736409  0.42443567226562712  0.43334817833095413
  0.44307194850179871  0.45317002923840660  0.46298165762344679  0.47280887808032190
  0.48289257018062948  0.49312984502190754  0.50337513321171445  0.51337505591993593
  0.52340098524528533  0.53339659275972484  0.54420438707550822  0.55616885601895660
  0.56778131462518977  0.57848419524848693  0.58913144860661337  0.60001920667431241
  0.61090639838016259  0.62168168941412694  0.63272137434013453  0.64379473886641991
  0.65437105208439506  0.66502824119270720  0.67664505568944366  0.68861682834224414
  0.70058432782402869  0.71232747333875301  0.72360103690679345  0.73460586050169807
  0.74527452303342046  0.75564084640583928  0.76591067784109645  0.77640235570714322
  0.78717866199440145  0.79808880805556104  0.80926784579147926  0.82091707061677954
  0.83301803106453387  0.84564737949542990  0.85743632396679792  0.86908917993911827
  0.88003755364758296  0.89052913602993700  0.90190526304928120  0.91299275391988088
  0.92356720097021761  0.93345871640080702  0.94458649639050618  0.95608289116599754
  0.96718259687537933  0.97797574321506042  0.98903743281538326  1.00000000000000000
 -0.00055703329960572  0.00645844983820191  0.01339163835346158  0.02085320973965867
  0.02901668892093102  0.03771510710868194  0.04654785382298852  0.05546857797286793
  0.06450476251075218  0.07354143512633693  0.08273454529077352  0.09256317060602194
  0.10327143567262390  0.11481083938930413  0.12672723671849961  0.13839309518760087
  0.15016172908893249  0.16194982492473597  0.17360382726196977  0.18537948630455031
  0.19583124171348465  0.20574240265429289  0.21540425350475273  0.22547018899304158
  0.23548507980664724  0.24655222946555086  0.25640791994197104  0.26551192732584278
  0.27408028944015034  0.28313473677813900  0.29291764603144776  0.30307551396963794
  0.31305462000458018  0.32394727231079906  0.33422057483233358  0.34505317939045443
  0.35578165633623393  0.36608100819134826  0.37589722741776949  0.38544511603418719
  0.39528381269575125  0.40541760289859108  0.41520448211716221  0.42477950934410319
  0.43425541264662570  0.44396221159166782  0.45415126024708791  0.46458788991296668
  0.47546802418681477  0.48618932330252618  0.49685492191720498  0.50761249611337134
  0.51826896631008568  0.52910345051733165  0.53987036813976919  0.55168466098864355
  0.56352534439022828  0.57537188751012336  0.58749211205705199  0.59965259169618801
  0.61107703413361869  0.62189702937930502  0.63267812258236722  0.64332723309329343
  0.65369181595569925  0.66401703630255882  0.67499357106588342  0.68600664059406424
  0.69672805109101266  0.70727683871259606  0.71749231660484802  0.72743636853074567
  0.73710079700724607  0.74686825065218376  0.75723816507102903  0.76831098086605931
  0.77985646118715379  0.79103674377097222  0.80184163087061144  0.81266051098775749
  0.82341541298126242  0.83392919930476161  0.84461674823170585  0.85533153267809703
  0.86629167408538965  0.87715330201714559  0.88841428774399578  0.90007069189161515
  0.91166778657373349  0.92247925414037479  0.93258873412468968  0.94335817494666396
  0.95481625005951465  0.96746567199135058  0.98260578847650160  1.00000000000000000
 -0.00878623798133789 -0.00318168219352126  0.00861774812378462  0.03419460280264176
  0.05957199978986526  0.08481167472499045  0.10869867044302683  0.13188533511004760
  0.15252789562997016  0.17338199987987524  0.19444145256612161  0.21493933577035440
  0.23587584343996509  0.25849703300687604  0.28113665635444479  0.30379279392363012
  0.32629374336730133  0.34873717488733408  0.37097343938493121  0.39310164300723888
  0.41506892773528276  0.43717071387914269  0.45933620284371296  0.48174518715776982
  0.50416892836649574  0.52661372058475087  0.54878836625198513  0.57074426910513787
  0.59511036429386088  0.62008362823720520  0.64655455094049663  0.67024775555951277
  0.68775794432346959  0.68989784345819916  0.69133471538261781  0.69409844894302264
  0.69904527988914622  0.70380703595037231  0.70859413393082915  0.71338864865396945
  0.71814144430280269  0.72295474733651655  0.72776571733122786  0.73255637408186491
  0.73739917721640535  0.74227859984563827  0.74708969088354560  0.75188151160416783
  0.75677129373053076  0.76172848626059575  0.76668788303073598  0.77167602698480153
  0.77666402898668752  0.78162999942397582  0.78661388270477783  0.79159116513758399
  0.79662085744306221  0.80175742506632364  0.80689422324263282  0.81197251535025594
  0.81703191916070694  0.82202647258015205  0.82696593129846785  0.83189640565644041
  0.83690793566656174  0.84202325095873720  0.84721126398065327  0.85242835239459014
  0.85760216315949644  0.86269603338086165  0.86777084381062264  0.87287811753311917
  0.87791841093744338  0.88297107090682125  0.88813349176478884  0.89337154586041345
  0.89861924940722127  0.90386677602934462  0.90915715944933928  0.91447360971866476
  0.91977106094730998  0.92508541919443743  0.93048256532667828  0.93585474061580654
  0.94114837515916194  0.94640500762730828  0.95166602064797789  0.95688217398796116
  0.96207161709170497  0.96734699279820269  0.97276714915167384  0.97818047858085089
  0.98359270940289845  0.98904540888315606  0.99452043467911211  1.00000000000000000
 -0.00255825958998535  0.00944052581450369  0.02039275403000971  0.03129410803251882
  0.04277643915402978  0.05457393623816920  0.06612903450512389  0.07723134794546183
  0.08787966895267758  0.09847380284185507  0.10895451427932883  0.11908249775028268
  0.12951143805664833  0.14008862995099103  0.15129827574669000  0.16270598345792034
  0.17372572315872079  0.18509738698766745  0.19682511366717251  0.20863444942875814
  0.21996180655737366  0.23075782135066283  0.24160343295545994  0.25253752388099499
  0.26361236369225993  0.27466962225111280  0.28487851149435173  0.29511520787350354
  0.30548920887150849  0.31603055059250706  0.32631206436979665  0.33691248303825833
  0.34877178049289076  0.36055220621108858  0.37137800102735008  0.38216562250444569
  0.39236760708047119  0.40236354097152971  0.41179501282751751  0.42154213279555025
  0.43173020735737866  0.44231636406447361  0.45317044167055770  0.46360950167453219
  0.47374248153773313  0.48414199275580305  0.49458204730665845  0.50471108521651986
  0.51476365038033867  0.52512330407158114  0.53564757743544522  0.54613140114953784
  0.55696462253136336  0.56834326554786885  0.58002835740561287  0.59096917340283894
  0.60120384686677919  0.61159407610936167  0.62263803496458803  0.63373891380469460
  0.64444319171611264  0.65444799217566085  0.66418421636789471  0.67354499632490417
  0.68299038443553262  0.69272548080883944  0.70280596277095597  0.71223542982950028
  0.72122080094141561  0.73012909981097585  0.73944931521231705  0.74865815923601087
  0.75765450053637717  0.76674836749611730  0.77629135331418164  0.78665716962742016
  0.79673637858542823  0.80690501038987250  0.81737385485537351  0.82787086686730349
  0.83807938304842056  0.84833006582670056  0.85884423368138374  0.86973424355320461
  0.88038331769164013  0.89045256061629130  0.90068131201740398  0.91229756721184840
  0.92403670695040530  0.93568216281876015  0.94696615589411381  0.95826597453598938
  0.96886498236414054  0.97965730943610885  0.98977826298195692  1.00000000000000000
 -0.00313903380710725  0.01144713759638184  0.02346332424987702  0.03420737443286951
  0.04482893170745625  0.05541203593686727  0.06624870178601693  0.07718251383577113
  0.08884038939944450  0.10079883289216270  0.11230819620648401  0.12345199594108375
  0.13388045717876121  0.14458869037769773  0.15513693819727911  0.16511518551996512
  0.17490302457049706  0.18453670121542931  0.19424668221070782  0.20397203093711463
  0.21385252386140008  0.22361348189763613  0.23329007621497508  0.24267409940860449
  0.25203630142286454  0.26151831992203028  0.27183563627521889  0.28287281202376846
  0.29432882064702082  0.30571902854190469  0.31740578120899876  0.32889118939441547
  0.33996296234656620  0.35073517878175997  0.36083511228741416  0.37056807307364920
  0.37950220460089429  0.38819031812065241  0.39741325510174880  0.40650604217205910
  0.41505069419042145  0.42386039065670233  0.43268550217582419  0.44221935266283396
  0.45135954572429593  0.46059228198726687  0.47025935792438744  0.48083904558188179
  0.49163523001224152  0.50245929009348600  0.51387250382934702  0.52528347150724763
  0.53645582266983360  0.54743589013420635  0.55761494506411546  0.56738738819439438
  0.57744167633768773  0.58832462469660973  0.59897566474079922  0.60983688003472047
  0.62123972231180991  0.63263958377441853  0.64473914293011592  0.65787251683756343
  0.67110337651297602  0.68363506865743473  0.69481895709718855  0.70592629719970135
  0.71648805170111896  0.72649385945710621  0.73608456887812612  0.74532439130649975
  0.75470138671372400  0.76425574887171754  0.77369803539137882  0.78426275626093789
  0.79530318491322016  0.80828141576996204  0.81975085636491329  0.83132124611502367
  0.84201255228571892  0.85274863593591754  0.86286530804927319  0.87314316264612124
  0.88405384475822968  0.89481946238569832  0.90557934064296253  0.91581292940315961
  0.92585834018471247  0.93610470226224951  0.94629504105612405  0.95679940930344687
  0.96739955937928013  0.97841042589943095  0.98916943068546059  1.00000000000000000
 -0.00268540005585010  0.01057384770893267  0.02190503706852878  0.03198660666892456
  0.04195262937724767  0.05172814048551495  0.06168446665535564  0.07133406106094126
  0.08091122108313646  0.09055492424744270  0.10080295091754375  0.11096443438658905
  0.12092660329673949  0.13103599009473968  0.14141604044120287  0.15169332160105542
  0.16166536708122803  0.17169616066483553  0.18225514780383009  0.19308564920408647
  0.20330002809675748  0.21250194652479246  0.22104501560193909  0.22993492823197717
  0.23897716761114976  0.24797231148457363  0.25692354664685241  0.26593051741928769
  0.27573922775074761  0.28709408878885301  0.29829108347319411  0.30921169703820323
  0.31947039934320293  0.32938614729084620  0.33930443111479514  0.34907714056405470
  0.35908287442992476  0.36875738723665630  0.37877623209984712  0.38902619048082182
  0.39866433841972004  0.40828992578392348  0.41808578407166236  0.42871141827862330
  0.43961521822352839  0.45034930881464547  0.46113349512262319  0.47196437908405048
  0.48255854099690670  0.49380961458461364  0.50471951371570412  0.51581258912842942
  0.52739674657158619  0.53981372171310860  0.55087267798889250  0.56122257194613090
  0.57065936012270557  0.57979081907049657  0.58917934566683083  0.59883736302920620
  0.60918529642475594  0.62029802798039246  0.63181133557824598  0.64344179114951472
  0.65606241518969788  0.66806828786095696  0.67903042443705486  0.68971821790553600
  0.70088164885584980  0.71262287674833136  0.72504686356749082  0.73750579634163194
  0.74921180450007574  0.75998267346213533  0.77058406831060500  0.78126067002342825
  0.79167113736106898  0.80186821030045052  0.81243545263549788  0.82376356186009991
  0.83530277117682949  0.84680673347878743  0.85796323942203057  0.86865295369523599
  0.87883962980400621  0.88795828761037832  0.89712148786427814  0.90655375702448349
  0.91617071926531990  0.92614504157868638  0.93694663824393609  0.94946130840715048
  0.96325436397510367  0.97599997305211317  0.98804188914972446  1.00000000000000000
 -0.00220392075790424  0.00883319371626406  0.01821275033001167  0.02868857747032494
  0.03879947075353676  0.05053809667685454  0.06365414659190131  0.07366444204376073
  0.08322877585691486  0.09227932996178945  0.10114439186414137  0.11004880075970906
  0.11951404778630827  0.12966939678202524  0.13990561267064688  0.14966962076514420
  0.15905252649903934  0.16892160697138209  0.17958780111682360  0.19036586741996403
  0.20089541245435394  0.21088446674441536  0.22072591465371924  0.23067004747143674
  0.24072843960780557  0.25029722962132905  0.25969002833415916  0.26924584735657342
  0.27944605519582422  0.28975752882320532  0.30008573220159690  0.31060722809006386
  0.32125806490085163  0.33172065373267151  0.34228478848080052  0.35325130040090702
  0.36496989615302172  0.37749230061755262  0.39020190052938308  0.40181998492763576
  0.41220669920385022  0.42254709991396477  0.43295569949056428  0.44325157901366247
  0.45356412047593259  0.46482050727434127  0.47675248497594802  0.48869515872580732
  0.50035762367373715  0.51160066689453243  0.52277186129053910  0.53345346037929287
  0.54381128237233367  0.55382894862087206  0.56393494962958290  0.57351573876091255
  0.58311252768857547  0.59285955455874872  0.60277772617061354  0.61274562996740323
  0.62326227441458815  0.63425201098008976  0.64578024868010042  0.65737473840024296
  0.66860388745227917  0.68072826366165140  0.69249365984687428  0.70517490932576277
  0.71748091553396320  0.72936139549065049  0.73982331347090691  0.74994048514245237
  0.75984684642652844  0.76970646226000006  0.77877136497791943  0.78748496330306172
  0.79647645891893060  0.80590916245135091  0.81640442302000382  0.82829339501960131
  0.84022915924271502  0.85192480783860680  0.86317739503399982  0.87376565267990303
  0.88351980899649618  0.89297697273454468  0.90291485735048649  0.91310002445201732
  0.92298028468916260  0.93316726525374483  0.94404779903121316  0.95566741773973729
  0.96669670913855321  0.97768811719724769  0.98870571540752061  1.00000000000000000
 -0.00250559433587499  0.00993185105087808  0.02024016542593834  0.03053376392472591
  0.04109962421181386  0.05209687057423126  0.06362213432655001  0.07462072133666443
  0.08519201902647386  0.09574074313170726  0.10697661497080506  0.11878409870102806
  0.13031328959892302  0.14178460785391292  0.15324974031899405  0.16471900407438261
  0.17594746361376762  0.18689108803797153  0.19762700970033867  0.20789113701902004
  0.21766950201958604  0.22734052183503395  0.23706840885304409  0.24679479361350568
  0.25621854851925469  0.26548247513414786  0.27494840233519707  0.28440932741082170
  0.29395051817834478  0.30336211720537454  0.31306289953330607  0.32320969327680488
  0.33363357339329447  0.34436862673304364  0.35517527099052770  0.36592490347099987
  0.37651370072403245  0.38687685669329913  0.39730927661930726  0.40767766030349062
  0.41761160069619063  0.42734887878812111  0.43732399109715686  0.44818085335326879
  0.45981392015140449  0.47140227024904302  0.48244583543293518  0.49354034903370042
  0.50448388406661782  0.51498205960896215  0.52479130884821501  0.53424142791599616
  0.54437481091282836  0.55487845388809676  0.56580980726951424  0.57716541385166575
  0.58918343931612693  0.60059456773438247  0.61107827586543961  0.62123943810931781
  0.63219853408879001  0.64369524449370441  0.65438715471673126  0.66462062058394200
  0.67508062647754496  0.68522520917751040  0.69460530356773698  0.70356883672179160
  0.71334688798232704  0.72368115298166813  0.73398249710169305  0.74418342158021777
  0.75508342384666571  0.76669271071940648  0.77736049185715683  0.78748644043102600
  0.79748798952335598  0.80841903702548490  0.81830297767722193  0.82776162153088539
  0.83733905876369541  0.84762629793190225  0.85745116483899164  0.86696879916267555
  0.87611900749916094  0.88635255052547968  0.89731025477631587  0.90957469944399949
  0.92229145766636456  0.93444495883646406  0.94751056067180828  0.95956785311657178
  0.97023539727541441  0.98017748565960827  0.98991530245712578  1.00000000000000000
   60.471554301010173       -1.0000000000000000     
 F F F F F F F F F F F F F F F F F F F F F F F F F F F F F F F F F F F F F F F F F F F F F F F F F F F F F F F F F F F F F F F F F F F F F F F F F F F F F F F F F F F F F F F F F F F F F F F F F F F F F F F F F F F F F F F F F F F F F F F F F F F F F F F F
  <DiscreteSampler_grid>
  grouped_processes
  1 # 1 for a reference and 2 for a running grid.
  10 # Attribute 'min_bin_probing_points' of the grid.
  1 # Attribute 'grid_mode' of the grid. 1=='default',2=='initialization'
  0.0000000000000000 # Attribute 'small_contrib_threshold' of the grid.
  0.5000000000000000 # Attribute 'damping_power' of the grid.
 # binID   n_entries weight   weight_sqr   abs_weight
    10   10   3.707068929653054E+013   2.632595826863914E+027   3.707068929653054E+013
  </DiscreteSampler_grid>
