 -0.00171175672936354  0.00705968715447617  0.01479146001370396  0.02343953831339048
  0.03179600696573374  0.03965508959300379  0.04814110895281495  0.05782340050286149
  0.06837069739166673  0.07945769713263533  0.09093420396821000  0.10287699487112600
  0.11438058802037175  0.12523351448635625  0.13597899547074999  0.14705336502497304
  0.15815388188518648  0.16973949642536285  0.17993581653041688  0.19102783454214911
  0.20159346435424166  0.21173797852299053  0.22158881455745397  0.23201894826691763
  0.24311747407694501  0.25441306881980819  0.26619142602034201  0.27753762029900453
  0.28939870289664504  0.30157326966697456  0.31467284728744888  0.32787144541251995
  0.34058502671214247  0.35216724612187617  0.36246541710993796  0.37228781771342007
  0.38225571811368236  0.39263467658614537  0.40321657239788106  0.41335654737544048
  0.42352787795133667  0.43344283571016401  0.44287269585199951  0.45171084904156467
  0.46083389558183752  0.47075892329988661  0.48148384105725728  0.49236024830746938
  0.50363525746356497  0.51520642817548179  0.52655878364705699  0.53768360968683648
  0.54907919783505521  0.56072457594847847  0.57212328160928994  0.58335642466905369
  0.59422209120630998  0.60460482464120036  0.61519017265155962  0.62534836350405743
  0.63516698281072226  0.64489438097559548  0.65520980840237886  0.66536173580207292
  0.67501217593892471  0.68456979312723509  0.69487369831116041  0.70626224000829119
  0.71835337974722835  0.73059368060254459  0.74264758495889216  0.75473128892042007
  0.76685573760466419  0.77843023581619764  0.78923058875068541  0.79935475944794199
  0.80921069307297966  0.81882579985516779  0.82844062158385723  0.83892094072245682
  0.85038726393385722  0.86152112864537422  0.87189696207877054  0.88200574530270615
  0.89163952345944453  0.90104215160625911  0.91007508140180249  0.91956192582692065
  0.92956385192859636  0.93961403394700360  0.94963409211892458  0.95963141521494122
  0.96963523968191079  0.97930569185562399  0.98930701894700546  1.00000000000000000
 -0.00052250881095070  0.00576424760219693  0.01244142872726414  0.01976742195540209
  0.02769955998713087  0.03585540103740346  0.04411502999758330  0.05252492005629749
  0.06124129181597140  0.07027802994157227  0.07944296908243086  0.08876512385295868
  0.09820678423274086  0.10833066509258865  0.11939478055253910  0.13073964974317506
  0.14189230169977834  0.15259843773998993  0.16292652355416107  0.17326529065137983
  0.18373300056147965  0.19419305078489260  0.20488093556892303  0.21653213549474268
  0.22932198193856645  0.24177177657884788  0.25407494791927349  0.26609108283011523
  0.27726022757924357  0.28822551907919947  0.29791362350830419  0.30799836432362460
  0.31809048235437104  0.32785780366769246  0.33747542244453821  0.34737232985383892
  0.35799875537495512  0.36943698949371445  0.38101496728285283  0.39205162719734177
  0.40289558622171517  0.41396416930044688  0.42564584853319776  0.43705256729369374
  0.44790796001290389  0.45941784601247637  0.47212047313467803  0.48340101760731996
  0.49388402948915833  0.50489532455375952  0.51637045769033985  0.52786932868136682
  0.53931608237244488  0.55148485335224517  0.56354341435840249  0.57387875713323544
  0.58343418518313594  0.59307473089850915  0.60326052873014535  0.61417869940323233
  0.62526193803596741  0.63645148452063049  0.64741066662705637  0.65764750608515143
  0.66747938571746235  0.67721595320976768  0.68709552499235904  0.69683458480734739
  0.70639664373877786  0.71598250188490009  0.72627809423121836  0.73686834943295243
  0.74787638697123893  0.75831425476871095  0.76832006709027700  0.77833298121426930
  0.78846458121758844  0.79915118531468887  0.80976522958361141  0.81975266430273952
  0.82985232181698099  0.84004188773093058  0.84993909803436618  0.85902474673234142
  0.86805368121483606  0.87739607943821696  0.88702731429111648  0.89668304367735152
  0.90652308162270678  0.91699185604717715  0.92864655127629370  0.94234414158632585
  0.95672552041879033  0.97047911377462137  0.98483886636868034  1.00000000000000000
 -0.00903630170003439  0.02155654009797352  0.04566328299460015  0.07030506837588205
  0.09432294182200905  0.11647543964027944  0.13760717886728080  0.15754478824945725
  0.17795949670036298  0.19855566360254912  0.21941630489079636  0.24127203594456967
  0.26418333301258290  0.28644014082448571  0.30853441155955885  0.33069970854285502
  0.35288927397807590  0.37513507359779952  0.39760805744754019  0.42026065299973581
  0.44276025673284097  0.46518754336891155  0.48733202291296501  0.50925579971452761
  0.53087814901540242  0.55299431549215938  0.57535624451735612  0.59870016750552157
  0.62224112134729170  0.64830135700817748  0.66859964240798297  0.67819003791058330
  0.68776347242490499  0.69051410924053858  0.69200227410695692  0.69625879440036731
  0.70093148306132624  0.70561144529251574  0.71028917282730186  0.71504750291706198
  0.71987417807358334  0.72463263710670422  0.72943742007489853  0.73423148029720542
  0.73901993427985457  0.74384917647935977  0.74873656243469711  0.75350157283225039
  0.75821757025786174  0.76306169620373898  0.76796745233233421  0.77290614559336090
  0.77782855676982565  0.78270611656081313  0.78757153422638215  0.79252566297407667
  0.79750989277570961  0.80243359029364580  0.80741995192623406  0.81249932916867640
  0.81755563322548830  0.82252189752004856  0.82751592712919231  0.83248971302537855
  0.83749348411013691  0.84257022702433215  0.84765229758425453  0.85271192642489035
  0.85773134010703189  0.86274371965237229  0.86777463004263733  0.87286083093460110
  0.87801868781794234  0.88325176899577651  0.88858900043915512  0.89388347221041142
  0.89908464988880810  0.90421996199454746  0.90954727046377026  0.91484273983920061
  0.92007159523838788  0.92526945760385026  0.93053523455537301  0.93578390772319153
  0.94100456239475361  0.94631915421947954  0.95169715667368304  0.95705657531072219
  0.96241699605020703  0.96783747299699574  0.97321001147478314  0.97852886046501242
  0.98385667884986139  0.98925442477209291  0.99465684707587176  1.00000000000000000
 -0.00239774983786219  0.00903526495113420  0.01934913449055562  0.03051773752021103
  0.04134478149364796  0.05159272158608193  0.06240562303702132  0.07300390899890327
  0.08359413943687824  0.09404585891915636  0.10394057609326349  0.11461001933863955
  0.12482063434293894  0.13811027981283622  0.15019937253456087  0.16120039039191478
  0.17170844842344055  0.18241677216160748  0.19318530050888605  0.20400869492412488
  0.21504724515244014  0.22583516590796202  0.23557852222304226  0.24463167308334458
  0.25376990292429724  0.26283192442674591  0.27213968718546366  0.28182871363244855
  0.29218641555555142  0.30346764889078148  0.31539977188501783  0.32732687928727106
  0.33879091785891297  0.34985025262339570  0.36114105616541842  0.37244865399111249
  0.38330497372793837  0.39409722354013182  0.40519402589113740  0.41654553753290680
  0.42777762894288113  0.43884477803249061  0.44959689770267119  0.46040252229498990
  0.47100380651832058  0.48152018737207436  0.49208152848724324  0.50242022715422574
  0.51242860448700500  0.52214938355617713  0.53179114561180696  0.54155607127706729
  0.55164122523783743  0.56195370326794580  0.57219814951682590  0.58256947089828304
  0.59328491045933140  0.60449490467879141  0.61625613570601945  0.62797165942394340
  0.63952194771614279  0.65044390787547746  0.66073734344687884  0.67086373159231127
  0.68088525618315687  0.69128722909876761  0.70142224056227409  0.71196503246053555
  0.72320591177833848  0.73453154169139834  0.74615843056280395  0.75648061795627675
  0.76620262214699619  0.77632706511761473  0.78644257761529179  0.79659579282436033
  0.80647872936655152  0.81810140762841776  0.83044629346259258  0.84204353256191811
  0.85283010929113878  0.86321128612217357  0.87355087460692271  0.88367260409054182
  0.89359122029529514  0.90341993688832334  0.91308776259318969  0.92289468142966935
  0.93253360986082579  0.94219093556733335  0.95169535053322851  0.96121568193796292
  0.97077942014064400  0.98024319378847213  0.99004584451752631  1.00000000000000000
 -0.00246389290657390  0.00915189854944746  0.01966505966957671  0.03066213680800553
  0.04115456267483952  0.05094830684619399  0.06045498775397384  0.07074207321908094
  0.08187908059066155  0.09284760657410310  0.10328306711035770  0.11338911175159898
  0.12350404050550791  0.13337449729425455  0.14289511862553825  0.15258755975431523
  0.16280687440180586  0.17389117889276096  0.18575261712916602  0.19768176742919910
  0.20906899394545986  0.21979916431644250  0.23017753512539038  0.24070735202704829
  0.25167005567785034  0.26279636179017235  0.27338176092303174  0.28309073438072951
  0.29254863673928599  0.30197853791416407  0.31158070721601039  0.32080195442283410
  0.33033535511193929  0.34010859017458728  0.34970770094914805  0.35924718024785612
  0.36915337052459640  0.37937719593525332  0.38969026346585295  0.40014770654590381
  0.41067456087388815  0.42097209220072696  0.43117934174467526  0.44213891460028343
  0.45402577270646299  0.46593190423188041  0.47689552414029490  0.48720328881033487
  0.49728954399034364  0.50802595548321439  0.51863824377985568  0.52990963987490969
  0.54080277277761069  0.55220124437412244  0.56283179612185208  0.57456525914807433
  0.58565562646809821  0.59591748342947370  0.60573025465240349  0.61507218298996069
  0.62443538116649577  0.63307963910200515  0.64201191304083460  0.65155611905136723
  0.66166967701307688  0.67155205294319997  0.68121223553334287  0.69141387108971697
  0.70267884547372628  0.71416639939692228  0.72529642798052174  0.73617930195765735
  0.74721154936649459  0.75818195467146010  0.76853487777285534  0.77838057305761765
  0.78790292058590283  0.79785349136774686  0.80735344218985772  0.81677187705540255
  0.82631006527862561  0.83624207731494216  0.84613930205951493  0.85608558290318149
  0.86641496634853388  0.87706979364702542  0.88757053294505206  0.89816484840610333
  0.90887233524316147  0.92069307578938520  0.93355821495872260  0.94644323056033930
  0.95977423889164670  0.97348878649373860  0.98676958623048705  1.00000000000000000
 -0.00270038084439008  0.00929204235771513  0.02047125601713271  0.03184190954602849
  0.04296115711155992  0.05334862328697374  0.06363319627946791  0.07448343107988759
  0.08589023214114688  0.09800868833735525  0.11001986936102012  0.12173081885621170
  0.13316307879580547  0.14433675937239407  0.15527170614014671  0.16623960247214342
  0.17721382380836634  0.18843852709658057  0.20001912095327787  0.21160264783568569
  0.22303353519954561  0.23453942152241225  0.24623566035118999  0.25703271151587243
  0.26721893876003849  0.27704540164015845  0.28648265616124963  0.29597499140967026
  0.30512837475827198  0.31409749496619838  0.32323792087085984  0.33291201274066340
  0.34336743890582927  0.35354222907536126  0.36380093030249150  0.37409781892278077
  0.38452508545111108  0.39505264437689930  0.40467080493174690  0.41382452101912970
  0.42299356376792629  0.43222517027983737  0.44190952066355610  0.45166870790498598
  0.46217917131719122  0.47302447393282343  0.48366357032324470  0.49439059395482898
  0.50454306301085383  0.51423680742072730  0.52325354498664955  0.53165117763133385
  0.54013663156599334  0.54969647767285457  0.55988399157414970  0.57048825826977956
  0.58105464867979295  0.59191395551146053  0.60308686415546520  0.61356641571081505
  0.62342991182690755  0.63351081104291884  0.64330587227278535  0.65324051606987332
  0.66385296616852474  0.67568533943717313  0.68937522962388864  0.70181432655069853
  0.71380087180035789  0.72511137882038024  0.73543886627190924  0.74577575815342734
  0.75599210208136514  0.76624647937007628  0.77640095286791877  0.78664987320938062
  0.79741491177575707  0.80856014525149678  0.81820337746664562  0.82740952178954041
  0.83678149055020479  0.84604018933990954  0.85545779976837832  0.86470582321915757
  0.87372910559801042  0.88297581633339961  0.89260813224280111  0.90291055875014836
  0.91426840535050058  0.92610668863888601  0.93805828361814214  0.95058036029230020
  0.96325852175868187  0.97571565778856395  0.98799093966843810  1.00000000000000000
 -0.00260207739740995  0.00973491685768577  0.02035741769739056  0.03111322133213457
  0.04212415431433856  0.05326089321787462  0.06456821525589639  0.07608392122426907
  0.08670202452608548  0.09686611578258261  0.10655707605419679  0.11649314586987349
  0.12631380713128237  0.13583817067388387  0.14532299340487373  0.15581937441527552
  0.16701631892410423  0.17807665252419988  0.18934174145728322  0.20102105788465929
  0.21225499681431576  0.22267728301056675  0.23327171323800611  0.24369368198485714
  0.25387215967832838  0.26374349476572129  0.27368427639141596  0.28396198073231832
  0.29507969305311577  0.30709057845359899  0.31860140023503408  0.32942489171438916
  0.33988722727082465  0.34966512889107881  0.35953025814141076  0.36929191895805286
  0.37988898094761642  0.39132414027588236  0.40353438856220697  0.41568772288205569
  0.42599050482212103  0.43555048700212862  0.44509219146889878  0.45490869028341491
  0.46430218808106211  0.47315838220756101  0.48220310422887130  0.49147726359544525
  0.50079626343871442  0.50997268979966903  0.51930289034605781  0.53041073640561431
  0.54144202807019826  0.55112374646662332  0.56024952395660799  0.56960012906215307
  0.57890662468251997  0.58779374154998232  0.59659376578606305  0.60630887659056776
  0.61678011475181771  0.62713665125633467  0.63732584554814908  0.64767468719414090
  0.65832117201025397  0.66881908046878202  0.67912245978400909  0.68994393808811783
  0.70066739279097245  0.71153912996568580  0.72242757137533542  0.73348489070591993
  0.74442889003008295  0.75571917435151392  0.76670461271229784  0.77739796268330918
  0.78782734130441934  0.79904474796750047  0.81054991237217111  0.82166319350053751
  0.83264469861583734  0.84276972969342234  0.85283839989457344  0.86302953690632289
  0.87356793162760771  0.88429748619171356  0.89500997672196059  0.90594848170766995
  0.91679500889687171  0.92747222797278406  0.93831457672943519  0.94975717637547319
  0.96213722757251285  0.97517946581919102  0.98773683290984227  1.00000000000000000
 -0.00282684911752457  0.01128299820758477  0.02289075485276251  0.03299975374447348
  0.04319272322506104  0.05220861481551051  0.06155708995823676  0.07115257133440113
  0.08072281357780725  0.09029228896036985  0.09997512864905314  0.10961624625142102
  0.11926307732418834  0.12868270392190206  0.13812684632367672  0.14802634841910967
  0.15799890826787349  0.16785160833087429  0.17783932328464455  0.18838896077897851
  0.19924870512685519  0.20996934832806793  0.22041684132913525  0.23063030052164496
  0.24060429638503780  0.25133997368953986  0.26326008372738746  0.27594130496114239
  0.28898008554841070  0.30219156691184273  0.31574850304623631  0.32904997597664309
  0.34247786567322508  0.35537050129469488  0.36818921332729582  0.38136828442931237
  0.39485309000749030  0.40793914185780200  0.42096566125377116  0.43361949833470509
  0.44544345711911693  0.45659451116480493  0.46760546901748534  0.47867280395121542
  0.48904982955413678  0.49945356592266726  0.50971771124939214  0.52003991844949071
  0.53018120543264380  0.53995244228927719  0.54942984266734884  0.55911818094802723
  0.56945360224570407  0.57992301096854992  0.59013609895395114  0.60046994792424813
  0.61165553212945278  0.62329309353699891  0.63403127228713019  0.64385723179934518
  0.65320800769420728  0.66256450328672933  0.67182514691608541  0.68065686833961125
  0.68901541850074810  0.69745787306556051  0.70586785709389632  0.71450583813405133
  0.72284287035508354  0.73198390523169954  0.74172041041039727  0.75169362587255584
  0.76290072074374737  0.77352429740832462  0.78223599167256874  0.79206777476756940
  0.80248533690808310  0.81277997428018722  0.82261440676981723  0.83240975452471633
  0.84316777821929989  0.85436593996983168  0.86478894981180832  0.87533940753504136
  0.88575625993340823  0.89544939843984128  0.90473583506958999  0.91407027291115972
  0.92407674176684940  0.93477616152744714  0.94564571159053434  0.95693097086083578
  0.96899189006873732  0.97991647851259778  0.99015715474691601  1.00000000000000000
   60.404604652939952       -1.0000000000000000     
 F F F F F F F F F F F F F F F F F F F F F F F F F F F F F F F F F F F F F F F F F F F F F F F F F F F F F F F F F F F F F F F F F F F F F F F F F F F F F F F F F F F F F F F F F F F F F F F F F F F F F F F F F F F F F F F F F F F F F F F F F F F F F F F F
  <DiscreteSampler_grid>
  grouped_processes
  1 # 1 for a reference and 2 for a running grid.
  10 # Attribute 'min_bin_probing_points' of the grid.
  1 # Attribute 'grid_mode' of the grid. 1=='default',2=='initialization'
  0.0000000000000000 # Attribute 'small_contrib_threshold' of the grid.
  0.5000000000000000 # Attribute 'damping_power' of the grid.
 # binID   n_entries weight   weight_sqr   abs_weight
    10   10   1.706750227538497E+013   9.019550565018888E+026   1.706750227538497E+013
  </DiscreteSampler_grid>
