 -0.00261540741647238  0.00995537105005172  0.02058590153554282  0.03144422089600223
  0.04196344600676985  0.05222269138585711  0.06189356582427220  0.07103318752498967
  0.07984247264193577  0.08917446177814316  0.09954133081110961  0.10992084368666730
  0.12008598648674068  0.12987758582065101  0.13990988845093860  0.14980528980530644
  0.15995450477343140  0.16964366216083612  0.17893414901827157  0.18851620585632278
  0.19809811531922444  0.20737158062917574  0.21670898438656502  0.22595114261444765
  0.23654413804903621  0.24728504414934752  0.25787280682759767  0.26874127077312560
  0.27980349709414298  0.29115201462870943  0.30139122388772965  0.31137291187501009
  0.32066825809603022  0.33051495334696435  0.34109036643218066  0.35247638293049138
  0.36462595663261432  0.37673862231035471  0.38819690043668625  0.39942132994302865
  0.41111282491308182  0.42245807380704448  0.43328252502096803  0.44434550882197804
  0.45530990809228444  0.46561481925160031  0.47578354219839175  0.48641303612363501
  0.49707286426000141  0.50758659390700422  0.51840760710346223  0.52974698919958074
  0.54139017156689673  0.55262617617416554  0.56366797653106693  0.57483773778479685
  0.58640883292066814  0.59702160491214318  0.60853746278153720  0.62102600327504509
  0.63217262831122711  0.64296592296330679  0.65266935594405839  0.66245987609956913
  0.67176040018405225  0.68105043544124233  0.69063404949543772  0.70137205097966193
  0.71241397094978487  0.72384852757029094  0.73476435938028040  0.74549644237987223
  0.75603954757727354  0.76582296011958328  0.77519587904938603  0.78438066023078079
  0.79430122077403309  0.80468466521721138  0.81553488384227846  0.82677965529970476
  0.83914721862864161  0.85160555138659000  0.86330370607874507  0.87461157328006600
  0.88597203974141714  0.89740964361539532  0.90848710718422332  0.91937556804600240
  0.93000169099173968  0.94000389319102473  0.94931663135028432  0.95915641195407086
  0.96887023397065519  0.97877379642299733  0.98870424692613545  1.00000000000000000
 -0.00059099067439416  0.00661395791499458  0.01341180480692449  0.02022225613849602
  0.02731759840596827  0.03488542888527309  0.04413725916281428  0.05494253140773763
  0.06502225912415070  0.07364180289067905  0.08247584362486193  0.09139554413412415
  0.10031502137323951  0.10906456598259492  0.11774894069335666  0.12733060749071709
  0.13777629452411067  0.14792411361280489  0.15788997300614402  0.16777242708566323
  0.17908374000893765  0.19090570562319356  0.20339373702819183  0.21623667888962428
  0.22862091881913307  0.23996665754908791  0.25059959174919388  0.26105288183194714
  0.27122337563025267  0.28079483974798475  0.29060174817644524  0.30091350606261669
  0.31127558455746945  0.32139907634300002  0.33161378808186365  0.34297454516052045
  0.35464238847073104  0.36582834675608478  0.37631011556516858  0.38597524501917158
  0.39527726738735086  0.40489414745121538  0.41511094217508593  0.42524786376441209
  0.43529548888677549  0.44606807595676684  0.45708378466804700  0.46780650792870487
  0.47824221554092122  0.48888727591840270  0.49968747715622686  0.51019166295580776
  0.52043004579467156  0.53046931700531652  0.54031599523562568  0.54999584135672619
  0.55947031232211231  0.56919482494336338  0.57933243522874045  0.58953626132135839
  0.59986749156829799  0.61100488254526397  0.62281928715866619  0.63390561199456830
  0.64424599222233969  0.65455713440500851  0.66463190506115255  0.67405549719295943
  0.68303582039365374  0.69202997748068096  0.70188774986895242  0.71228268329857680
  0.72233632149055393  0.73232160803014124  0.74243402530617597  0.75285033219874831
  0.76385625135987756  0.77597191530432907  0.78910083170500678  0.80192847509608511
  0.81446441607036668  0.82684670180527842  0.83929728182978180  0.85123131296795429
  0.86262724109130129  0.87398836881483477  0.88567522521324626  0.89733948814370612
  0.90873298319825513  0.92073905407580936  0.93307978862861785  0.94455326942397577
  0.95602341782886247  0.96893618834614426  0.98383700240018335  1.00000000000000000
 -0.00928955473847886  0.02161681809148397  0.04578448567479837  0.07053349990840112
  0.09467357522059336  0.11599000843871139  0.13669146881468899  0.15635517624289694
  0.17645311558725754  0.19677632117459831  0.21758252883107596  0.23878025610591413
  0.26057506371588307  0.28219486570893060  0.30374315196115037  0.32526333828673287
  0.34677327154488080  0.36826006805993244  0.38975501889168834  0.41125491377581996
  0.43266691492175835  0.45409632210069151  0.47560191558663645  0.49704311466375117
  0.51842097149967892  0.54072705111302644  0.56335876383043859  0.58742459432069571
  0.61185149672051431  0.63726591896001905  0.65621005763690499  0.67088785311839017
  0.68579871555308392  0.69010627599506125  0.69149667693843841  0.69468562369267450
  0.69954890013653070  0.70430844079724031  0.70907927950142069  0.71383396110956432
  0.71862145779044118  0.72341790972035169  0.72821392593907275  0.73300584046520745
  0.73779155933422913  0.74262406528614799  0.74741482191790065  0.75218132441063601
  0.75701461880595600  0.76191131582481864  0.76683707641090482  0.77173480709922859
  0.77656400064509923  0.78143019764482557  0.78634249746641072  0.79129555750692004
  0.79630308140207429  0.80129039340535213  0.80623664278068885  0.81118930963469038
  0.81620224957277066  0.82125001048605972  0.82633475277191826  0.83150473245454160
  0.83670925751185221  0.84187117039692339  0.84705200087953536  0.85221202473722169
  0.85730763540609356  0.86235847643974950  0.86746363140455107  0.87257769425903731
  0.87761916840781018  0.88269219684317346  0.88784777597804698  0.89307672808230942
  0.89831868186808705  0.90362284138775784  0.90888596484555761  0.91415900180857124
  0.91946103369573062  0.92474013829951152  0.92996931376440872  0.93529585024105844
  0.94066523487598508  0.94602506463371649  0.95143360045363978  0.95689830971575007
  0.96225601696926932  0.96752525148960722  0.97285186315831673  0.97826098766923486
  0.98371393293515430  0.98918478591805237  0.99460364893053965  1.00000000000000000
 -0.00225232666240082  0.00930361627044949  0.01870705769543068  0.02822763252313132
  0.03766531455297206  0.04754616605057121  0.05814427078756928  0.06842187816831294
  0.07821138914443355  0.08810243158328822  0.09763897381786391  0.10719049262288353
  0.11696708025393940  0.12694428345743730  0.13738901566346340  0.14837612128968181
  0.16060283775595452  0.17350767307164272  0.18688751218713975  0.19943784788342722
  0.21171057039061109  0.22400539597837352  0.23596079539761527  0.24795202422019996
  0.25791634533430585  0.26769371040059969  0.27824057233148580  0.28866838715255050
  0.29867058965350263  0.30825228805290117  0.31904420463076633  0.33068236519631328
  0.34162362399175100  0.35258570643357107  0.36412134782366867  0.37604158460044640
  0.38783323653779045  0.39902616826925003  0.41002304562331032  0.42081337976348859
  0.43130054081094471  0.44214458030913228  0.45318841864477921  0.46393389410547697
  0.47481690391577691  0.48576468695150943  0.49672882287152076  0.50708027425391589
  0.51675973783163331  0.52618014604491103  0.53589741946188707  0.54602499451709596
  0.55547499995165239  0.56444936257298262  0.57317921854844001  0.58198783909510499
  0.59234126993617930  0.60298155187116609  0.61468129233514390  0.62588154618805747
  0.63680527455967728  0.64826291187381169  0.66004182538659706  0.67132436139008744
  0.68224371664698014  0.69368037341621602  0.70533748982297773  0.71665615412209382
  0.72769660953204285  0.73857051743839441  0.74888411320818193  0.75857399951934479
  0.76804663406633999  0.77776314348545628  0.78755833224024807  0.79789573954142767
  0.80843770501698842  0.81804049369788945  0.82694027125392000  0.83608463834992586
  0.84504146789967538  0.85405053275692311  0.86238260054002003  0.87143962360101912
  0.88112958725551571  0.89134633264141050  0.90093115274073288  0.91012899211814735
  0.92007997616046966  0.93106881670038022  0.94212303807327979  0.95329988290926537
  0.96514826963534361  0.97737224871652817  0.98893137199278258  1.00000000000000000
 -0.00220072673462971  0.00904519928567373  0.01783326972858322  0.02668054648868202
  0.03551196274750007  0.04500518471527364  0.05552912310681894  0.06627246061915074
  0.07676020407708187  0.08717557641542178  0.09716016226675021  0.10729030084923240
  0.11748363682495906  0.12784492179266524  0.13812958212096121  0.14872988897857453
  0.16005865797450833  0.17149787389844551  0.18266441338329839  0.19323533924770922
  0.20357476279380790  0.21448985457137737  0.22528421871999693  0.23572276434215791
  0.24584907486156440  0.25676635681328841  0.26812289562919672  0.27876680263131365
  0.28957791045515446  0.30063108603704353  0.31163436101037256  0.32210337602641653
  0.33261228242393198  0.34368898539230841  0.35481112011424976  0.36514564638753855
  0.37521996642275701  0.38552787301966801  0.39558700951730602  0.40626490918238750
  0.41739682275284978  0.42912638069314524  0.44006088088241402  0.44983985347923183
  0.46019345972320569  0.47063100200298813  0.48066154092475344  0.48978817805045921
  0.49851941189298021  0.50753818853084087  0.51670969814015966  0.52592495403109740
  0.53523941862212165  0.54504789753408189  0.55587934339331169  0.56673914313491613
  0.57707304205670262  0.58712231768015999  0.59682930790418398  0.60704423757678461
  0.61834656503905117  0.62957872242947965  0.64067171649269883  0.65201645705264522
  0.66396995820957294  0.67564511045900255  0.68661852983610139  0.69711072667173590
  0.70776325235175497  0.71850397324636051  0.72885699771764223  0.73894105770080720
  0.74915287386145435  0.76003722037418164  0.77128689615285995  0.78213271659369021
  0.79262364217994796  0.80313193383014725  0.81370609147466411  0.82447130268632063
  0.83580679433142635  0.84738407241640046  0.85893749279707499  0.87031069532204330
  0.88215769405331190  0.89439488510120269  0.90681902386646374  0.91827496725004232
  0.92795596712819151  0.93739144563578136  0.94718972560866677  0.95780614220827565
  0.96844193914358034  0.97775773905523455  0.98887511857204924  1.00000000000000000
 -0.00249360922303885  0.00919144769231679  0.02022144160525936  0.03139127782683519
  0.04386600115124201  0.05674959854903889  0.06880365550651993  0.08021731402276816
  0.09138494167293246  0.10184446729356306  0.11105725675869228  0.11971778692745255
  0.12879615695399788  0.13814283687151199  0.14772218989667196  0.15738336760649774
  0.16719878185583237  0.17733793103007497  0.18748038400624931  0.19722789462725640
  0.20689188269117750  0.21705567716026913  0.22792715131563862  0.24007214880752289
  0.25241250773559587  0.26431739918042063  0.27510846368428643  0.28482226514061815
  0.29380981428211106  0.30271190517817842  0.31191323374958124  0.32073371924659239
  0.32948383482111970  0.33874673477335743  0.34795689770018051  0.35749374492400715
  0.36818498453318188  0.37931437277999258  0.39064161042527751  0.40145648347861346
  0.41198255715557475  0.42281491105773472  0.43312533139147635  0.44356129474652334
  0.45470988501394605  0.46667251010156136  0.47961901657573935  0.49196768722246831
  0.50412529890004942  0.51690830100582885  0.52866603844876736  0.54009915945616038
  0.55019847432970526  0.56023865517107796  0.57055762786050179  0.58102464755284089
  0.59128995140812779  0.60165767751541055  0.61247694481339310  0.62322304001159401
  0.63359830968041020  0.64364284513120562  0.65387860165018230  0.66388363873548029
  0.67411388557535457  0.68502701090781637  0.69622485027125414  0.70743038735747255
  0.71793661860190316  0.72865648674820305  0.74080834846959509  0.75262997818770494
  0.76335930699081778  0.77351899546271230  0.78359914385301221  0.79381913043029406
  0.80388326177011360  0.81421531200545039  0.82567256648349674  0.83732252559311515
  0.84922956987089482  0.86090303778684540  0.87255965871015218  0.88480270665846716
  0.89670314908793169  0.90760496169097016  0.91811528487942506  0.92824970471719626
  0.93785692809849452  0.94665299073829545  0.95557989412491984  0.96484720462496776
  0.97395026166180521  0.98261478021568371  0.99131269637893593  1.00000000000000000
 -0.00320198199570915  0.01191494750289684  0.02402860058023785  0.03545649018425792
  0.04612997934021863  0.05695452429548404  0.06769758918960318  0.07830331096819494
  0.08853314915329892  0.09859857673833597  0.10929950625734186  0.11999304694024136
  0.13083662991621553  0.14168422756426569  0.15325344422103568  0.16517588324686353
  0.17576936691659073  0.18625608172249467  0.19625892796610725  0.20674526235358714
  0.21716759994830501  0.22743227357143472  0.23758297015313418  0.24758265014847550
  0.25717522365741241  0.26646696414754673  0.27575901237101996  0.28511009488956168
  0.29479831284738311  0.30421355068282835  0.31379534616214283  0.32371347892120222
  0.33366799370561190  0.34384370755979338  0.35447587710801753  0.36512478871134574
  0.37616351973731849  0.38614964843136051  0.39616571500320757  0.40641335913332544
  0.41620681726124897  0.42637204192127076  0.43680387088732181  0.44937165639339377
  0.46202809104241743  0.47410897294799370  0.48522216457129275  0.49571327665461029
  0.50641362732432216  0.51757354866292093  0.52846111075698565  0.53893015822646884
  0.54882812919409130  0.55854448634411580  0.56825141040875593  0.57810248102874706
  0.58811815667732836  0.59784001587333468  0.60733249826244051  0.61632456368582500
  0.62510470979677435  0.63429220634608940  0.64418518429497840  0.65487226556755485
  0.66605302898118168  0.67740571582301989  0.68853551546016700  0.69949926974686205
  0.71081660299570082  0.72318272999114441  0.73626167370921469  0.74911280515471490
  0.76148614008310123  0.77313475295697376  0.78375522048933033  0.79481959964660387
  0.80610713469965778  0.81699905893983804  0.82781284723434656  0.83866317950372504
  0.85006958702172086  0.85998640263537729  0.86940137701636178  0.87909765050575883
  0.88871160509629443  0.89793735407914133  0.90702495139072170  0.91649718803362945
  0.92691439088793248  0.93757240261221220  0.94835362332938133  0.95813606250935246
  0.96822544906956520  0.97785755816071085  0.98904918056084645  1.00000000000000000
 -0.00216937082091740  0.00836806931942610  0.01736348044545698  0.02679891882511848
  0.03641886253471896  0.04598074357463044  0.05519993528777004  0.06444903278974390
  0.07360985352233911  0.08319529354256965  0.09292567771431151  0.10210446658194193
  0.11097198486530878  0.12014654232611981  0.13041955664121793  0.14063650337612488
  0.15153691941945643  0.16258664094496436  0.17273897695639609  0.18205011994079290
  0.19151577676810427  0.20116621040558427  0.21149979476665393  0.22157885715456752
  0.23304311072668477  0.24585886959578729  0.25899667658777675  0.27137467680096533
  0.28386478309851221  0.29584473538665951  0.30671195931253131  0.31671429278335245
  0.32630091215572671  0.33587058268107356  0.34516221016858784  0.35438959035854511
  0.36415676885745812  0.37440654635249554  0.38485977120450832  0.39585073111947533
  0.40782696666217877  0.42059616896865953  0.43376373553203029  0.44710477211425426
  0.46043329043880710  0.47355462424312356  0.48633773135449432  0.49848092786795511
  0.51113009300931422  0.52326841792655387  0.53557079738385560  0.54793833891036070
  0.56028333288235155  0.57302849700664971  0.58553299945477055  0.59717154995657296
  0.60818454562754642  0.61828586522987072  0.62822314906086840  0.63740023128497292
  0.64630672494723884  0.65509508881726775  0.66393544769308588  0.67257292855356510
  0.68100606901718075  0.68993735172604187  0.69941339971226413  0.70890751823832976
  0.71830391425594076  0.72800510519218353  0.73843412166723832  0.74910493454002591
  0.75993600702422293  0.77100489257353422  0.78157361604422337  0.79146214895214972
  0.80147503705286571  0.81189215319972385  0.82293180661521104  0.83362310077002522
  0.84460462359401900  0.85561588713018433  0.86809972300186622  0.87999632358078528
  0.89166796369534929  0.90270765398012365  0.91353269555094385  0.92346144503701955
  0.93317754946345788  0.94242011151758209  0.95143320909783169  0.96059562182618374
  0.97023385777488103  0.98022542982079464  0.99019388767304017  1.00000000000000000
   62.225501068060758       -1.0000000000000000     
 F F F F F F F F F F F F F F F F F F F F F F F F F F F F F F F F F F F F F F F F F F F F F F F F F F F F F F F F F F F F F F F F F F F F F F F F F F F F F F F F F F F F F F F F F F F F F F F F F F F F F F F F F F F F F F F F F F F F F F F F F F F F F F F F
  <DiscreteSampler_grid>
  grouped_processes
  1 # 1 for a reference and 2 for a running grid.
  10 # Attribute 'min_bin_probing_points' of the grid.
  1 # Attribute 'grid_mode' of the grid. 1=='default',2=='initialization'
  0.0000000000000000 # Attribute 'small_contrib_threshold' of the grid.
  0.5000000000000000 # Attribute 'damping_power' of the grid.
 # binID   n_entries weight   weight_sqr   abs_weight
    10   10   6.387965529280065E+013   8.156154530163090E+027   6.387965529280065E+013
  </DiscreteSampler_grid>
