 -0.00228947469990395  0.00883702513278418  0.01820918587541434  0.02845068778994995
  0.03921527756219532  0.04938922743825933  0.05945845671819294  0.07008766454622589
  0.08149991253294631  0.09144516623763210  0.10122407513194816  0.11064038309828561
  0.11987918610287929  0.12908246017199509  0.13841974000211915  0.14873129943922475
  0.16004724440718471  0.17190356616319563  0.18385279278867941  0.19504581401220827
  0.20550843143169942  0.21581281328263791  0.22565056897920116  0.23435488244016323
  0.24309213260828869  0.25206873134889340  0.26112961057591799  0.27012947018270028
  0.27914074738118971  0.28851253428511425  0.29848735929061276  0.30866761922993013
  0.31886577012126577  0.32901013307822968  0.33952585723700823  0.35008935980543349
  0.36025952220234714  0.37024516214988623  0.38064652308421520  0.39162732411471918
  0.40298332878061383  0.41440996305837963  0.42552315494379384  0.43642600701028500
  0.44725591036032353  0.45757715434438528  0.46727580531398510  0.47659012726690675
  0.48642754874339833  0.49653708168267918  0.50645904429707178  0.51593486995599114
  0.52605507924649553  0.53678479209495722  0.54661478701832267  0.55578765579822020
  0.56568581713527477  0.57716251275868169  0.58792956304112443  0.59831730989252874
  0.60803791858461254  0.61807137018294689  0.62797187001852750  0.63784740266514106
  0.64722562272619144  0.65749379266933072  0.66790944310268852  0.67897764324724985
  0.69004686849343722  0.70124549582420415  0.71338218892067051  0.72550656646432010
  0.73736492786198671  0.74874675619714104  0.76027669306828760  0.77181754636971422
  0.78341173419330901  0.79498376555843020  0.80614785076009932  0.81818567559219957
  0.83062546176258756  0.84215926344631331  0.85286069866785030  0.86320945666355098
  0.87337166363012098  0.88333924848242906  0.89336357861304982  0.90358297633923668
  0.91402246863077352  0.92461531178654899  0.93546359399165702  0.94672523835810019
  0.95936467256013036  0.97199234243612131  0.98608911156695100  1.00000000000000000
 -0.00061461308992721  0.00635803111073708  0.01366072230325189  0.02152280658257625
  0.02985862160085029  0.03870947233431404  0.04827640641731615  0.05840423577492423
  0.06877410427999597  0.07920917034098210  0.08937608398248036  0.09908048685829592
  0.10862089675650489  0.11799079017981021  0.12710150281504051  0.13608050332640340
  0.14520372399386020  0.15435552977291447  0.16340202725626582  0.17247747132782482
  0.18165298559426882  0.19062943032399260  0.19966950196101940  0.20897947486303101
  0.21972677284382802  0.23068677777687116  0.24279655267589345  0.25441658572054149
  0.26581665629579349  0.27618433901755812  0.28573147990531045  0.29554634188293044
  0.30542471893006434  0.31548583260536539  0.32472352024452983  0.33406046297096909
  0.34487772831087804  0.35595395974677380  0.36611987350897141  0.37587441369173352
  0.38668228385269432  0.39787253607428047  0.40919518867369986  0.42144679850768091
  0.43393502016249952  0.44581855970160555  0.45705239180851687  0.46825009612294416
  0.48004562374473264  0.49260164319942851  0.50553494608270944  0.51815437861662295
  0.52994479369145486  0.54063500143843379  0.55025105571309929  0.55949629518626487
  0.56885824564907339  0.57814264283793793  0.58762974248327970  0.59678922474884133
  0.60671495598810887  0.61698761519227230  0.62720662953455664  0.63730554642582404
  0.64753032447116665  0.65807927901413543  0.66863507182362569  0.67931932334831469
  0.69006167555442555  0.70030235972021160  0.71026096437039987  0.72021624861140388
  0.73031540070321310  0.74030289730339349  0.74988852518173621  0.75987183624817956
  0.76985054026666566  0.77994420893981953  0.78934259121334049  0.79898193900336312
  0.80907233287034885  0.81984933728208109  0.83176194757687261  0.84478873294906154
  0.85774184671343778  0.86922950176449243  0.88079466055941524  0.89184106840957178
  0.90282338458816169  0.91396605254674845  0.92663820979634071  0.93917378083846292
  0.95200815606301081  0.96540956578984127  0.98083078575023397  1.00000000000000000
 -0.00854096595880334  0.02105920752042616  0.04457940971971042  0.06831881438297910
  0.09170525976545521  0.11450111559833456  0.13512352009847023  0.15458214495295144
  0.17451170394060894  0.19422385995279839  0.21355093713112847  0.23483745330762323
  0.25699302195048418  0.27908184961096427  0.30118022461307797  0.32331890571385213
  0.34548112960223243  0.36767024347924832  0.38978815398884187  0.41187687678480073
  0.43412082664307866  0.45643575625178023  0.47901659029668336  0.50163180190227252
  0.52429023828221022  0.54723363891668497  0.57029709608349832  0.59497655637497138
  0.62001969741253893  0.64706998396417659  0.66728768556858586  0.67830864821847514
  0.68849828194710794  0.69057690947868033  0.69217761781944809  0.69673391499591331
  0.70147185624269204  0.70619632437653801  0.71094894418355570  0.71571161219563539
  0.72041386478046576  0.72514867844982189  0.72993375977307051  0.73469175808014353
  0.73949026472448864  0.74430034451652127  0.74917748801294315  0.75411079935438297
  0.75899679610879800  0.76386701917796485  0.76876189272152418  0.77363692285645680
  0.77847679691248262  0.78331417426446559  0.78820802881974605  0.79313233877728140
  0.79805935426927599  0.80300370397373588  0.80791046476207262  0.81281140980327105
  0.81778416152995070  0.82281491614656621  0.82782679258707814  0.83277912708085133
  0.83779545649005183  0.84295502956871160  0.84812162214524234  0.85319791080361040
  0.85821274049147522  0.86320142973212322  0.86824478570974661  0.87336312971393193
  0.87853425207106017  0.88370030497052010  0.88882877486085254  0.89392331080763965
  0.89904413656175930  0.90420483992858702  0.90931035365100965  0.91443611006349534
  0.91964759951841157  0.92490572295735374  0.93012705566282594  0.93543756736047923
  0.94085399465051067  0.94623898137800311  0.95155836697479612  0.95686779592695825
  0.96215879107038094  0.96753059494173022  0.97292644938590989  0.97833790521920216
  0.98377081900580265  0.98922999615315188  0.99464288660340550  1.00000000000000000
 -0.00277949317494509  0.00955088373188150  0.02137941820071593  0.03258754796314042
  0.04450750415015101  0.05731194531218277  0.07027679313563012  0.08250880798518630
  0.09348976299944523  0.10401430533348623  0.11432347342790848  0.12444383539005631
  0.13451829854140346  0.14461083469429134  0.15465167790472401  0.16449004563790895
  0.17455097307756551  0.18528799399632512  0.19555596298492844  0.20550145212626297
  0.21570749171331247  0.22608583049299708  0.23653008494686534  0.24712650834517497
  0.25784111501335227  0.26867796867344357  0.27928821012036020  0.28962246368119510
  0.29987899612209801  0.31009472016414719  0.32129511839809100  0.33291611870908078
  0.34384195928504097  0.35434786622588743  0.36486358009333708  0.37527436528643604
  0.38591675845117168  0.39665725150078296  0.40722217930642468  0.41740877123214037
  0.42718365211009246  0.43661334044974187  0.44581169833500939  0.45455418227343475
  0.46346119939163460  0.47255189037063283  0.48378795754308329  0.49640615847735675
  0.50931255207737347  0.52195508815335689  0.53432811926307067  0.54604116983157835
  0.55709127851279061  0.56783305047154897  0.57895159894161929  0.59032103843191996
  0.60179303730849643  0.61321048469186501  0.62385734103404300  0.63338668013701505
  0.64223133663498921  0.65093253827852149  0.66006324256545212  0.66952457932592435
  0.67911530814761234  0.68878441556377923  0.69825801564151324  0.70701053639026690
  0.71590821738414168  0.72498047485431483  0.73377025395222728  0.74232708080724885
  0.75127234248796415  0.76329261698117812  0.77475011431220897  0.78440555372090826
  0.79476814731303813  0.80630949486615611  0.81762028013733923  0.82849982610258366
  0.84072582230597903  0.85377563288038594  0.86477949165083723  0.87511367554876784
  0.88496354322831405  0.89495444512775835  0.90489013977666410  0.91446958872136774
  0.92638084911015317  0.93794949580230202  0.94853664118937908  0.95872257713763054
  0.96905097097858350  0.97987066820399371  0.98975030113771634  1.00000000000000000
 -0.00262934861701156  0.00947701498986579  0.02012407418714026  0.03107610109537957
  0.04292223065155315  0.05589063850709709  0.06934186695000666  0.08250279111249402
  0.09463280040465002  0.10560327777829055  0.11597879283891063  0.12599981032034130
  0.13616295625819211  0.14605399773222258  0.15556162243985638  0.16489301823077659
  0.17450316236745483  0.18464817315310592  0.19502902211126982  0.20565648667989372
  0.21587622165269837  0.22587536658123236  0.23631145178509427  0.24736166507801899
  0.25875580752902017  0.26986039548093527  0.28069753763468486  0.29125648907998958
  0.30150129766221223  0.31166407456799616  0.32228560084262126  0.33330906225094487
  0.34438952275874829  0.35559481503700546  0.36687509426424669  0.37830192627321640
  0.38978611321975942  0.40111265719921180  0.41279184247476669  0.42417159926615738
  0.43560242862973581  0.44589028775910944  0.45583311282007211  0.46587067980951152
  0.47606825009197684  0.48623610859946392  0.49555648954758247  0.50439882382219048
  0.51348304154834024  0.52297153526123341  0.53266076080439173  0.54164085814080620
  0.55048126085964610  0.55948981145613841  0.56928884110469724  0.58008423972816603
  0.59124552122285656  0.60174198219868613  0.61125326383808243  0.62053106880455267
  0.62996144246520180  0.63963138048219648  0.64961067410276374  0.66092492337191222
  0.67227999772436697  0.68420414880688574  0.69596476472458890  0.70839052523704216
  0.72143880469418120  0.73424184964373795  0.74689736206163371  0.75947339588641549
  0.77151141247863608  0.78203903871033509  0.79197569545934954  0.80206997901526800
  0.81259231406604360  0.82303270773602921  0.83293035798729775  0.84317061578831387
  0.85317733353324676  0.86277180606859638  0.87238529229216066  0.88190072643735584
  0.89140174658390980  0.90097956075526620  0.91000410948780952  0.91900389559742113
  0.92803496250014605  0.93702178572629324  0.94743010828773455  0.95859770839407543
  0.96895180925098279  0.97912940218704569  0.98983028206943002  1.00000000000000000
 -0.00226878928260837  0.00923746406234676  0.01914646676564119  0.02955933579293869
  0.03905931251167245  0.04839651136501427  0.05808232249708645  0.06864885951244538
  0.07974469991158831  0.09132769708533880  0.10343850628360998  0.11533492640866286
  0.12758000309399475  0.13888701991008989  0.15042091476553773  0.16130579039263615
  0.17332838662460257  0.18468288565530386  0.19599081008327043  0.20694082713731368
  0.21849325403342454  0.22973723321119216  0.24048275479596082  0.25127907250359982
  0.26180480523282357  0.27185785191339451  0.28107722122247863  0.29012642743785072
  0.29983300892537113  0.30886163425385632  0.31841188950279858  0.32818000909646244
  0.33812279913111865  0.34819886090175373  0.35793322104016734  0.36782530475631936
  0.37824028032462448  0.38867022685780234  0.39889849218179413  0.40900353832452385
  0.41992322631474061  0.43140509718683151  0.44224657582491977  0.45229809307261248
  0.46250944834658630  0.47283014170477194  0.48320138327992129  0.49370445285376363
  0.50440026430647844  0.51494087522542820  0.52506985672223094  0.53474999209402119
  0.54415596185220338  0.55342159534656532  0.56309581752504256  0.57330547962859457
  0.58363918717005614  0.59425234393363957  0.60487687385315703  0.61529023113986669
  0.62533981492032165  0.63539015114517650  0.64565304691784642  0.65622841226032891
  0.66691235461560294  0.67759241178224461  0.68810757374759102  0.69835353582851090
  0.70837659903842431  0.71764289349377441  0.72686871453996382  0.73649435843590072
  0.74717096273725758  0.75848041240221953  0.76958215578065325  0.78027523054781045
  0.79094243029695899  0.80188471670680872  0.81309789440301039  0.82456921660869198
  0.83566406265737370  0.84613891239469163  0.85644497612650750  0.86714375234697871
  0.87824398461077280  0.89029288562009612  0.90195679472618673  0.91513114612343560
  0.92711096301370044  0.93935812127954910  0.95054961970014717  0.96129964963662962
  0.97154996125861903  0.98149142443495874  0.99085124491348398  1.00000000000000000
 -0.00233280472735261  0.00918737598922538  0.01891933529669905  0.02944653769069745
  0.04025002556823840  0.05191138792403182  0.06326329176689667  0.07331925209607384
  0.08315203242215957  0.09323215822884050  0.10368736037695378  0.11434522276466887
  0.12494607648045347  0.13647739398964151  0.14866987423244285  0.16141662617591132
  0.17340697412255357  0.18403201742961833  0.19445796569494778  0.20434466136414711
  0.21456818289579679  0.22424793746355470  0.23353900467839908  0.24287865231462927
  0.25232827097237381  0.26177659623321564  0.27117342692464541  0.28040873266795019
  0.28973486561100265  0.29959810559283118  0.30999824302323953  0.32114663976788005
  0.33312762520530176  0.34361781079534276  0.35410191325104351  0.36465211469683873
  0.37528144452124085  0.38549838413952242  0.39578060587063624  0.40683581486194825
  0.41779806726667101  0.42851942458156167  0.44004337733223681  0.45308051403553984
  0.46443571659842042  0.47404583407874090  0.48314431541558350  0.49268662383077216
  0.50237260673960515  0.51145198227530719  0.51996812333638109  0.52887332166018430
  0.53804560665136625  0.54720296662984746  0.55641602120378930  0.56663243738334024
  0.57815408610960406  0.58989471995103737  0.60112875734321480  0.61178802948412814
  0.62234454502492376  0.63303090666781381  0.64393767343478248  0.65497666762521212
  0.66540271538803031  0.67600226419023079  0.68656416406337639  0.69800051427047349
  0.70941501942033758  0.72097878942334925  0.73283501481567326  0.74392183344820872
  0.75474940240886912  0.76442378583645709  0.77497215946528353  0.78553447971973478
  0.79596806925712582  0.80654549832000799  0.81821540283822924  0.83008009304392705
  0.84119172954949351  0.85186043807443390  0.86270015583478721  0.87371291285488095
  0.88425325707948088  0.89520415572470458  0.90522327091382182  0.91515446482699458
  0.92443161501716076  0.93475619683682531  0.94544534586699480  0.95603438683657183
  0.96658576445924493  0.97740130183046225  0.98845051811191520  1.00000000000000000
 -0.00235965279037185  0.00930734409203938  0.01894892886092112  0.02934659578085283
  0.04017400127353339  0.05023105617676380  0.06094123661613149  0.07166860489839671
  0.08213672203803987  0.09128566729173772  0.10027792825228773  0.11048912144063680
  0.12166350039708798  0.13241335991178438  0.14241128303093439  0.15410407737251766
  0.16641199341829879  0.17723638206270168  0.18781903782979631  0.19844512689632893
  0.20950098929983377  0.21970455090212304  0.22983495564971126  0.24045409240766649
  0.25096960724391582  0.26083035599797982  0.27076443957219659  0.28069016483733172
  0.29025489362379103  0.29949604999138085  0.30868189454465811  0.31849712044480627
  0.32901730601447832  0.33940684236373397  0.34973039387765270  0.36071529185528367
  0.37231029068252425  0.38338071827757814  0.39383093332096342  0.40433438729528842
  0.41486603239692765  0.42519685163100535  0.43530104333141056  0.44493228425728776
  0.45449775540129184  0.46447598552488112  0.47470311125454417  0.48432189317981311
  0.49377755901151865  0.50365169361121920  0.51428579066198110  0.52520587123302842
  0.53601260419516261  0.54680654164826870  0.55715389191234710  0.56747910732050599
  0.57722993838009473  0.58793619159220212  0.59832741962907354  0.60876416990788884
  0.61946001727971733  0.63120794430536864  0.64379714626065021  0.65585341588184842
  0.66674764319727942  0.67714242974811933  0.68725521507344822  0.69722314923377327
  0.70730861668557077  0.71802832671776584  0.72939295951569416  0.74143843223194095
  0.75351557560766125  0.76498355147817976  0.77598731157001688  0.78647756971227523
  0.79667369705374935  0.80650024544143251  0.81707305467388847  0.82865304200826884
  0.84040167589141301  0.85204023997931855  0.86403756452530811  0.87535917398598273
  0.88616091806334818  0.89666201994727091  0.90668096702851741  0.91652906914255949
  0.92554115606562171  0.93456433767101688  0.94367369570839865  0.95286448157382619
  0.96262927107275131  0.97369031997666033  0.98623356985038857  1.00000000000000000
   62.241247154075118       -1.0000000000000000     
 F F F F F F F F F F F F F F F F F F F F F F F F F F F F F F F F F F F F F F F F F F F F F F F F F F F F F F F F F F F F F F F F F F F F F F F F F F F F F F F F F F F F F F F F F F F F F F F F F F F F F F F F F F F F F F F F F F F F F F F F F F F F F F F F
  <DiscreteSampler_grid>
  grouped_processes
  1 # 1 for a reference and 2 for a running grid.
  10 # Attribute 'min_bin_probing_points' of the grid.
  1 # Attribute 'grid_mode' of the grid. 1=='default',2=='initialization'
  0.0000000000000000 # Attribute 'small_contrib_threshold' of the grid.
  0.5000000000000000 # Attribute 'damping_power' of the grid.
 # binID   n_entries weight   weight_sqr   abs_weight
    10   10   2.656434485627271E+013   1.514748356040774E+027   2.656434485627271E+013
  </DiscreteSampler_grid>
