 -0.00180999974559189  0.00731455580705293  0.01584875031242378  0.02522592242733104
  0.03530374467027891  0.04633831835266242  0.05834034956168815  0.07041500912939086
  0.08215863979289544  0.09329132738243301  0.10385360641676056  0.11489275794088748
  0.12582756201710665  0.13633663655145273  0.14639926446938337  0.15640699338484815
  0.16651080656939188  0.17923733063015695  0.19148577102128800  0.20297524959628835
  0.21421182741003494  0.22510884842952061  0.23558811878071784  0.24615038387388830
  0.25735582170705529  0.26925027666466794  0.28000670533677730  0.29044299348204711
  0.30112126215420065  0.31208855235497757  0.32239232195333156  0.33220927184664173
  0.34209104753152264  0.35236966351880233  0.36292547411293841  0.37340495340512148
  0.38374886595440311  0.39414204716747953  0.40494336785590845  0.41526901839170921
  0.42557273184503874  0.43558642318592367  0.44600177921070039  0.45642661786807565
  0.46631393862298698  0.47640206350715730  0.48661311856806322  0.49690431464150725
  0.50748632603474331  0.51817732765457536  0.52850477243829552  0.53916292036425562
  0.54853376693711364  0.55861332124842944  0.56917432143163693  0.57909378318578897
  0.58859522549812671  0.59812454903550305  0.60802059297965838  0.61927130001698327
  0.63014839818506418  0.64029933612653689  0.64971746499354399  0.65819170911166991
  0.66677656555734510  0.67572172010919851  0.68513650162822914  0.69455003611579791
  0.70450810195459257  0.71573604891043408  0.72752212538553407  0.73900845499085588
  0.75017041456174460  0.76164075643146556  0.77291764472357127  0.78346120495534954
  0.79482141753435265  0.80678802394142379  0.81884012940989526  0.83073707919829298
  0.84283304220878819  0.85493368189534025  0.86701798665740426  0.87841384578040138
  0.88911686692739567  0.89941414761419203  0.90981140582704279  0.92048120040985049
  0.93112040170003296  0.94102293998245568  0.95032244092223517  0.96019247472314895
  0.97070430118782125  0.98091674910637738  0.99035914775953315  1.00000000000000000
 -0.00019113941295307  0.00551864980020052  0.01147910411196443  0.01785347109564637
  0.02522423628388450  0.03299983556695246  0.04087492190405190  0.04901005242014739
  0.05733773718111404  0.06629180037115678  0.07571512178791515  0.08524307949520392
  0.09477322628019556  0.10443413633122871  0.11450493817759670  0.12471863875139282
  0.13523824597193101  0.14602244968985600  0.15680549835678334  0.16674101173062764
  0.17539111495589182  0.18365942587629641  0.19242298603237118  0.20191217016368573
  0.21177396897348594  0.22173364211587868  0.23213846640697616  0.24265631682136726
  0.25305233480335376  0.26547311357120845  0.27613720451456675  0.28668743633154670
  0.29715303054335690  0.30735064419088204  0.31719651259407045  0.32653384008658864
  0.33617866017829368  0.34694692676182487  0.35784800652384730  0.36854683283433798
  0.37895437344822819  0.39004937833653819  0.40092971778974762  0.41135837217256793
  0.42185846600770921  0.43219036860394472  0.44269952832682047  0.45263779927075309
  0.46295466737224567  0.47282829519407138  0.48339967821778357  0.49372513128679857
  0.50495176811485454  0.51679820019503764  0.52849843212043224  0.53929076924009200
  0.54978598561988279  0.56001548918181332  0.56997426802095841  0.58025833432566232
  0.59117528117041374  0.60244967276723116  0.61277758322050668  0.62262035360359480
  0.63208348187704488  0.64165468197996745  0.65169104053541727  0.66194996907374837
  0.67235774285222205  0.68349558506229491  0.69498753760820997  0.70683311331405030
  0.71794121886391027  0.72899608934351234  0.74041896096752691  0.75184072187824857
  0.76387430785155574  0.77606165887408474  0.78847833234808340  0.80031656436352849
  0.81190938072301211  0.82328604596911548  0.83397499321608226  0.84538167112774487
  0.85560276454210260  0.86667593996776637  0.87748031101614699  0.88969441293734308
  0.90178622920696960  0.91417171564014132  0.92625922892830403  0.93884610845739169
  0.95206898821457442  0.96514109055549169  0.97961611484641420  1.00000000000000000
 -0.00819067870186890  0.02028416173546696  0.04349952454923860  0.06704528373034634
  0.09003003869321485  0.11200891781477700  0.13227470878167874  0.15150249746974945
  0.17145528698030388  0.19140315795460380  0.21129407770676389  0.23323333181035077
  0.25578551418663054  0.27761175251706516  0.29937655629219811  0.32104813607839799
  0.34267244210057907  0.36427429907477710  0.38585880006237494  0.40745070029577285
  0.42907452727382905  0.45106518849393684  0.47348167552536624  0.49585855589432026
  0.51825383033027705  0.54160070862891785  0.56511695291776987  0.58906351218465614
  0.61342989284342841  0.63824256389613332  0.65544467546840701  0.67109180395362256
  0.68901047282726247  0.69015872106544673  0.69159422937999937  0.69487332103752553
  0.69988483036877003  0.70468448653640803  0.70949470030936901  0.71430147653525433
  0.71909185047593771  0.72386872009153658  0.72861745001357536  0.73340817693808469
  0.73824535605547659  0.74301684132922485  0.74775863502614925  0.75251160002411377
  0.75732552095049366  0.76225389982150427  0.76718620896928369  0.77209177745578650
  0.77702738816075656  0.78192663241234972  0.78678035454507655  0.79169537117730227
  0.79663360315938925  0.80158209398739610  0.80656890015699667  0.81156008907360300
  0.81653842578326075  0.82158420001422194  0.82663208627739515  0.83170394201728559
  0.83677624444575360  0.84181946251469764  0.84688690843270953  0.85193178110650503
  0.85707976147696929  0.86230164749866856  0.86752215159921720  0.87266894802587280
  0.87785380916080391  0.88304729807450266  0.88826773639652001  0.89345035362160752
  0.89855078756815621  0.90365822115171668  0.90884460617633100  0.91409884066998548
  0.91942477493226527  0.92480949883809338  0.93015052140830567  0.93542585949574153
  0.94064972921394174  0.94594129451387576  0.95133124327683039  0.95677730779730141
  0.96216844232728560  0.96751317039476403  0.97289845467334768  0.97833436580029454
  0.98375655394682315  0.98913800477651448  0.99453240226500617  1.00000000000000000
 -0.00238004583871247  0.00930733796642363  0.01881796484560559  0.02910234862183773
  0.03912143366901969  0.05094807010098545  0.06269159502781262  0.07381837427891519
  0.08479300262344977  0.09604729091437196  0.10772080534992809  0.11928622079709235
  0.13035712776631786  0.14063763033519169  0.15063578710641529  0.16080808518237577
  0.17101478598058062  0.18135982493776631  0.19172808952358658  0.20290728867008154
  0.21392170847754377  0.22427781527648266  0.23329705217556951  0.24168328688575050
  0.25051029265157321  0.26030772958347198  0.26993663673806778  0.27917400974020123
  0.28836182872851701  0.29850550912055862  0.30933991452103887  0.31956514663871810
  0.32915874651848487  0.33880227039041833  0.34870938360060305  0.35865369248389323
  0.36878434353459161  0.37917858751667505  0.38957131529833072  0.40014671554979053
  0.41096555225970266  0.42183159242607032  0.43262212329351857  0.44353643829544709
  0.45489833752611331  0.46651526578852182  0.47818892587825484  0.48918618169022621
  0.49952837323600724  0.51030720348550407  0.52184666769957999  0.53384971477086829
  0.54480905114141021  0.55440438137258685  0.56313886513729450  0.57173542999004556
  0.58064649731014883  0.58985205701598187  0.59884003967412403  0.60771259863528615
  0.61722066803587450  0.62774017272124072  0.63938033553395368  0.65179591560801331
  0.66452375674768616  0.67663279502276885  0.68808693827629774  0.69879122166113694
  0.70897931426425753  0.71923521172316296  0.73022571347178611  0.74236851591381425
  0.75479901292893803  0.76682091319219392  0.77842840792068224  0.79012399754535423
  0.80094589866448473  0.81152016332536747  0.82174922019313568  0.83222860448248437
  0.84277278052613347  0.85315297569816539  0.86342206187121129  0.87409439729779392
  0.88525404006252539  0.89641534496791042  0.90751226072547153  0.91864972804668932
  0.93031216658269689  0.94084992616407703  0.95063448279545204  0.96019714107104603
  0.96988961236386906  0.98016596095786190  0.98990527024286534  1.00000000000000000
 -0.00217266707875322  0.00837018098021027  0.01770577640358241  0.02736122179856496
  0.03707938179155683  0.04668961587564172  0.05673827384831877  0.06696625991597635
  0.07708927331097457  0.08673443131797377  0.09633754792140597  0.10601388887923213
  0.11573957378614902  0.12574396237351723  0.13621952811693450  0.14679256608065777
  0.15755154883781125  0.16873599631321917  0.18025490938717187  0.19126596925488965
  0.20133674424047232  0.21094625259530542  0.22039594215177746  0.22971686435796007
  0.23879940313059278  0.24828581896062310  0.25832964044378431  0.26832035761372069
  0.27861603577826177  0.28935682550696568  0.30106054129321880  0.31232147852064074
  0.32359366113051691  0.33533599505306133  0.34734221996841835  0.35908710389298221
  0.37063259341081950  0.38257682165875129  0.39503638568291610  0.40828680923881905
  0.42128718712975194  0.43305425209163306  0.44518973666212835  0.45684693655831404
  0.46727918157517145  0.47687801117627876  0.48679615957439609  0.49722770328697985
  0.50847299126216050  0.51960271101796063  0.53062736555852674  0.54131463432894622
  0.55015124276497185  0.55957729413769575  0.56869739489441407  0.57741808465518674
  0.58594617309350172  0.59440272071498401  0.60340769036331698  0.61278679385568102
  0.62210809580724213  0.63143186902494586  0.64088829166787276  0.65126228686027099
  0.66266716033690354  0.67458256703009778  0.68614094365495482  0.69731723058739181
  0.70806082101114076  0.71888548040268074  0.72933321877723722  0.73962409831501574
  0.74957846840630549  0.75993096197605525  0.77040962935716173  0.78094970216763926
  0.79137771846281957  0.80091778135298475  0.81048351510426564  0.82012960499939369
  0.82988275151623914  0.83979082283117557  0.84973877967649247  0.86049094319553932
  0.87223384872187115  0.88372035848128749  0.89482870607751108  0.90529756738999689
  0.91555757960605877  0.92590653657337330  0.93623197424740723  0.94703870567433701
  0.95879397673715072  0.97164391402472472  0.98601687742792377  1.00000000000000000
 -0.00220815842033863  0.00918214084820039  0.01791837268049230  0.02685239015889813
  0.03636403948003841  0.04648690746159577  0.05693097437123574  0.06690288163939334
  0.07681347755166462  0.08668061121184435  0.09623095219156186  0.10569421884636497
  0.11558036381345115  0.12621294416569881  0.13768945451985529  0.14950481515551683
  0.16047632390511721  0.17155596940706380  0.18229298865265214  0.19228869870051013
  0.20246900088902334  0.21356728652820992  0.22563933140823952  0.23670971915041367
  0.24688223895632255  0.25676085353838696  0.26660680829847538  0.27628437260255084
  0.28553562730468024  0.29548347426459293  0.30519165487471422  0.31464948071710219
  0.32389661421689114  0.33331836220464262  0.34363239518291283  0.35472162299367960
  0.36674569969316334  0.37872480234378048  0.38826597898603288  0.39787614998501686
  0.40723668910710015  0.41666518730831165  0.42579490179519075  0.43488606886873887
  0.44521564582095136  0.45638002098666114  0.46729907058887088  0.47767896487544054
  0.48766336603048355  0.49778090422407867  0.50813412408658210  0.51865315966149461
  0.52960753660310600  0.54090882738845791  0.55266761431332323  0.56504495667317445
  0.57743181793839404  0.58875459254573259  0.59845773755900689  0.60802076071014810
  0.61755988873204026  0.62742649283618335  0.63784500887132523  0.64906735173949903
  0.66085389952562890  0.67214293162822225  0.68270460285095325  0.69313871829401208
  0.70365750201849508  0.71459445322663628  0.72538180308249323  0.73544880700182114
  0.74470191413042552  0.75416796363586991  0.76427822130912249  0.77473791555966820
  0.78529797199270002  0.79613605335336768  0.80767627877222348  0.81933847739477217
  0.83070385179281769  0.84152371957130623  0.85164597066720182  0.86122273368107105
  0.87061255320268860  0.88046508173147131  0.89103611318782683  0.90241123970846637
  0.91424030603511452  0.92663185548884808  0.93915201383005553  0.95115673256190081
  0.96312756897871254  0.97514057418975053  0.98755301371255466  1.00000000000000000
 -0.00196993026329631  0.00812410722996772  0.01712913314663334  0.02701807135384647
  0.03706722210290658  0.04734915122125496  0.05853366979659835  0.06923362969280492
  0.07908446501477581  0.08872818260698860  0.09832513685553149  0.10824670127002971
  0.11832719617131511  0.12908998678791372  0.14090072483211208  0.15319573194772276
  0.16543673255016556  0.17765281049686854  0.19031303457651316  0.20254486202577329
  0.21391828513416211  0.22434821274607775  0.23454032295186736  0.24428447895539560
  0.25383380027989533  0.26337979131456779  0.27373103785690345  0.28487656293111263
  0.29544094740133192  0.30476261033437663  0.31372172802129661  0.32323264983964484
  0.33313426742208435  0.34302716702755731  0.35253418564398603  0.36270015285260454
  0.37278981178301324  0.38238289250259744  0.39184669235094521  0.40127580414737718
  0.41092122807723813  0.42089375814796270  0.43096361031388347  0.44084335086784948
  0.45110944572181044  0.46173261717852598  0.47275447425712763  0.48406905327818933
  0.49555925284792102  0.50719429793340465  0.51895782566474058  0.53185721147620768
  0.54438416476036666  0.55590788133712610  0.56719859093795755  0.57865123021706766
  0.59013343499667192  0.60163135088664133  0.61223832967939973  0.62240462472693237
  0.63221832972157843  0.64189455791823513  0.65183302529466047  0.66184525617503021
  0.67238650832720415  0.68349909286720778  0.69429434440899662  0.70487064045229120
  0.71521158858670886  0.72594587034217350  0.73614888684176716  0.74710240895169033
  0.75677641637285398  0.76712608078614564  0.77739785359272651  0.78787918321443551
  0.79832418035017982  0.80850530529696540  0.81893933061631952  0.82942416235302929
  0.83953738762271712  0.84970993445066934  0.85991284998718220  0.87070144226972546
  0.88156964791272163  0.89314727721071518  0.90437220399426155  0.91544114057560877
  0.92491916047244027  0.93426613145275195  0.94410099527453517  0.95376045445495450
  0.96378190256205198  0.97458234603988292  0.98605110115101591  1.00000000000000000
 -0.00247931003494296  0.00945960667557435  0.01974980198777285  0.03070256906370962
  0.04094778208431494  0.05085222562118185  0.06082148898967479  0.07155066548808291
  0.08242533912815478  0.09321125748691239  0.10404203116808043  0.11461519624621611
  0.12558637158159280  0.13652339298824676  0.14840569877204041  0.16136902917898269
  0.17268311090716409  0.18325295494433838  0.19288585347821871  0.20216645512978301
  0.21133998999666664  0.22094812724663118  0.23075837592574511  0.24024684152649525
  0.24915439443940646  0.25850698525747262  0.26810593594977572  0.27800844254575735
  0.28831679610513261  0.29912839971714217  0.31017095289429991  0.32033624004430128
  0.33032235262472487  0.34008795754668736  0.34940404794754676  0.35892449841439616
  0.36898005705189713  0.37952385560345875  0.39028553186059406  0.40135084263801102
  0.41190337348486278  0.42208599474243608  0.43189421740400941  0.44236834569431360
  0.45344370059426864  0.46493990692931397  0.47733500173139876  0.48840758521177041
  0.49970271569181618  0.51084261070724502  0.52233880081259887  0.53410553642071090
  0.54675130353574952  0.56002576035573326  0.57141006844822062  0.58170769867830741
  0.59120444924770998  0.60039413310078071  0.60984206327655177  0.61967319009347743
  0.63038842060889178  0.64162487413398051  0.65297328281812994  0.66352701427499761
  0.67377620732487464  0.68405826450032825  0.69476284647561370  0.70554995692127953
  0.71622827715590243  0.72723993035754253  0.73842993924455202  0.74999950412370886
  0.76105008238286731  0.77187107479516259  0.78313779076498569  0.79439323060632461
  0.80548062708535484  0.81653004518521588  0.82764484104373504  0.83878953476177265
  0.84994674113510971  0.86051754889102250  0.87059508562654753  0.88038904554047381
  0.89061978827783994  0.90076753585788993  0.91129225950476189  0.92143183092924563
  0.93144475485530864  0.94130802971179450  0.95100401737767704  0.96069978379946752
  0.97030676377579528  0.97978632824578937  0.98987470961888069  1.00000000000000000
   62.096474467315232       -1.0000000000000000     
 F F F F F F F F F F F F F F F F F F F F F F F F F F F F F F F F F F F F F F F F F F F F F F F F F F F F F F F F F F F F F F F F F F F F F F F F F F F F F F F F F F F F F F F F F F F F F F F F F F F F F F F F F F F F F F F F F F F F F F F F F F F F F F F F
  <DiscreteSampler_grid>
  grouped_processes
  1 # 1 for a reference and 2 for a running grid.
  10 # Attribute 'min_bin_probing_points' of the grid.
  1 # Attribute 'grid_mode' of the grid. 1=='default',2=='initialization'
  0.0000000000000000 # Attribute 'small_contrib_threshold' of the grid.
  0.5000000000000000 # Attribute 'damping_power' of the grid.
 # binID   n_entries weight   weight_sqr   abs_weight
    10   10   6.979417059378615E+013   7.970052087573905E+027   6.979417059378615E+013
  </DiscreteSampler_grid>
