 -0.00271906611702424  0.01015884245753682  0.02074508234796983  0.03139577947285229
  0.04181802581295529  0.05210901325432574  0.06292321187163577  0.07431641881757931
  0.08571010767621821  0.09665341341459406  0.10747522979395305  0.11829225848122164
  0.12920655385248830  0.13974439459321691  0.14989916573747711  0.15994883148348440
  0.17035407168824562  0.18141890670676888  0.19279214181520779  0.20465401736383379
  0.21692011833478889  0.22926678694243099  0.24010824199883488  0.25111489003644077
  0.26239801362589898  0.27349393057859872  0.28412869472053148  0.29483356844486908
  0.30617781233786795  0.31728901543650312  0.32766962590221355  0.33771956987845247
  0.34723116820824224  0.35695885157024237  0.36667316601247396  0.37638691980054129
  0.38642035194373670  0.39661044112018939  0.40688665130117208  0.41741964144932586
  0.42855817456534850  0.43966958619382629  0.45019408498686947  0.46067233743025260
  0.47137489561480955  0.48187086120814948  0.49190501079451981  0.50203089138808632
  0.51268510777543908  0.52344629381341323  0.53411738525303520  0.54412091225146941
  0.55327707597048859  0.56223141724773429  0.57151722663362670  0.58138221619687103
  0.59168687619565896  0.60193705815313558  0.61182987973539671  0.62169339112904132
  0.63171191693575590  0.64140577025819734  0.65150671848183939  0.66153596830748063
  0.67198230078781707  0.68283115772796532  0.69336553309486471  0.70308942891749193
  0.71398399762186460  0.72460749052478157  0.73447560989321270  0.74361411884913864
  0.75320363422965131  0.76491915395931132  0.77490131301218723  0.78410431150097193
  0.79346232162202035  0.80351543120831914  0.81335279796681348  0.82337783504544237
  0.83391361276779885  0.84576753775811875  0.85796561988701403  0.86900862955190838
  0.88000796242427959  0.89108263317908942  0.90165843700643433  0.91177698852968359
  0.92278703620810054  0.93447775457975901  0.94567693303173428  0.95633282007502773
  0.96759993395918942  0.97860995246729610  0.98913657339796590  1.00000000000000000
 -0.00161727493245585  0.00849723984757079  0.01860938186925934  0.02889603995055330
  0.03957436887539957  0.05075164493909710  0.06216411967218472  0.07334919382132511
  0.08472814052730651  0.09617193269831462  0.10636003192556596  0.11568370966565600
  0.12501137761746142  0.13477676365270330  0.14500886893699658  0.15547111940210184
  0.16599685116682661  0.17672120256557572  0.18730182603498632  0.19722774582203392
  0.20725849414114739  0.21734507525725622  0.22759199027839350  0.23786193239580317
  0.24822884718110694  0.25832776535536278  0.26847095295473744  0.27820844969129921
  0.28817316601455600  0.29807840136856451  0.30794353201099095  0.31807841960930533
  0.32806450330169529  0.33803646856779707  0.34829679133986946  0.35932636684218261
  0.37033159842073721  0.38074005341570233  0.39093485460023225  0.40125531780607560
  0.41102234503673163  0.42063009608829999  0.43018222751687513  0.44014156785187181
  0.45025994224578386  0.46064736045998356  0.47139690785803856  0.48254483291101580
  0.49383303397064154  0.50468240576640089  0.51508668325296925  0.52472653219197951
  0.53361075953846215  0.54242246816099438  0.55152598669207953  0.56076528282852744
  0.57072058544080939  0.58100991354901865  0.59207838363447185  0.60298434449978766
  0.61266876796588776  0.62214046320351990  0.63200967657338325  0.64243513210631853
  0.65269540373146284  0.66293952981409932  0.67372511593732520  0.68462328501058445
  0.69492892482640722  0.70472578923630513  0.71395476275845671  0.72346303667226630
  0.73403068241728209  0.74505294264485178  0.75540354931280895  0.76542144683485658
  0.77550119289434349  0.78601235107340395  0.79614315581055795  0.80624236106599745
  0.81673849933388631  0.82774944808997786  0.83890372150960679  0.84992699452628306
  0.86091827959178602  0.87219883849849267  0.88351170715628125  0.89511867001381629
  0.90663097281496419  0.91872934292369679  0.93114377096998069  0.94321204248506652
  0.95513933954482133  0.96808376635212201  0.98312664661174798  1.00000000000000000
 -0.00823065128505790  0.02000059677913272  0.04327834031078596  0.06682042173608563
  0.08999920675327899  0.11271201648071880  0.13295926961822044  0.15228618073802502
  0.17197424156880076  0.19155455390071696  0.21099321758876399  0.23285397434936494
  0.25539317355242519  0.27795846972134053  0.30041106467412260  0.32265243020899209
  0.34491569455823384  0.36719463298818000  0.38937778120796218  0.41154186222432976
  0.43375870478320205  0.45596544730721988  0.47814594427264251  0.50025702054874821
  0.52230598317563115  0.54491399535378604  0.56769162419378438  0.59145798171477404
  0.61555902407396867  0.64139075223189135  0.66080984799115072  0.67306085631981882
  0.68625794703076082  0.69013969872013747  0.69163179325570712  0.69518837915837162
  0.70006403098733150  0.70487975960222626  0.70974372307267264  0.71456511009609214
  0.71930655144519717  0.72407833350523954  0.72889948975067875  0.73368348079691137
  0.73847666122675315  0.74334349701159286  0.74821007094178726  0.75305136868346201
  0.75790067100195591  0.76276862294120473  0.76763674066371435  0.77245949267712288
  0.77732868995738968  0.78221605189368004  0.78716199675705778  0.79207217549589726
  0.79708457550616052  0.80207104963587561  0.80705098641032869  0.81208244219114856
  0.81714458272945822  0.82218773623429364  0.82721812785015292  0.83227252673643970
  0.83735788817886170  0.84243783809743555  0.84744832149450466  0.85248486643026566
  0.85757143059060614  0.86275122373202862  0.86797317489657377  0.87315173451228401
  0.87825535415280576  0.88328263902922755  0.88836448526599543  0.89355576423918226
  0.89882825663287069  0.90409253962594227  0.90930626183705654  0.91451628888209069
  0.91972125941897998  0.92491161436540592  0.93018657864504128  0.93555199873082384
  0.94089546694228954  0.94618290381559655  0.95148282081694169  0.95682633059259181
  0.96221939252676292  0.96757349202158416  0.97300773383531547  0.97844340493504633
  0.98385427205188924  0.98922127781041147  0.99459714289073264  1.00000000000000000
 -0.00288051679099799  0.01030890630737086  0.02169021917074876  0.03256715019738386
  0.04331631042299774  0.05252148614243460  0.06172819179531053  0.07044244797346862
  0.07865166234970046  0.08695186901813501  0.09563220676617872  0.10551732843835576
  0.11650697102107564  0.12772410005136364  0.13900752779743161  0.15036785979428180
  0.16151412824513911  0.17202714286782950  0.18205327295245260  0.19203341413851654
  0.20225123655210708  0.21231516582727922  0.22210745947623123  0.23187192856584760
  0.24168472167343913  0.25177342361231314  0.26222315965318355  0.27322896817687159
  0.28444105647235485  0.29554228775489333  0.30646871841701184  0.31663218966317436
  0.32634173667769351  0.33602971446897290  0.34542684495396031  0.35476201013297604
  0.36427695262721937  0.37450706726706656  0.38594677637618652  0.39764517132766081
  0.40892247633938700  0.41998008211645071  0.43082217731772660  0.44148118204995140
  0.45244773150903822  0.46428105929961866  0.47682449978006913  0.48835080966582145
  0.49836474280837378  0.50844768537531970  0.51831121170063199  0.52872586957447920
  0.53940163875928004  0.55124989635124477  0.56332996434119798  0.57483116053191430
  0.58575137899097385  0.59652813435185681  0.60785835110188413  0.61875985448787885
  0.63189149857231808  0.64454645464862481  0.65771144845182727  0.66954261695917283
  0.68062137459098049  0.69108020104547485  0.70133737333866342  0.71181576549683823
  0.72254655394389278  0.73292601467701546  0.74316860066238433  0.75369010012739224
  0.76482414380334929  0.77640870624276948  0.78777125178567986  0.79973364895868504
  0.81163005179598280  0.82256020958717646  0.83291430344872297  0.84321757930226415
  0.85361456302427385  0.86376584279120538  0.87400339082244460  0.88457481036016272
  0.89506167993029007  0.90481124629140253  0.91400580174164747  0.92343138611173758
  0.93318221949541869  0.94327940786981379  0.95344071954168075  0.96313967286703528
  0.97229308487159671  0.98138915128558513  0.99052147200669471  1.00000000000000000
 -0.00209074708476215  0.00806683010095922  0.01681062327690240  0.02599860913188258
  0.03551182839571768  0.04505861511868675  0.05516664262422276  0.06557477889283528
  0.07646094086019244  0.08741742017126461  0.09826637231317906  0.10909854142135830
  0.11956799835817490  0.13001639046136645  0.14003977185098423  0.14986608440157009
  0.15951309453210952  0.16957940103929386  0.18007018557200072  0.19060521639571271
  0.20124362253243067  0.21203279745146555  0.22248576579807719  0.23265224715748861
  0.24294897000580695  0.25407355686678823  0.26617992307341698  0.27850408150961281
  0.29067421620139366  0.30262026771434242  0.31447334406434230  0.32641170812553100
  0.33774594720684248  0.34822280348975365  0.35865194629780972  0.36923041607345258
  0.37995406922088204  0.39085531273973334  0.40169310671267494  0.41192139331818700
  0.42157939773461117  0.43116293599046851  0.44095522506486612  0.45039903406540727
  0.46005317340390933  0.47065740332448075  0.48158622391905942  0.49209491689262119
  0.50248494170762037  0.51306219177235712  0.52379754496458308  0.53429210834612717
  0.54455263020755440  0.55482947665655558  0.56523647390773091  0.57573207614532940
  0.58589144480150246  0.59583196737865451  0.60550988630944147  0.61585510399532040
  0.62643860693948994  0.63802187251129017  0.64903465927666948  0.66065352556438250
  0.67117166237582915  0.68081042796468849  0.69063486960708032  0.70084834174532273
  0.71138613323776911  0.72138726307131540  0.73125633774144672  0.74154419661281157
  0.75240306762355691  0.76339682659353436  0.77355634405173701  0.78413773857202040
  0.79540944134554248  0.80763279426600465  0.81961315510496591  0.82981552947831805
  0.83987720371252705  0.84973852574208675  0.85966624486620902  0.86963036266960647
  0.87963558471861381  0.88980796876080481  0.90017190303581673  0.91090782579520202
  0.92165882887874295  0.93207789461239288  0.94277318976459790  0.95406768848531787
  0.96584939955933757  0.97754423443654537  0.98868590802043532  1.00000000000000000
 -0.00357952881494408  0.01227943787579101  0.02467131601410878  0.03684094615025860
  0.04858224727259791  0.05999570968280233  0.07066833543043465  0.08087981973948639
  0.09158816033441149  0.10296147461422063  0.11478718902936499  0.12647393536805904
  0.13784417843717284  0.14925570671226152  0.15957022716141875  0.16991245399213586
  0.18005384432646196  0.19010778442558324  0.20072311539625831  0.21106450604984181
  0.22117464832164418  0.23142529413542340  0.24155727012698491  0.25110803685198485
  0.25955571417769974  0.26867143273875960  0.27875419332570839  0.28900398490263229
  0.29851633073735306  0.30754137139560339  0.31722295581949694  0.32756334048660635
  0.33812508097111105  0.34855734107750824  0.35962680931491697  0.37123207595345525
  0.38256979934201724  0.39344895656307016  0.40384848483094893  0.41385878283449773
  0.42402848590189457  0.43429507732105466  0.44490260627264749  0.45543879255997627
  0.46573314340115751  0.47617873195347798  0.48672582224310845  0.49697870915025094
  0.50656629616129567  0.51593472890198722  0.52643850726881336  0.53809521375337055
  0.55082076121453283  0.56357071689848071  0.57607560209619868  0.58880148870587878
  0.60104487621921043  0.61361720526452768  0.62531734817365670  0.63694539355530588
  0.64778700320923366  0.65721905451904894  0.66611288170163152  0.67498300600045547
  0.68426038683013080  0.69402015034172859  0.70425102141713847  0.71459439636223365
  0.72477063096314120  0.73457227021282923  0.74419085257822259  0.75386006605833233
  0.76367891746884531  0.77413278534476704  0.78570513616259308  0.79640203342108695
  0.80667404382918995  0.81663610601300707  0.82613572392359458  0.83608496959324541
  0.84592841071996061  0.85490685910699493  0.86499854576773683  0.87490359926251926
  0.88632578711464460  0.89776628608936615  0.90901785406011781  0.91945334855898364
  0.92913560190330136  0.93901087300562125  0.94900834102965159  0.95945803713096900
  0.96948699448014319  0.97973166859670147  0.98994811588893239  1.00000000000000000
 -0.00260447752498482  0.00977590746158714  0.02022426125659227  0.03085215132191238
  0.04220536041873021  0.05382487844651063  0.06609427634261342  0.07836278882621478
  0.08945150344930407  0.09939538457732361  0.10981499367348158  0.12045514014316940
  0.13111679142968757  0.14200157790025592  0.15306728996963215  0.16417760793910685
  0.17513167154200487  0.18589618357221663  0.19671038417196232  0.20750558858130663
  0.21807138884328492  0.22842128745773946  0.23869548004925745  0.24908906366461123
  0.25954960072889421  0.26998264389547599  0.27989651388525411  0.28944137476756737
  0.29894285496246481  0.30847780753884008  0.31814894503714247  0.32809189502535419
  0.33815474804512285  0.34803673557133152  0.35778307457024289  0.36817357825812042
  0.37820419646693243  0.38842606827328191  0.39848451921578831  0.40912431246158709
  0.41943895088796379  0.43013441007331743  0.44117443449950983  0.45333531672068389
  0.46617589702605228  0.47913208483991737  0.49185636609415967  0.50330133074303851
  0.51388236526497866  0.52449788077793569  0.53520666161564623  0.54592730770270936
  0.55668139428405616  0.56726113421499447  0.57769090892323738  0.58780536863052868
  0.59764661391244267  0.60742206841689694  0.61711502304132404  0.62651398073417575
  0.63537357060469890  0.64458349099461254  0.65374447644256972  0.66282427759006346
  0.67227757126434984  0.68140626782636171  0.69025649978683967  0.70009895917214637
  0.70967602166779409  0.71931812421597929  0.72865298927036126  0.73814762183793003
  0.74831767310855457  0.75871421350007040  0.76877220417577563  0.77911893450198022
  0.78974598820522524  0.80041772027455460  0.81107759244346389  0.82166759231528463
  0.83235556003432654  0.84326667835040936  0.85453196954662181  0.86613288202839278
  0.87768034868634492  0.88923478831860570  0.90015416949479310  0.91099027107289610
  0.92224765551519394  0.93389968794874478  0.94622352319365544  0.95884104551207061
  0.96933218795269405  0.98042518326540684  0.98986522564790591  1.00000000000000000
 -0.00303418800770018  0.00971808178253198  0.02139626595883928  0.03271726301564756
  0.04407505046547162  0.05528225643945500  0.06676104339170283  0.07871645258629058
  0.09029275941703549  0.10150641938006044  0.11323375180677411  0.12535639543102406
  0.13684625910872000  0.14823094801032152  0.15923587854145349  0.16942385082825004
  0.17840151309690547  0.18730593581844862  0.19648287330254738  0.20607966042943221
  0.21582264364587350  0.22545864535282353  0.23556587589223596  0.24650370304580010
  0.25758334382891745  0.26818438617895413  0.27815057046172181  0.28796734455868633
  0.29789527508824004  0.30828552279709481  0.31885118308665727  0.33004145639047316
  0.34166680042143560  0.35312405026860133  0.36398418229943852  0.37498603433315836
  0.38682134485280711  0.39885134640794173  0.41054492633517364  0.42217895425284618
  0.43311505235484604  0.44298374897545900  0.45215860847187783  0.46159592449867076
  0.47179840908680509  0.48257445223854623  0.49327042138932037  0.50335182442940529
  0.51294701781688046  0.52227429335092113  0.53208184337352071  0.54254753108004894
  0.55371754371065141  0.56474612695665949  0.57571738861091515  0.58692999275120183
  0.59829423375033164  0.60992348675296493  0.62140443186163241  0.63289608237377071
  0.64406884570833423  0.65413124212751916  0.66451646772945583  0.67482288225693077
  0.68473226362403250  0.69470218458787925  0.70428575177751473  0.71398024601464960
  0.72400831830439738  0.73448283927902758  0.74582752752809123  0.75751943725538506
  0.76891508534604880  0.77939079948384515  0.78971875858716845  0.80025778697725936
  0.81100217651451378  0.82121108723679270  0.83124702789614968  0.84084913822302088
  0.85021964513824633  0.85924515685331149  0.86870648074713386  0.87872014744537208
  0.88986652929887766  0.90010782257493571  0.91063654147173967  0.92055620249319858
  0.93072886197613358  0.94009368196232479  0.94913345307430508  0.95829434016513138
  0.96838831441806061  0.97896768999201578  0.98943090396207811  1.00000000000000000
   61.649155781295072       -1.0000000000000000     
 F F F F F F F F F F F F F F F F F F F F F F F F F F F F F F F F F F F F F F F F F F F F F F F F F F F F F F F F F F F F F F F F F F F F F F F F F F F F F F F F F F F F F F F F F F F F F F F F F F F F F F F F F F F F F F F F F F F F F F F F F F F F F F F F
  <DiscreteSampler_grid>
  grouped_processes
  1 # 1 for a reference and 2 for a running grid.
  10 # Attribute 'min_bin_probing_points' of the grid.
  1 # Attribute 'grid_mode' of the grid. 1=='default',2=='initialization'
  0.0000000000000000 # Attribute 'small_contrib_threshold' of the grid.
  0.5000000000000000 # Attribute 'damping_power' of the grid.
 # binID   n_entries weight   weight_sqr   abs_weight
    10   10   2.453228988184673E+013   1.889753185195145E+027   2.453228988184673E+013
  </DiscreteSampler_grid>
