 -0.00259195307561217  0.00979322958699907  0.01944123693446518  0.03041858874269089
  0.04153838397128731  0.05280893990395281  0.06329760309992266  0.07442674771102299
  0.08553565872522488  0.09648782268416384  0.10780357933837111  0.11840196858492190
  0.12960331421701471  0.14002928816135035  0.15053021778068457  0.16048301593606226
  0.17121593176823696  0.18254884515176184  0.19385726767895559  0.20492882419557942
  0.21538396209856062  0.22520977966487279  0.23477238478433549  0.24412492390488708
  0.25404439418344155  0.26448998196435086  0.27411966536267940  0.28313736488287300
  0.29255650169805719  0.30293977020176749  0.31395953854138925  0.32524464255094249
  0.33631875430507646  0.34711766646256864  0.35653738220758641  0.36558401452880074
  0.37500461628065673  0.38468904528222053  0.39419659766658666  0.40320660052816842
  0.41212816786343343  0.42105749715629154  0.42999165957763807  0.43930194803603539
  0.44814866031616984  0.45678443485227227  0.46593708873936462  0.47558219420746356
  0.48543659226628161  0.49586121563761532  0.50647780017049682  0.51746492580030712
  0.52855469601826810  0.53943165020938444  0.55017946086556224  0.56084794332174392
  0.57119925781424608  0.58106312946816874  0.59049490807962968  0.59984200438662527
  0.60962727658265425  0.61964043828747251  0.62962620558177795  0.63960245695303042
  0.64985152026897564  0.66045168325213321  0.67091400107690569  0.68106688797592407
  0.69165172823906362  0.70242031104570102  0.71309534441706224  0.72370432022815445
  0.73509563532118682  0.74714282004837629  0.75900877261980060  0.77079265996389223
  0.78315464623061848  0.79589024676484876  0.80864423947100628  0.82158236053353473
  0.83431212043749026  0.84620300623907807  0.85702819784190509  0.86738591521706099
  0.87758820460183506  0.88819143405360546  0.89975581985011033  0.91176851230400280
  0.92267621053243665  0.93309908316636303  0.94351347480457859  0.95303734940623619
  0.96359164462507341  0.97503468536259208  0.98677300417386260  1.00000000000000000
 -0.00044386318384704  0.00597873795294715  0.01268537488031757  0.01998720152675270
  0.02791246868469440  0.03633253084837047  0.04506970415228952  0.05394622533902899
  0.06298017516117935  0.07255259541114800  0.08246817427985446  0.09350522121501303
  0.10476166167865156  0.11535314378897191  0.12604191218586630  0.13605533385400839
  0.14630928582679481  0.15611539494003135  0.16513025919250196  0.17365569619395962
  0.18165102472410719  0.18953923520781324  0.19790888361278589  0.20691411582099245
  0.21673130193479595  0.22705404192829112  0.23728338173286431  0.24722648849437337
  0.25789209438783761  0.26919583864699542  0.28038974391982413  0.29152318467053934
  0.30296527713898119  0.31476244077031806  0.32684431209266823  0.33921050439599537
  0.35168973522018060  0.36226380489415516  0.37178160599582610  0.38095280240634571
  0.39014131709390931  0.40006600043194018  0.41074610466874578  0.42220713275360144
  0.43377088074018810  0.44469749370610601  0.45554631134547119  0.46650271849936448
  0.47826660018897199  0.49034818500800487  0.50268652313501483  0.51693118867889187
  0.52851184303039689  0.53881642401432972  0.54862476149605111  0.55830551999138334
  0.56851999682232479  0.57919398630076802  0.58944777685454264  0.59955712014613549
  0.60934574493617655  0.61902628770678914  0.62836733119319998  0.63784500185469317
  0.64762473433366718  0.65752543992586610  0.66714960734056739  0.67659220490848060
  0.68593455802601533  0.69601696021040849  0.70679128892173715  0.71808817788140789
  0.72966033472678249  0.74161767514444332  0.75335378981863632  0.76446281604462618
  0.77556094801306630  0.78673857867687191  0.79794676122329466  0.80899997984068883
  0.81967218851134904  0.83005252955679343  0.84079601405944471  0.85209105735407975
  0.86302997892073086  0.87402518984001365  0.88590503594727932  0.89824844574157214
  0.91044983783278577  0.92272230535119104  0.93500172276501547  0.94691673957456723
  0.95843815253303644  0.97009857451634418  0.98349656007023489  1.00000000000000000
 -0.00806816775706408  0.01620171432990149  0.03903547424916241  0.06215548798336994
  0.08512416110538690  0.10790310097031258  0.12792612963421043  0.14703201414800907
  0.16662280625202353  0.18608234752427100  0.20542271250959673  0.22665337057507745
  0.24812037157378949  0.26977097309091447  0.29134320399757635  0.31285898532440770
  0.33448847724790659  0.35618219560396625  0.37816867613696975  0.40018406087998981
  0.42223887163593210  0.44454008331767558  0.46693550109122917  0.48896468981942598
  0.51093739809016625  0.53277540449451322  0.55563079989767716  0.57936993737142806
  0.60363575586312213  0.62809116233823403  0.64709489847526025  0.66503238360636352
  0.68123956019582343  0.68923136787880068  0.69085629370898183  0.69302709612594215
  0.69742776212736080  0.70222722121565329  0.70701304464609005  0.71177549881095203
  0.71655246328984101  0.72144142620601082  0.72633232711197959  0.73113576639534250
  0.73589794050870594  0.74072321723460555  0.74558861250272535  0.75042797570201514
  0.75529341915410064  0.76017783888976187  0.76507136284790500  0.77003952168387635
  0.77504499251392434  0.78003194060372716  0.78497510626610156  0.78991285590682503
  0.79488619683129036  0.79983921131495617  0.80477818723914563  0.80980167068514730
  0.81488900196101910  0.81993804674491522  0.82491576969768232  0.82988807739153680
  0.83488595065123694  0.83995000557307042  0.84506388064469085  0.85027553227992436
  0.85549786395355731  0.86077858509700822  0.86609407781427994  0.87140499327724374
  0.87666225183549407  0.88192499283177361  0.88717399738615110  0.89236411572493335
  0.89761109901916714  0.90295094307328261  0.90830971719847231  0.91360060333648141
  0.91883625265819324  0.92406019541965445  0.92932900936848173  0.93462997639627521
  0.94004205402741914  0.94544276921722148  0.95082554836462885  0.95621404998766302
  0.96169765887886804  0.96726913988766605  0.97275856943156325  0.97820749677578833
  0.98359791039305478  0.98900621166545355  0.99448843822181643  1.00000000000000000
 -0.00232017008760638  0.00890822992616091  0.01883617792913858  0.02958141577905128
  0.04009054582749712  0.04963087092864604  0.05913099038148919  0.06916788784088454
  0.07929785766124366  0.08862990247771335  0.09779100137357263  0.10815250170927095
  0.11930578299713557  0.13131899350522563  0.14309532984944101  0.15370118003611630
  0.16360811056987931  0.17267642234891717  0.18154893363960739  0.19031968868138935
  0.19923684021273202  0.20805547827865872  0.21786908602790089  0.22803657176304087
  0.23921724196412922  0.25037083277584921  0.26098256816093329  0.27191330566802019
  0.28304065030953368  0.29303845329531625  0.30227923140106566  0.31160893697007119
  0.32177825624962170  0.33203831155848368  0.34240062176449426  0.35275313714421719
  0.36403464666583324  0.37531493214561557  0.38689720943860684  0.39854135901455107
  0.40980044283800998  0.42165066343136320  0.43316187773864068  0.44473550278514307
  0.45579907339880332  0.46637068371385865  0.47711214971183025  0.48782943204943291
  0.49946610075582853  0.51121175802935470  0.52343866767759684  0.53592818203726256
  0.54859494102409490  0.56163219207206161  0.57469481442116854  0.58703295710592129
  0.59851657976758832  0.61013101304805228  0.62233253504056885  0.63448321557986775
  0.64566359729467193  0.65551208515899184  0.66487052344011532  0.67430544878355925
  0.68414533388456156  0.69369421921377361  0.70273765433160862  0.71165271333544089
  0.72065737778219674  0.72985497537960109  0.73975887539619456  0.74973451746079689
  0.75976419887050883  0.76989669312643938  0.78068468544443770  0.79151406648430611
  0.80237000086786903  0.81343244472605269  0.82437209291728619  0.83411580061238277
  0.84434599689879830  0.85497523931020991  0.86691036183004699  0.87906370174732273
  0.89062185146892903  0.90157483652963011  0.91188374620155443  0.92226060370252194
  0.93253235134606705  0.94212685793055173  0.95149210797837169  0.96091059187945715
  0.97062286995773550  0.98045518961522105  0.99011339053442404  1.00000000000000000
 -0.00288630825625959  0.00997405080531460  0.02112193457603605  0.03252560427256078
  0.04337988901581637  0.05291125118026208  0.06235959870227283  0.07182873343929723
  0.08126000683426313  0.09106504150424963  0.10088474003105762  0.11118998009691783
  0.12168205575350487  0.13219283130240006  0.14222614737106282  0.15164596972569255
  0.16087285851728886  0.17036484735230520  0.18029451921914522  0.18998210702251039
  0.19944322793037159  0.20880801999950493  0.21798788533339281  0.22731864531704554
  0.23762275000263272  0.24859947357433160  0.26015987226443182  0.27269804345157056
  0.28547512510097822  0.29825628577163205  0.31075096029347360  0.32322723579753415
  0.33519452575267367  0.34663777586105443  0.35686225018369627  0.36644038285192432
  0.37584395808610399  0.38599374660089208  0.39683070862696956  0.40798319312005421
  0.41968282609050284  0.43183410929029309  0.44396892501736440  0.45585386056740212
  0.46748758887692221  0.47872716997098935  0.48983564177024702  0.50078264318640175
  0.51138581165162578  0.52272233971977489  0.53433749170298828  0.54615846239355248
  0.55794660321033696  0.56979858664665806  0.58155140416592088  0.59303528747064549
  0.60425523513202595  0.61562024607242716  0.62653958486748762  0.63776674643458042
  0.64917605111511734  0.66100391996544983  0.67256068204733965  0.68314306400380931
  0.69320572551227144  0.70299514219996939  0.71286528264487758  0.72340806268541280
  0.73378967824395980  0.74409835581701700  0.75442903351165636  0.76430111385973143
  0.77342598166406173  0.78232059384398889  0.79149725891195810  0.80082898132120928
  0.81030850079105776  0.81992089876198293  0.82956104207854831  0.83960306099542381
  0.85066789785080843  0.86239428922222860  0.87394159295225060  0.88491118273659330
  0.89533206668967136  0.90479691805296136  0.91378712616258484  0.92292070238390755
  0.93228922080656262  0.94188584995365687  0.95178118288670144  0.96136708424363038
  0.97109889875036204  0.98051956108831262  0.99031407140478922  1.00000000000000000
 -0.00339062035774505  0.01118613632909865  0.02284800513784860  0.03392378434201451
  0.04467705857124277  0.05533491316899906  0.06598929772533195  0.07681916950877905
  0.08734265312043907  0.09769552341484689  0.10789042593899978  0.11851048124991746
  0.12895032738735107  0.13928988340821236  0.14937135536703292  0.15939447920074779
  0.16931443526626139  0.17905517626028833  0.18917095684955182  0.19926850259033627
  0.20930509406026968  0.21952118349559033  0.22974848978760393  0.23967027824294512
  0.24947627229460356  0.25960551812919824  0.27001602770799032  0.28044042959894033
  0.29106640021606234  0.30217234511494206  0.31317043932258948  0.32380196450456944
  0.33444686915460958  0.34542476229917851  0.35627636053995348  0.36576699301461629
  0.37523178537965779  0.38439953841013497  0.39428852669916736  0.40351190521599056
  0.41198540451646315  0.42034799453192329  0.42910636728226770  0.43798361405121050
  0.44710974433696826  0.45655097184736831  0.46775612515326054  0.47961584317160444
  0.48950091102984944  0.49932201294110218  0.50954637421315430  0.51968173700400899
  0.52939495690599803  0.53869140512594993  0.54885935001041908  0.56021410046335973
  0.57134031523388407  0.58285374615554630  0.59507167300257147  0.60711438638812876
  0.61772597321523315  0.62844044780932096  0.63958589374417585  0.65070595206276582
  0.66161371487679266  0.67367061529174921  0.68622635085514139  0.69848142597472107
  0.71050044010239377  0.72191217355444171  0.73364340077604284  0.74469400941515151
  0.75663903220148743  0.76851571368021609  0.77948665929141414  0.79004957888290128
  0.80046442505200721  0.81115386261330591  0.82166520724141134  0.83217177823844712
  0.84279159830355710  0.85326426396079014  0.86255960085893923  0.87205006491505588
  0.88163711088873986  0.89160751228668544  0.90161812998650481  0.91143942016667134
  0.92169327194571316  0.93257594580563674  0.94443610262693145  0.95688197607156933
  0.96816808094768858  0.97920901702273155  0.98966270720717797  1.00000000000000000
 -0.00267181828032933  0.00977854269806733  0.02001965898688605  0.02960373469230592
  0.03908427713382070  0.04898554066868866  0.05917610226046535  0.06922021159376569
  0.07939518445392521  0.09048357339774973  0.10157578465727603  0.11260258904781671
  0.12314781355503102  0.13395256819110965  0.14529191517856049  0.15734899207032732
  0.16882072055797440  0.17846490914859933  0.18803100335523593  0.19766327863289368
  0.20802503422599855  0.21803904468770843  0.22813672010190458  0.23875414746374002
  0.24933513298392271  0.25952282573965091  0.26981083978771564  0.28006968562307011
  0.28981703257172720  0.29958952197459887  0.30919972072280755  0.31871444483150385
  0.32824754441839410  0.33810962429574470  0.34842375652177870  0.35843289813590468
  0.36826758126258186  0.37908599205633403  0.39077441158274329  0.40219406148447107
  0.41306475991148317  0.42475341676839318  0.43713245847877785  0.44846540123470896
  0.45963408131865685  0.47086248637567285  0.48135728498832570  0.49111029952548862
  0.50070701586290955  0.51043589453564331  0.52055085549252045  0.53084567127325732
  0.54102938697468528  0.55160640438917918  0.56304911554745918  0.57559327387501935
  0.58865435908648400  0.60090209182369314  0.61183652880160611  0.62238507137943289
  0.63362567604997866  0.64448717608447792  0.65443610231775784  0.66402641354044678
  0.67418216346366100  0.68465557259175069  0.69504301323449591  0.70583168566767751
  0.71681036506414653  0.72722201973186362  0.73758961788375632  0.74784413322741150
  0.75755911420651090  0.76734514828492817  0.77700814013717712  0.78736420189012768
  0.79718628397916536  0.80689160914805647  0.81653977039635017  0.82678953893959850
  0.83740163284939240  0.84834893984688919  0.85936095166834414  0.87044941883169125
  0.88128096120580357  0.89220941779645868  0.90260386254192115  0.91366499691629632
  0.92549587308780978  0.93733974037653289  0.94769698647404066  0.95710993674476585
  0.96741338028565338  0.97798975603609450  0.98866792113776680  1.00000000000000000
 -0.00282677349054738  0.01104903053924092  0.02190950686883636  0.03254517482076073
  0.04236839193220525  0.05324313084273138  0.06411356908800690  0.07541421727971913
  0.08637111466561458  0.09627183714951300  0.10659409325031777  0.11630119276563158
  0.12670216455641575  0.13714905333129995  0.14894473875346753  0.16118114711503020
  0.17210281690845791  0.18242383304333690  0.19250544349592502  0.20242072547133708
  0.21242876557673068  0.22221552548935991  0.23203132116517403  0.24195995475640220
  0.25266252440983783  0.26427613445115261  0.27510714851652696  0.28525540752638712
  0.29508849110376978  0.30469915275173587  0.31442313923893195  0.32392336428598500
  0.33335712931465183  0.34274518846367502  0.35248989158536403  0.36327258806247043
  0.37502336507927814  0.38684422423008180  0.39811707971858457  0.40879710423296306
  0.41918622695019003  0.43020348957363197  0.44094369562338770  0.45113495686698490
  0.46136307626216488  0.47183490373985720  0.48319961453756227  0.49523385632033717
  0.50742022771944417  0.51995821372894080  0.53310090580263036  0.54588325581231678
  0.55861201419873485  0.57097770541944115  0.58344707203874857  0.59614100118492241
  0.60848159812586511  0.62022870109215278  0.63137541081340098  0.64208937339653138
  0.65295784030504622  0.66386389465938533  0.67398176245027352  0.68374994834239944
  0.69375791065507364  0.70392537544478329  0.71360272278486048  0.72273567552277240
  0.73213133216802240  0.74196826826935280  0.75171562864565167  0.76145179473914226
  0.77134817188707161  0.78147947749725799  0.79218901394826646  0.80254568379910252
  0.81271829005547325  0.82247336919539904  0.83192590921961551  0.84137318383687631
  0.85109363521782821  0.86146072146145813  0.87208187864987441  0.88236377720410197
  0.89239196846131064  0.90266878371152270  0.91317091714428189  0.92359175563595397
  0.93389672898361065  0.94422323760459270  0.95446197199939897  0.96410956395880620
  0.97309255333821898  0.98158117295386360  0.99027527260976689  1.00000000000000000
   61.153412744860276       -1.0000000000000000     
 F F F F F F F F F F F F F F F F F F F F F F F F F F F F F F F F F F F F F F F F F F F F F F F F F F F F F F F F F F F F F F F F F F F F F F F F F F F F F F F F F F F F F F F F F F F F F F F F F F F F F F F F F F F F F F F F F F F F F F F F F F F F F F F F
  <DiscreteSampler_grid>
  grouped_processes
  1 # 1 for a reference and 2 for a running grid.
  10 # Attribute 'min_bin_probing_points' of the grid.
  1 # Attribute 'grid_mode' of the grid. 1=='default',2=='initialization'
  0.0000000000000000 # Attribute 'small_contrib_threshold' of the grid.
  0.5000000000000000 # Attribute 'damping_power' of the grid.
 # binID   n_entries weight   weight_sqr   abs_weight
    10   10   3.854988810372812E+013   3.061740669912828E+027   3.854988810372812E+013
  </DiscreteSampler_grid>
