 -0.00220063363307391  0.00814731951936148  0.01788876252260893  0.02831389990150864
  0.03936374560200636  0.05075668948950128  0.06229419230030870  0.07385708869698820
  0.08530249801453740  0.09688841012080980  0.10907426211491481  0.12137422853899608
  0.13235491887997228  0.14210543669061865  0.15168405786817971  0.16146774322358087
  0.17122149517847746  0.18058892381966754  0.18981217706038225  0.19939036998372026
  0.20909428250797293  0.21914900824238870  0.22906296362437167  0.23857232160064926
  0.24784208460233312  0.25739054362642638  0.26794017838637102  0.27924331128028412
  0.29048554257717107  0.30221033318319962  0.31431944865280742  0.32660895172882209
  0.33951194507763272  0.35218217148302638  0.36360591965030942  0.37424466524152711
  0.38400053409839369  0.39309058166919308  0.40258582091519773  0.41227482877116040
  0.42192278777929010  0.43170356366673085  0.44194642707021281  0.45247911402278396
  0.46270140108441732  0.47259316554836805  0.48270381636115889  0.49331543494266838
  0.50436023646122619  0.51556905841059808  0.52584187962120810  0.53515823505358340
  0.54431484765514648  0.55356716774241055  0.56247899217831665  0.57131776592735917
  0.58008232659793257  0.59029793146580745  0.60170812846034838  0.61364479358530433
  0.62611701964405331  0.63892537879184785  0.65204268579671565  0.66440275095299162
  0.67516109745623876  0.68506731788336073  0.69503783508459560  0.70526363969271344
  0.71535583628827615  0.72514470715934765  0.73540276117295578  0.74603679055131622
  0.75600370914020576  0.76584063553679227  0.77586891213472520  0.78590734824835362
  0.79572754175947724  0.80564102778084201  0.81587336377409314  0.82608826143306724
  0.83640444579355389  0.84647441057868378  0.85593629026216145  0.86596589439149796
  0.87607203765813257  0.88867239689547617  0.90069110526406326  0.91122027447122489
  0.92193409089351885  0.93130976893168305  0.94144494398346079  0.95099685920112154
  0.96094997614832534  0.97223171716759749  0.98480092405432273  1.00000000000000000
 -0.00053591598431922  0.00610891056389520  0.01314928814910519  0.02103324821584244
  0.02987839518704515  0.03902547804976632  0.04827222610299085  0.05730929726443171
  0.06697346936734300  0.07711338459916534  0.08674137090349009  0.09616640522644562
  0.10560344528567628  0.11495930263076080  0.12434489738158651  0.13394665400361516
  0.14328461448066443  0.15287367127567378  0.16227446023901135  0.17309799604921514
  0.18510949878052377  0.19744426847093816  0.20965508276844680  0.22120675507889190
  0.23183557423946471  0.24204363123626038  0.25201275914368376  0.26224983627208276
  0.27262371080841324  0.28302247691679872  0.29317038853388627  0.30268256399638321
  0.31182891358938963  0.32094673461371792  0.33053883169003717  0.34090216958630321
  0.35138773891539388  0.36132031093070333  0.37085089789613140  0.38033634894182100
  0.38952679605293905  0.39886873989748139  0.40857057158987620  0.41900095858007763
  0.43043255135713476  0.44181948251651854  0.45282515819449731  0.46325130030574424
  0.47337408932186198  0.48397065014733898  0.49492690134069722  0.50665106495527046
  0.51878381476635083  0.53029075753906385  0.54181762982326842  0.55337544448220588
  0.56453375134155026  0.57518537871479114  0.58627869676057620  0.59788355228526768
  0.60945379411269907  0.62094626006747522  0.63246048698676161  0.64331504488873137
  0.65298141836131562  0.66232334326377362  0.67202376602900160  0.68166803380501817
  0.69109205282036601  0.70012798884267169  0.70980501675539887  0.72078471412206879
  0.73403707829714626  0.74748997874830758  0.75933971665963906  0.77011217477257110
  0.78079654319102165  0.79121391123154772  0.80076898863968993  0.80972471713626326
  0.81902297009888614  0.82846578540329285  0.83826168972998050  0.84821741393100492
  0.85921859246881849  0.87096250158435606  0.88213821231813572  0.89294329392887928
  0.90349581123997091  0.91375251502108867  0.92505222365033046  0.93615330946505060
  0.94962852627770522  0.96386346656874655  0.98120661055169356  1.00000000000000000
 -0.00810383674090641  0.02270505063557613  0.04589183451093409  0.06924939289798678
  0.09226802696108292  0.11480693854126421  0.13548156160964431  0.15538346963746552
  0.17585939585984670  0.19605060960477447  0.21588200349637926  0.23851141309054058
  0.26185943398425904  0.28471269907360508  0.30745614676842287  0.32999390243134985
  0.35236346172436450  0.37461379320080457  0.39671789847863637  0.41878855340920529
  0.44102006140029637  0.46324587029663117  0.48545478145605064  0.50769518639638800
  0.52996464831387746  0.55285911783472419  0.57592227478125679  0.59955550776217159
  0.62356164901006905  0.64922925399251852  0.66664658564550716  0.67654579436808393
  0.68974582632732540  0.69051076421105861  0.69210997665596730  0.69658843232293688
  0.70138577540584457  0.70612173214352636  0.71086106540277971  0.71559240805205504
  0.72035365721781830  0.72517197860083793  0.72998298595474542  0.73476971545996905
  0.73959950801426422  0.74448755833227498  0.74931293211932015  0.75410102759094089
  0.75889011095269632  0.76372273581781391  0.76856970536246305  0.77340144611680406
  0.77824060726945588  0.78311218246812486  0.78803447046868491  0.79297392434217939
  0.79799491608032869  0.80300124047658450  0.80791482762337241  0.81276524497817559
  0.81770001905255796  0.82274996610121365  0.82775048821965680  0.83272923406399380
  0.83774879008586756  0.84280590775448894  0.84781977198618041  0.85283046671824392
  0.85788649873091261  0.86296626362144557  0.86807131025094308  0.87323251576815530
  0.87840216076573185  0.88356942731380839  0.88878289574430902  0.89406047437502789
  0.89932789634344623  0.90451175996844035  0.90972152571417286  0.91494319372516164
  0.92012094419303447  0.92531989821022953  0.93061283460252453  0.93590427386768971
  0.94125505652260688  0.94669754791283600  0.95211390920111627  0.95741422972927659
  0.96270162919434432  0.96801783242392436  0.97335296133380578  0.97862254270134919
  0.98390491427879212  0.98927069444065452  0.99466603534821718  1.00000000000000000
 -0.00257615298263975  0.00994143945741287  0.02058528494239426  0.03128166907042011
  0.04187699228543119  0.05213114755458791  0.06257448135722628  0.07419849055174478
  0.08618943385059004  0.09791329394847806  0.10938674283640459  0.12095627438439542
  0.13279236489446622  0.14464968961227070  0.15564361983096420  0.16608243258724745
  0.17612420585821018  0.18613704918076646  0.19576703761694839  0.20512943514755766
  0.21521096712560128  0.22560092605491575  0.23659300296551655  0.24780032783481884
  0.25919904951732087  0.27077072116950207  0.28251719985107904  0.29421062891783145
  0.30486795389448729  0.31505498764618389  0.32422421866121903  0.33332818694198657
  0.34199542429726965  0.35102954003824560  0.36068960443094761  0.37101189639197613
  0.38213725047885833  0.39364734948527358  0.40400740316382311  0.41425775438281287
  0.42432101320660875  0.43463736652221807  0.44502719780826938  0.45569973677558645
  0.46590719105174888  0.47606581821899074  0.48682808372645203  0.49774273551090503
  0.50843271881198182  0.51955888136821293  0.53314234183250264  0.54677906063921744
  0.55795708972244173  0.56845711382493713  0.57763245530886631  0.58684321272377504
  0.59588864816398779  0.60554195641396691  0.61575796149562290  0.62633017587472750
  0.63704308174974700  0.64776322067065839  0.65872733901898184  0.67020237073453082
  0.68151960486054708  0.69161816609779869  0.70111045959453500  0.71085409093111973
  0.72156565040147680  0.73221978362321261  0.74234118285109174  0.75215221832098800
  0.76146349809528768  0.77049278968823853  0.77939938375365181  0.78831400100051807
  0.79818751493543316  0.80828264445617015  0.81834441335168295  0.82869095365567946
  0.83858265926479292  0.84823849599584134  0.85809846153748537  0.86811036376091288
  0.87815890014783515  0.88780971351152815  0.89786999530336242  0.90910043509673044
  0.92062162426565886  0.93187661612703765  0.94329438640827212  0.95482873212756947
  0.96641544816322134  0.97772206331896705  0.98908856830588932  1.00000000000000000
 -0.00319178281389572  0.01204251448434960  0.02439487272994416  0.03662793405658235
  0.04749929721630997  0.05799198979915575  0.06873527533180161  0.07959416479275308
  0.09001278497812761  0.10037066768603965  0.10949020073242703  0.11770608689976005
  0.12586098040841395  0.13444642207367893  0.14350001481210192  0.15246206153299774
  0.16156905119650355  0.17162325381648202  0.18383205896798757  0.19594994384776804
  0.20787588427716228  0.21939688559080484  0.23060836191425804  0.24192030272974871
  0.25313445480401053  0.26464385075889657  0.27560485028569326  0.28761448834651809
  0.29968879161911499  0.31274577239213824  0.32560561226887486  0.33851125897830708
  0.35081286026658054  0.36223062036977521  0.37298148628660638  0.38370812871457627
  0.39434415605528444  0.40411261894607764  0.41377119184220840  0.42360524233080038
  0.43303630812380051  0.44193307501126655  0.45062752016159768  0.45972880073436129
  0.47006558642654450  0.48096603506707170  0.49182344693783203  0.50255955286639731
  0.51268649062044258  0.52221512366249334  0.53187469157428169  0.54197187578314665
  0.55284840021587500  0.56389713688199161  0.57576919650311342  0.58713670645776872
  0.59801320772445510  0.60890490645626927  0.61963059175040036  0.62993852219626367
  0.63971825205800181  0.64975859268531688  0.65959919635108577  0.66935611627551361
  0.67883469085790515  0.68828706458619526  0.69777540847602237  0.70726655617640055
  0.71693754962067446  0.72663394795766723  0.73644840057568839  0.74599507940737386
  0.75566742641562401  0.76626364095554167  0.77686272850830562  0.78674130708971968
  0.79603261342763643  0.80491000140343949  0.81438841549952212  0.82491473118746805
  0.83596567618082540  0.84699845445664801  0.85765226979254960  0.86902022824083469
  0.88026518795539510  0.89201194283671614  0.90445332123759881  0.91677283799800580
  0.92869184194920318  0.94000152684504168  0.95084923967601764  0.96123442622216915
  0.97066503920305058  0.97996276858866027  0.98986357314164874  1.00000000000000000
 -0.00213341868224441  0.00892129219664426  0.01845195734868967  0.02834722222112775
  0.03780054540025071  0.04697927727902131  0.05575130578552359  0.06497309901120818
  0.07425808164617283  0.08399463635460049  0.09415017928166534  0.10450285440099978
  0.11538611038960724  0.12640754268013313  0.13712381252639461  0.14762184522711841
  0.15796406619818881  0.16842410519146842  0.17910231034531429  0.19026090109318231
  0.20231534878104379  0.21458666519089503  0.22657123324528516  0.23846494572169616
  0.25022393630078726  0.26185611085286997  0.27368916977314345  0.28613522578422407
  0.29749027097561537  0.30814815734133522  0.31803272650793218  0.32757340053266626
  0.33737159958657886  0.34735237253847506  0.35787197052661912  0.36842262650763669
  0.37927481525828138  0.39092179757772394  0.40292644192383931  0.41528310484264203
  0.42770942995775885  0.43955644230028351  0.44949188118088673  0.45958565221844161
  0.47039519311011568  0.48124996256811692  0.49163526549828385  0.50179045347398232
  0.51195993717848476  0.52192232522721971  0.53122082921220726  0.54051224795715003
  0.54989950084281369  0.55967831437533699  0.57016573129413639  0.58077992734655226
  0.59111615715058119  0.60111001947690612  0.61103916334726882  0.62122255200581133
  0.63151851555187466  0.64290242834950562  0.65238763272574518  0.66253455423346541
  0.67160751558997511  0.68089192580646041  0.69056629287025506  0.70072185715172153
  0.71147155194280509  0.72271262260783553  0.73468475830246149  0.74723876738422379
  0.75997404300728544  0.77259790606187539  0.78526161607570966  0.79718096816331896
  0.80779640430256605  0.81845872448663004  0.82912736704637868  0.84003915071847668
  0.85127041249547419  0.86212495562585512  0.87250488661542702  0.88262175710318047
  0.89260444333673716  0.90246595201161306  0.91208587981394129  0.92224201820070917
  0.93268750328968020  0.94265705720070836  0.95223260296939471  0.96183770640660338
  0.97170862634710220  0.98161043740540277  0.99104300008426938  1.00000000000000000
 -0.00224657978950809  0.00866817101234531  0.01732981071828025  0.02719071830902962
  0.03667837299049068  0.04672561954761656  0.05587345531613574  0.06502089469297455
  0.07501119771359578  0.08505434923575059  0.09599970287197804  0.10624650735845613
  0.11626827291619543  0.12669125808143133  0.13728156908470368  0.14789787799679627
  0.15830891683864809  0.16898571343037277  0.17925725975086376  0.18955970387540186
  0.19964149610275436  0.21030061620617738  0.22138831464032280  0.23266618057387356
  0.24428902142435660  0.25581973362222443  0.26674056158265375  0.27734772514675671
  0.28762582390774000  0.29750094899933971  0.30720957167452462  0.31677124022112024
  0.32674415111337662  0.33736628636239507  0.34775999915926925  0.35809603923711159
  0.36787692380700249  0.37827093539595147  0.38965390383373111  0.40139316677927983
  0.41261660261087563  0.42308758809981295  0.43291473858811941  0.44290908507150611
  0.45313933757942043  0.46338581567548387  0.47445296739307607  0.48578903653406591
  0.49749408299019127  0.50872736781436823  0.51980287520314783  0.53088425107523285
  0.54169640751026993  0.55221287063812752  0.56245581182723103  0.57305730682475986
  0.58380807046765792  0.59438789709584983  0.60540854464419069  0.61811315867927696
  0.63042077876660552  0.64122601468448859  0.65205591646278371  0.66352048517407136
  0.67516965812352914  0.68738610017450641  0.69884326227446314  0.70928201691998438
  0.71934768834776563  0.72912794246287937  0.73817521321664326  0.74766481695759679
  0.75771678568096679  0.76858071202038836  0.77910224481825774  0.78894493058207948
  0.79945471129018830  0.81176601562281669  0.82337451109889415  0.83537470844516060
  0.84614265946889378  0.85681705303104450  0.86746338418262625  0.87748751720473916
  0.88713196809630879  0.89641625228579247  0.90652920946339943  0.91659979742074416
  0.92710912365910803  0.93772786859612178  0.94928974310153258  0.95991242993358072
  0.96974917519209392  0.97940710523879493  0.98989222918185416  1.00000000000000000
 -0.00252908193675249  0.00904076537607342  0.01924274486495937  0.02933827515565937
  0.03969263256402902  0.04939069102758017  0.05880887222147980  0.06850772387616519
  0.07825798636667614  0.08773614631046152  0.09652011638947865  0.10600472687545380
  0.11718048406292446  0.12983718142021233  0.14273097930183923  0.15440872750948934
  0.16622395311914007  0.17750987898763471  0.18972343192524616  0.20108205875522636
  0.21249698461179145  0.22350064091547986  0.23356334241543819  0.24321381754643701
  0.25327045241914242  0.26350528743750873  0.27349595722214620  0.28342908784491133
  0.29350727233735296  0.30428416786298379  0.31437918523330355  0.32407158549986365
  0.33398625132402721  0.34380536403245293  0.35348290538542343  0.36270754512845915
  0.37176480622742936  0.38207284769651828  0.39297999940627926  0.40369049759538284
  0.41454626655770677  0.42675519387112393  0.43970391526392094  0.45275500472406816
  0.46555461062644199  0.47724216608260062  0.48776877485309000  0.49793836032225641
  0.50856674765987897  0.51924020620165035  0.52966130060714400  0.54012431970335228
  0.55146916929789958  0.56286595637187997  0.57398896661068366  0.58534244901125354
  0.59656911378826694  0.60743150191074158  0.61754762591960854  0.62755577045810917
  0.63780307256330848  0.64831841503678056  0.65904435409617701  0.67024776449268597
  0.68216015927041729  0.69416023534520876  0.70640894401813270  0.71934101647918469
  0.73156160907896239  0.74216256477025977  0.75213476204507912  0.76218062027842481
  0.77197666788563690  0.78103966146916470  0.79018819107683302  0.80033125311161291
  0.81147990350394961  0.82226119976090306  0.83267015816955359  0.84281582134608946
  0.85294178371461349  0.86309897989754758  0.87321716690200291  0.88325173541745006
  0.89328629878673416  0.90389427178136739  0.91470840295805877  0.92560956124577087
  0.93665308254076429  0.94682733775873129  0.95634251052592179  0.96497710852923790
  0.97355363274171947  0.98209815026778657  0.99082319491529880  1.00000000000000000
   61.230218616671834       -1.0000000000000000     
 F F F F F F F F F F F F F F F F F F F F F F F F F F F F F F F F F F F F F F F F F F F F F F F F F F F F F F F F F F F F F F F F F F F F F F F F F F F F F F F F F F F F F F F F F F F F F F F F F F F F F F F F F F F F F F F F F F F F F F F F F F F F F F F F
  <DiscreteSampler_grid>
  grouped_processes
  1 # 1 for a reference and 2 for a running grid.
  10 # Attribute 'min_bin_probing_points' of the grid.
  1 # Attribute 'grid_mode' of the grid. 1=='default',2=='initialization'
  0.0000000000000000 # Attribute 'small_contrib_threshold' of the grid.
  0.5000000000000000 # Attribute 'damping_power' of the grid.
 # binID   n_entries weight   weight_sqr   abs_weight
    10   10   3.976737582961423E+013   2.668482754572262E+027   3.976737582961423E+013
  </DiscreteSampler_grid>
