 -0.00228328742032584  0.00846993201896840  0.01827745553340534  0.02786143102875312
  0.03793536261348121  0.04916352374807501  0.06009621529601247  0.07003053175542394
  0.07943450352845756  0.09094153909568890  0.10260219419826876  0.11455083886930743
  0.12618218552922000  0.13770969696734608  0.14888208723991911  0.15962040065708036
  0.16964948794335319  0.17919591418306197  0.18892690768818085  0.19887744269727933
  0.20855496095760767  0.21809431050488781  0.22807174445074019  0.23926147562948161
  0.25079081630479355  0.26180298880930025  0.27190396083992047  0.28168285457459430
  0.29156345294890146  0.30184132849747641  0.31231763274571872  0.32244934407357900
  0.33297690783755529  0.34392913079796872  0.35461919423814453  0.36564266209380886
  0.37623582479608819  0.38829674009708093  0.39982085075073237  0.41102851355732772
  0.42203291251272723  0.43286028128842752  0.44382309522558783  0.45461899117999105
  0.46512468574501781  0.47591385071477404  0.48719147795393347  0.49818020819047398
  0.50817831410142744  0.51788658346987371  0.52819953734929759  0.53886098048209286
  0.54962080975503791  0.56019333380555947  0.57066948120167604  0.58066341787737075
  0.59037326778530819  0.60050871640329939  0.61087626756242985  0.62120722932720895
  0.63155353959736116  0.64219329314757034  0.65302561987737251  0.66395557648330294
  0.67515524571404162  0.68619183199623335  0.69749605979591989  0.70902370846656260
  0.72080814189723008  0.73283280999789602  0.74384299060536752  0.75473657568074171
  0.76540302818069583  0.77490488141135128  0.78372690763544850  0.79273179651372694
  0.80218360703897573  0.81082653679861583  0.81887344932696826  0.82674264460420244
  0.83550000997457174  0.84589040764766277  0.85692600124633211  0.86857809026259714
  0.87962775801413384  0.89001015572619613  0.90058638035610217  0.91153670334230075
  0.92274054092525115  0.93430900924826221  0.94533973764491119  0.95630143672098922
  0.96694453362787891  0.97785986604035291  0.98893605720204480  1.00000000000000000
  0.00006570144856781  0.00425015031120227  0.00875585362828456  0.01366082749696372
  0.01908279323426978  0.02501604721552602  0.03130683681767660  0.03838702158894974
  0.04587394745116539  0.05395996656349016  0.06240653939937370  0.07168383021505313
  0.08136997110886576  0.09069052157375138  0.09986984018481612  0.10917706791046672
  0.11839891994035126  0.12781999335202979  0.13780975412153101  0.14790455774555522
  0.15777728140419395  0.16733793077643902  0.17733049609457965  0.18677118792575539
  0.19576634661094269  0.20454672899388054  0.21400725779698421  0.22442862010917594
  0.23540536588121774  0.24669389482526477  0.25836623560609012  0.27020365734533969
  0.28211097521573852  0.29441977419405108  0.30696895887012021  0.31900212993787103
  0.33073418280670419  0.34204060232754474  0.35352492956304271  0.36557670634853018
  0.37751540759552665  0.38851066679910079  0.39908720583597890  0.40944670217291129
  0.41970717300768295  0.42966178334366939  0.44028165960910604  0.45220995237861333
  0.46439665357762949  0.47609863162027860  0.48797323135397364  0.49967057704139195
  0.51015489799411440  0.51985849830980946  0.52952596356104109  0.53946729198372545
  0.55031505826387284  0.56113785723892573  0.57289993185156085  0.58542091453622647
  0.59847585216569676  0.61185255980186815  0.62580341534637640  0.63941946338501399
  0.65239480227959434  0.66442533059513786  0.67576161560499914  0.68722104673824047
  0.69874498257847073  0.71032868680029593  0.72197160673092831  0.73376740670038265
  0.74527349930977904  0.75640042203682312  0.76694390559581727  0.77695010473894055
  0.78727181988779182  0.79862222991410192  0.81032836621201421  0.82124616863182187
  0.83211754553833905  0.84322680101243386  0.85479632688143659  0.86545365168590860
  0.87591294183566226  0.88599530808156968  0.89565025602909032  0.90524846215998256
  0.91506214909657768  0.92414465828943260  0.93291806672487565  0.94279417845158275
  0.95312548335482128  0.96396751989795404  0.97711888430432903  1.00000000000000000
 -0.00793745711361188  0.02273356445027760  0.04591574747931432  0.06916018987841359
  0.09226630562467086  0.11510909235561492  0.13611547650891775  0.15582221628849444
  0.17612396364860045  0.19629381310191374  0.21589591034021835  0.23662793318194414
  0.25823764923005360  0.28008577389192285  0.30198502747280626  0.32390343715729797
  0.34589807034323566  0.36809720691885472  0.39045009678533821  0.41294790000553355
  0.43547412307214522  0.45801772992709822  0.48074313511825667  0.50340026192249587
  0.52589779779631396  0.54816646340284503  0.57022639100169448  0.59403237165815892
  0.61854764432013853  0.64489019470472764  0.66985476905182584  0.68554872952633261
  0.68990937853424783  0.69122004650849023  0.69394135133416202  0.69859015893828658
  0.70336064149649202  0.70816023516217952  0.71292687554088441  0.71754186045077450
  0.72211915004188643  0.72680020511859456  0.73157765574323563  0.73632367492514117
  0.74110460235433973  0.74591041155625426  0.75065091296584885  0.75539818135232395
  0.76022139923427179  0.76506551393663069  0.76988125277056585  0.77468543271734769
  0.77953510956656469  0.78444205132150935  0.78941397727610518  0.79440946524301481
  0.79939741806664733  0.80435708297678410  0.80930534639626828  0.81419981077541592
  0.81911117932970501  0.82413552911724774  0.82914431615962281  0.83412056152578251
  0.83913284396928822  0.84418442635900215  0.84921025224259239  0.85433827454338318
  0.85950252489266088  0.86463499812848998  0.86969415045875864  0.87476099021900100
  0.87987981173429086  0.88496521722024180  0.88999369169827081  0.89506692367861318
  0.90035967813230577  0.90578572941391000  0.91118476124414838  0.91646364397406144
  0.92159126517236867  0.92658336248884832  0.93153147907489975  0.93662329806293942
  0.94180417071178335  0.94700068621460898  0.95216283727168793  0.95739262008285120
  0.96263916289716644  0.96786535132773843  0.97309531891626422  0.97835967888337405
  0.98370721571387365  0.98914276179119409  0.99458618739199145  1.00000000000000000
 -0.00216557780510549  0.00808440932717486  0.01754045980045943  0.02751672889564926
  0.03811381179514734  0.04835693657038651  0.05810742960259439  0.06949414197656548
  0.08094722090970216  0.09254726015559722  0.10304095570805964  0.11396725467546760
  0.12376032024009216  0.13429617965451499  0.14422135825111643  0.15378821034943932
  0.16311910254986403  0.17320169379850298  0.18364783905007809  0.19438468542020759
  0.20490070331296559  0.21684325046158770  0.22922029441001643  0.24105044445519472
  0.25162327456099459  0.26166625635365298  0.27154975900803435  0.28103946872290253
  0.29030064914442094  0.30003690536615546  0.30887033498167404  0.31801975145839229
  0.32733736455885076  0.33750374755228635  0.34824230320786925  0.35899592830588689
  0.36958111097981361  0.38030407876168842  0.39156918442937083  0.40365820362096722
  0.41593832811703974  0.42732436238306054  0.43824552557862745  0.44949107307234015
  0.46077048717892438  0.47172098782828542  0.48277207596384680  0.49376649817604656
  0.50531100548566121  0.51666735869876856  0.52904952581548836  0.54096800107130472
  0.55400889220679483  0.56599562214233434  0.57722741742234385  0.58787029308223282
  0.59804367084464605  0.60834258962822652  0.61902160129131689  0.63014714910257730
  0.64113233354030263  0.65187996776114843  0.66251099538077507  0.67254151372437820
  0.68212169718541260  0.69207971531041135  0.70237385797730556  0.71257184852536182
  0.72286825593851822  0.73405559531629627  0.74576724534836669  0.75744843309423371
  0.76871670025850891  0.77937578237113492  0.78958733065004827  0.79991461668034658
  0.81022410149715063  0.81931056039796724  0.82748534484267267  0.83570673979578258
  0.84428779668818943  0.85327374675704371  0.86277873089882251  0.87214230858522124
  0.88335133028453705  0.89516072101907485  0.90565156944814940  0.91654082564640549
  0.92785870682934768  0.93879676677962787  0.94893934521531009  0.95898200539264411
  0.96987705615921382  0.98011704065343286  0.98992268900516178  1.00000000000000000
 -0.00191572471696628  0.00815187766621103  0.01718382893688421  0.02660302685289746
  0.03643479704363563  0.04674737721008119  0.05726154858529839  0.06705591846315614
  0.07668539797273943  0.08669796108277324  0.09738257234914292  0.10858029316411001
  0.11852984401120231  0.12787903113518637  0.13721099470924830  0.14694482825047259
  0.15719514393125772  0.16807641103751333  0.17954885145187607  0.19078311062616440
  0.19993544672967009  0.20927292501400999  0.21855367407804810  0.22774227083283255
  0.23666508535037095  0.24566586746889146  0.25603097183782253  0.26616573759749207
  0.27561651176558666  0.28488383419470859  0.29543783834924120  0.30739645420374018
  0.31906771258991057  0.33027472483116921  0.34176018380130679  0.35263341904428097
  0.36319425566115882  0.37384896616505903  0.38552626967457254  0.39679492400372091
  0.40727592600089046  0.41781755744932780  0.42847410546809966  0.43913599414180182
  0.44990107820791081  0.46047070758380204  0.47050666843489958  0.48000414351178572
  0.48914430878335546  0.49806967497796978  0.50700577834894167  0.51571589167275689
  0.52530912405072228  0.53586194762259165  0.54737871750831613  0.55808038360919288
  0.56892855785242047  0.58004676576721648  0.59113708183223845  0.60256917369155105
  0.61438254703624295  0.62602958459650282  0.63730112980013198  0.64865008733827056
  0.66008146357769559  0.67116877510052575  0.68184841225229542  0.69411959443298610
  0.70668262237948132  0.71817906173536938  0.72930060846136646  0.74030392865000427
  0.75159979797639287  0.76311645448961740  0.77424884233596880  0.78502092107947785
  0.79585019570202342  0.80653627589237264  0.81665338965094048  0.82633268115551628
  0.83624147739007770  0.84693233518541700  0.85828609891607577  0.86909651444944569
  0.87950147320667305  0.88909314676748497  0.89997177908950232  0.91122362098182952
  0.92283382483246335  0.93409812467399855  0.94726979185883442  0.95930990100282476
  0.96998699246586551  0.98034036368002797  0.99041400188018180  1.00000000000000000
 -0.00260599133194945  0.00983569436801198  0.02073585626926688  0.03163235887708617
  0.04259721724807789  0.05252551995169892  0.06243207544572761  0.07171046012205012
  0.08313650822103739  0.09298022197630196  0.10251147779806112  0.11183906826293731
  0.12065356074298540  0.12935906297201052  0.13831530342435502  0.14859172674936766
  0.16062468120176321  0.17254565748965908  0.18393553657222381  0.19341264847025627
  0.20190640852510872  0.21016935782804119  0.21895089751324850  0.22795922245916753
  0.23716123411043502  0.24643161063669311  0.25670273398124432  0.26844132751760152
  0.27959227130888165  0.29020769921541462  0.30113695175882965  0.31191136717714535
  0.32305866567448649  0.33370016515957263  0.34412196643020465  0.35427678353746234
  0.36403409382542246  0.37372650479803560  0.38342373005381875  0.39371625334353705
  0.40486407944639174  0.41617525040541137  0.42704702198500577  0.43737911491177506
  0.44740450298811385  0.45717354875591942  0.46677661897517236  0.47662981987648922
  0.48602940925222166  0.49567724964105930  0.50548228198743816  0.51572654258607398
  0.52639680730878802  0.53733114514800040  0.54763212932429095  0.55768437141530514
  0.56815727988148068  0.57899990528068090  0.58965216026311018  0.59988275035644067
  0.61136285762444786  0.62331550908144973  0.63500634607653372  0.64641480759432568
  0.65774675962469631  0.66946066072900245  0.68157784939753907  0.69355985612564897
  0.70541219375170350  0.71739949340398645  0.72938949437932088  0.74046887560640273
  0.75203103865534726  0.76361254463518313  0.77519058304084787  0.78608927349920477
  0.79756781911803853  0.80937459645086207  0.81984045069530276  0.82980106835150746
  0.84046700784261907  0.85063994852894864  0.86055659501561099  0.87025402337507207
  0.88104846371371537  0.89266473866513463  0.90341984720059731  0.91335506859121618
  0.92372009606497252  0.93425058256957894  0.94444522837896416  0.95438239233863476
  0.96503091759735937  0.97696154512037936  0.98848205514417553  1.00000000000000000
 -0.00340648874289180  0.01209101025459237  0.02485070723828424  0.03747355440992695
  0.04872395762114904  0.05978140707015665  0.07086701162531486  0.08175851419842761
  0.09163543773531553  0.10096263409450776  0.11094155731586680  0.12137943471339796
  0.13155359049166340  0.14111510280250300  0.15096858624911516  0.16186931908019841
  0.17308092284547325  0.18458491197488494  0.19519893438374866  0.20546679048757402
  0.21507691176535865  0.22387515982760628  0.23223268238326286  0.24029276469962396
  0.24857855124962366  0.25756451397623503  0.26657422854847224  0.27671016991031983
  0.28829939328322285  0.30009846046832905  0.31122486353648554  0.32246295797759783
  0.33318078987508504  0.34318667345074150  0.35225986754955518  0.36108291659704800
  0.36975557981127366  0.37891155648178670  0.38889406856651959  0.39993346528367330
  0.41155208946240640  0.42236232365597182  0.43324512947582278  0.44390485750299941
  0.45522004781259412  0.46651648331792545  0.47794632498684902  0.48973175829845633
  0.50111426087484001  0.51201954730221944  0.52323158889934029  0.53504571878418228
  0.54650071414314194  0.55757377640730865  0.56934287334980693  0.58113663144920169
  0.59173849429081160  0.60143287543366886  0.61096695654786526  0.62080605568099523
  0.63059881212690161  0.64068665112307532  0.65136581030793073  0.66238353357062718
  0.67347076258393124  0.68463881243792435  0.69521259916048195  0.70552887456577507
  0.71572655790386697  0.72576706573761551  0.73564028316864238  0.74540587396186742
  0.75582030196730809  0.76694834951042823  0.77743350581062565  0.78772556567357266
  0.79800196336651008  0.80844215977002565  0.81863279412041179  0.82865792293605278
  0.84058774337247621  0.85304398685852889  0.86582447312902755  0.87762410971382754
  0.88857411688438481  0.89934291474396988  0.90994773251513072  0.91947923371443940
  0.92812172655404734  0.93710178602859151  0.94709907320723830  0.95765581027739033
  0.96771850207649568  0.97721599345763333  0.98808264473879714  1.00000000000000000
 -0.00313405536745346  0.01145091638377144  0.02318171722316232  0.03411314725360177
  0.04456242384402959  0.05434006672541792  0.06417085857046956  0.07397470352355194
  0.08444366910941319  0.09522557867954994  0.10549784830191750  0.11448786062444280
  0.12349626386359251  0.13311477830711940  0.14241671144379445  0.15150902882224604
  0.16080005677088380  0.17023224537545908  0.18104286438252218  0.19137643635993157
  0.20106039304149753  0.21074344459888550  0.22014145967079632  0.22937979292794572
  0.23790939821268794  0.24615264761327404  0.25513404227674152  0.26510393839158802
  0.27534660569116376  0.28542495783883159  0.29641029541948472  0.30764907835148614
  0.31763823498688748  0.32742590629127954  0.33767700814284857  0.34835301124482448
  0.35875055593106775  0.36931378982354601  0.38068475644401156  0.39281997225492482
  0.40521186939945186  0.41699214113610694  0.42766391218860772  0.43763684267821218
  0.44747850200499545  0.45739664146460618  0.46748307887969176  0.47820648801252219
  0.48983204366497629  0.50129465084197933  0.51215434565253659  0.52326393945954708
  0.53440821035047426  0.54495716821397211  0.55484104318199612  0.56432025510210648
  0.57385989528595482  0.58389692443996599  0.59540312750252722  0.60821541391300538
  0.62126632750195665  0.63443963375069212  0.64697643445258324  0.65874376588070516
  0.67043285539457997  0.68202049175823531  0.69366028102939437  0.70366813404732931
  0.71410171195568395  0.72432608124362852  0.73446513102221034  0.74457059791724256
  0.75551445002119089  0.76755352246117015  0.77773363669927453  0.78735844356921258
  0.79703032422900688  0.80704352620077791  0.81693444210410915  0.82642110566156712
  0.83604442227878084  0.84627950216984071  0.85702333891761395  0.86802179712867322
  0.87980816476678525  0.89260639047533286  0.90513047170056327  0.91753927819548387
  0.92909113362410067  0.94089961136788924  0.95192037364649451  0.96280244673716397
  0.97279822134448068  0.98250052180107605  0.99131386218349615  1.00000000000000000
   11.500844638152167       -1.0000000000000000     
 F F F F F F F F F F F F F F F F F F F F F F F F F F F F F F F F F F F F F F F F F F F F F F F F F F F F F F F F F F F F F F F F F F F F F F F F F F F F F F F F F F F F F F F F F F F F F F F F F F F F F F F F F F F F F F F F F F F F F F F F F F F F F F F F
  <DiscreteSampler_grid>
  grouped_processes
  1 # 1 for a reference and 2 for a running grid.
  10 # Attribute 'min_bin_probing_points' of the grid.
  1 # Attribute 'grid_mode' of the grid. 1=='default',2=='initialization'
  0.0000000000000000 # Attribute 'small_contrib_threshold' of the grid.
  0.5000000000000000 # Attribute 'damping_power' of the grid.
 # binID   n_entries weight   weight_sqr   abs_weight
    10   10   6.353842156393389E+012   7.189911352544915E+025   6.353842156393389E+012
  </DiscreteSampler_grid>
