 -0.00204297614616642  0.00805587584862679  0.01662559811080563  0.02543014149786909
  0.03508032112614261  0.04479840720072496  0.05588770413660885  0.06730084608777480
  0.07862339223622274  0.08990810824974174  0.10126895634469653  0.11280762623056360
  0.12467767534311675  0.13623817137076630  0.14755835670712658  0.15857636473133468
  0.16905523704360978  0.17921251007040020  0.18899770240164690  0.19763277433481793
  0.20554011256507237  0.21363766452166635  0.22223783964188565  0.23181787373966867
  0.24232555914577344  0.25341988915531855  0.26513653377553265  0.27668481773088649
  0.28831172306971903  0.29938705570118240  0.31110564617344671  0.32099045465369769
  0.32995761244972172  0.33882417229312900  0.34775999355238929  0.35698012851022320
  0.36564332816413825  0.37452250723581021  0.38443299137877007  0.39493750548778961
  0.40379371235585054  0.41283202869671687  0.42246734173444739  0.43333669647722606
  0.44450030831512788  0.45563296820113819  0.46706311913220216  0.47908038218575938
  0.49089129517599173  0.50255915450585231  0.51363833867525233  0.52436456615846938
  0.53458226444958856  0.54403264525190864  0.55297140233148678  0.56170544110174714
  0.57087739669691062  0.58028181462897588  0.59030213531318509  0.60037900381929088
  0.61026050853910641  0.62049947643804348  0.63030678002648177  0.64096990923224151
  0.65222238154645351  0.66402778296582499  0.67568611657197608  0.68654333305131021
  0.69650107177953502  0.70609555033675753  0.71570391328122007  0.72583965182158439
  0.73630067191251414  0.74607875879893970  0.75536253146657839  0.76488292520635282
  0.77488662411784481  0.78536583417097994  0.79518932725258984  0.80502340290283081
  0.81527630721073219  0.82652920237515937  0.83895569411236004  0.85172731301976035
  0.86413341424027756  0.87574588254204055  0.88699695550314872  0.89820984769579248
  0.91061128240039790  0.92249053849426388  0.93434043155417956  0.94653258981356625
  0.95912663447991398  0.97224476552509953  0.98602268063263021  1.00000000000000000
 -0.00054221395150992  0.00695541814426530  0.01426745617717270  0.02173493720264223
  0.02946155504087388  0.03722982677870487  0.04541924825319270  0.05366586622637540
  0.06195228578373877  0.07168774389775540  0.08184455252183803  0.09275090028921670
  0.10420724714153069  0.11604187469836359  0.12706898658540239  0.13658424531588134
  0.14551233729099594  0.15433374076575476  0.16352592836872065  0.17294296466010756
  0.18209796639262951  0.19143163985320222  0.20200262822790033  0.21296120232362259
  0.22472028936212704  0.23487199340369966  0.24471989673304995  0.25509891389460726
  0.26524777058553317  0.27514830169646826  0.28446270887096181  0.29417994391117469
  0.30535279323962117  0.31602235735547246  0.32621729862684828  0.33696283268129523
  0.34774846696149897  0.35891164324797148  0.36962307100728170  0.38122935843325423
  0.39297956571243919  0.40430207757726938  0.41548528231644810  0.42659312031853092
  0.43776909699420874  0.44830202753123111  0.45857566249797033  0.46928674245466712
  0.48020480180733538  0.49088700672915725  0.50143454355817507  0.51263747839481111
  0.52425716667027800  0.53560258166639485  0.54634666753065508  0.55646327100566917
  0.56698355813248424  0.57781069001263075  0.58906737194150394  0.60040712838173138
  0.61131577319548125  0.62190197270533887  0.63307969188183344  0.64426507954879964
  0.65511493825987432  0.66584532076199843  0.67653812140012215  0.68706638660759389
  0.69726268020497950  0.70796903858666904  0.71856142270857548  0.72879027158450227
  0.73928213840857127  0.75061652959874048  0.76307470136066657  0.77572876888788356
  0.78809548841237842  0.80095330858714031  0.81300733869942710  0.82406961665269363
  0.83461101224589029  0.84505529655388134  0.85528601117222891  0.86545208212832980
  0.87585900291656238  0.88668450678357003  0.89768094110533148  0.90870643878422619
  0.91915021091352223  0.92862838777033474  0.93860875788862441  0.94858678821799780
  0.95855766083378191  0.96910665310115862  0.98253922999421628  1.00000000000000000
 -0.00890232670299497  0.01947117273332847  0.04384707475460967  0.06849640308632232
  0.09265234024810497  0.11588693649029395  0.13707827590268690  0.15695565347362650
  0.17739527115818535  0.19774899951838792  0.21781688398754823  0.23985456696276347
  0.26296843450506846  0.28581872615547071  0.30862214949451516  0.33131998975098231
  0.35393758269861719  0.37648723770697784  0.39885847973135941  0.42120288137345219
  0.44372208436992083  0.46617260186904880  0.48849068703500209  0.51059446454524149
  0.53254816775427016  0.55498972694231929  0.57754896635968578  0.60192301372301460
  0.62661567990092282  0.65375945543177671  0.67334983723912434  0.68210217840505805
  0.68999132930102691  0.69105952301590357  0.69321168521672594  0.69800706391743539
  0.70264359199761883  0.70729963029390797  0.71193875041248245  0.71659418009892739
  0.72135214810859027  0.72614335699322308  0.73088923911281189  0.73562277020023270
  0.74039852227320413  0.74523314547617681  0.75004895202533739  0.75482674473575506
  0.75964881628238246  0.76455810869585572  0.76952674491671402  0.77450488802620565
  0.77944783774103144  0.78435421086363122  0.78917994092101207  0.79405074916995066
  0.79893390538932629  0.80386139283574143  0.80878187458684248  0.81371990487600399
  0.81875523459481037  0.82383651190776863  0.82886269664451295  0.83386228180225730
  0.83891279791044082  0.84401603486005883  0.84912577266030109  0.85422588209806172
  0.85930704060145258  0.86438123621289209  0.86945821834278425  0.87453291451439596
  0.87960234714701491  0.88464124196233873  0.88973507750841074  0.89488283655919076
  0.90005334868010278  0.90521383052922433  0.91045836558688886  0.91566735245570452
  0.92082623431458721  0.92602511009430710  0.93126783754252696  0.93646062611551528
  0.94161688030665502  0.94683840349121351  0.95210546233250559  0.95739916500100841
  0.96269049116692396  0.96804540233866643  0.97341152916256179  0.97876072881362497
  0.98400696435774093  0.98924653142819052  0.99458596836603852  1.00000000000000000
 -0.00186941560454490  0.00810473020206784  0.01657257717393972  0.02547353994661599
  0.03465264943928144  0.04380744301544678  0.05295756909167427  0.06224890713830770
  0.07221885873373009  0.08251966556436774  0.09299226223023235  0.10395354044128124
  0.11552883655367710  0.12752348709110434  0.13872842816645942  0.14974022200797107
  0.16007106086236789  0.17062130193130637  0.18145001573477909  0.19204240873157630
  0.20213301164532130  0.21215195385234367  0.22215601295077944  0.23213238655849394
  0.24185175231691408  0.25159185928528444  0.26152590279706239  0.27200683280996402
  0.28336447436742240  0.29492839315853236  0.30634312077808923  0.31748715265090005
  0.32841210166731860  0.33914086887309242  0.35004623635067117  0.36098299119108956
  0.37151734783557611  0.38160960650470971  0.39141051750745753  0.40110354235633150
  0.41121098646131304  0.42124269648119339  0.43241636162726976  0.44438594042343438
  0.45675050434354997  0.46878671598546445  0.48030141270100346  0.49232521334943435
  0.50438898048020409  0.51689995099895303  0.52852441689077223  0.53958828984668328
  0.55032275773259398  0.56084230550317360  0.57159890481931508  0.58295496408697656
  0.59489383452835254  0.60647508822219487  0.61722429535936330  0.62750673487131237
  0.63798222687278838  0.64902435779829026  0.66036084482599977  0.67137049539559002
  0.68201913677086634  0.69305334298244248  0.70390639366264118  0.71400941546948371
  0.72382473211815912  0.73416435945171232  0.74469140360062303  0.75477873464716838
  0.76414032841088086  0.77368749909165768  0.78373475374803259  0.79408284758788272
  0.80507656675902872  0.81580898221940612  0.82597006261995454  0.83614021863660692
  0.84636547966420173  0.85600088949377329  0.86473909318569653  0.87335717566387805
  0.88279032809391988  0.89238340238322000  0.90176466732368232  0.91142381994483401
  0.92143219609187743  0.93219697006444480  0.94346619501427309  0.95491191817215448
  0.96582540435726960  0.97696887457795922  0.98829600858090150  1.00000000000000000
 -0.00239285875224330  0.00836002016892554  0.01783236757138388  0.02788668462297637
  0.03813672539341123  0.04823563826119639  0.05890045346008736  0.06979316217694922
  0.08085257552193069  0.09176282036698527  0.10213455807201990  0.11261479304322503
  0.12316961076558906  0.13477915217891609  0.14625834664308829  0.15707314914577053
  0.16817950059367037  0.18033597657234243  0.19341695899953151  0.20658557219495283
  0.21861776711680489  0.23003898838622319  0.24021470880284199  0.25050118466414240
  0.26097059122681959  0.27205915060798630  0.28291177783699739  0.29332601764849620
  0.30357199909731652  0.31380851923922332  0.32403351716168000  0.33446940484946935
  0.34558880364587286  0.35680193365959889  0.36806391791202836  0.37876803070057069
  0.38983952222286378  0.40051364721735822  0.41121122936346793  0.42148158876125474
  0.43258313690865302  0.44282361927382818  0.45283044197941574  0.46315638407719428
  0.47390177615587958  0.48491645727501903  0.49575687373677418  0.50694832638768361
  0.51802240124556675  0.52874901485389658  0.53927635582167077  0.54946369986260402
  0.56008458556163288  0.57100856119229193  0.58193306049738147  0.59254746866636498
  0.60336154961604083  0.61414660055099601  0.62444544755862985  0.63439324616866866
  0.64423330777203347  0.65363723606776525  0.66234870279820413  0.67134953010156395
  0.68076778830370244  0.69069957878916688  0.70123908239619903  0.71198243995342236
  0.72302587267459739  0.73399782658279977  0.74444278816584064  0.75436670850153653
  0.76420924179253935  0.77406085018760928  0.78434406664245637  0.79480349463634870
  0.80545837685093180  0.81611669278360466  0.82590009946796461  0.83516647467639538
  0.84424174967454446  0.85354863993833041  0.86345509970044665  0.87392711305871484
  0.88462453308522260  0.89521890477453692  0.90471563840384306  0.91379616757570759
  0.92267671693552311  0.93189710646160973  0.94209749695384681  0.95304764933906094
  0.96385148263170528  0.97528811084805489  0.98698996212008216  1.00000000000000000
 -0.00258257125995380  0.01097644129086988  0.02115666242416931  0.03014561708556811
  0.03934990385278222  0.04887565207946306  0.05855805643172110  0.06865604438117975
  0.07890542039989591  0.08882944397416055  0.09882353729782226  0.10901742738596194
  0.11929265213940626  0.12948674759098339  0.13978497051844940  0.15081718738936667
  0.16273814766481370  0.17449184668062623  0.18601452029787452  0.19659258931405652
  0.20749481739133452  0.21877845236042670  0.23028095199028678  0.24197419054261440
  0.25452251736130566  0.26654069799191765  0.27698016644211920  0.28637593354299851
  0.29582420456898451  0.30507597939514186  0.31387606130363382  0.32268545911031810
  0.33167865046285977  0.34116096305016647  0.35047311784061513  0.35997395032553187
  0.36968162557986345  0.37936187417671086  0.38891733177810672  0.39852987660112255
  0.40815671127357878  0.41825735850035090  0.42882099232636312  0.43891324656737857
  0.44811608925439900  0.45725475432077489  0.46738639961373196  0.47899796375223141
  0.49056314041151017  0.50239590511721444  0.51489376800228803  0.52746467888478843
  0.53970896956280656  0.55132998007897449  0.56223653095373483  0.57276613621883909
  0.58333837848832926  0.59369391652987291  0.60490052840020636  0.61691482270758213
  0.62836636557440806  0.63916026158191352  0.64933114857768759  0.65940275532552950
  0.66958363008593125  0.68006504762412268  0.69081700444065219  0.70197621056210424
  0.71398598396134527  0.72709017424811784  0.74100227522435702  0.75421397967584980
  0.76556439579223678  0.77608106482449102  0.78649217298330254  0.79659615980066434
  0.80658390366330623  0.81689492980941969  0.82872700071077010  0.84050793332873852
  0.85191892101484168  0.86230320884425227  0.87161936419773089  0.88043194168680339
  0.88908832828946138  0.89804461545889935  0.90735072571057962  0.91628790319676956
  0.92669978868739600  0.93747033944541125  0.94902273138309567  0.96086699406425302
  0.97188887231902188  0.98220297344180441  0.99114238048669534  1.00000000000000000
 -0.00325189675171018  0.01263025535792371  0.02455041727939948  0.03585405847927231
  0.04644377576651543  0.05601145599210063  0.06543999870681312  0.07433562746830802
  0.08293904839208570  0.09202101852568413  0.10153588665572624  0.11254721466057845
  0.12463342302101635  0.13592310096469609  0.14738869645632083  0.15697207366098087
  0.16644513232284378  0.17598174566591213  0.18584191588683074  0.19557142076596498
  0.20480834722564434  0.21469732994207361  0.22573112322753716  0.23740698319676895
  0.24963396777471872  0.26132023541842553  0.27228577691130146  0.28217474277392190
  0.29201304680151785  0.30163748003745100  0.31151763089610029  0.32162805161188951
  0.33182632752847752  0.34182093430978067  0.35197431499330134  0.36260053289877608
  0.37397843609112169  0.38588959760838520  0.39714305756340501  0.40677913879896554
  0.41680955285016086  0.42792212822591930  0.43887992291677963  0.44902669882590124
  0.45939332443027842  0.47042582314998638  0.48116317912593320  0.49133993451446767
  0.50144447265680225  0.51202631025923395  0.52303352126070712  0.53437326724088319
  0.54574383309035746  0.55648650751208151  0.56673997008380728  0.57689398014364779
  0.58740586877874112  0.59799792065553381  0.60808476221034213  0.61802461362736494
  0.62835489921130261  0.63903709015884658  0.64962526516348229  0.66045451297044544
  0.67192033442712107  0.68493280034685122  0.69728219091886534  0.70866951930443334
  0.71950603203334706  0.72995328407803906  0.74029757828865628  0.75017672390825951
  0.76090032206265301  0.77154027293228278  0.78223637090575060  0.79266216277045154
  0.80260758560245604  0.81242044876527908  0.82195022549741104  0.83147569376474084
  0.84117559177412859  0.85102733741106429  0.86189877822144112  0.87361163762730421
  0.88468041338529746  0.89532746868755031  0.90551923196919026  0.91653195783376895
  0.92779108883633288  0.93897013373990634  0.94855372825694606  0.95874416938350349
  0.96961874756320099  0.98066666609672914  0.99045251455634464  1.00000000000000000
 -0.00273430342458083  0.01063167357411032  0.02112417794022072  0.03114508881066975
  0.04099327320900917  0.05106211671402455  0.06109302522179436  0.07093458112927564
  0.08060405214623899  0.09056736253173016  0.10180044724962625  0.11262344847484404
  0.12362104472251163  0.13375031962527978  0.14461817717312328  0.15378910648312624
  0.16348516046731437  0.17259711953299700  0.18235568206399197  0.19125157419988384
  0.19948107136047286  0.20776203243664582  0.21743721032721433  0.22753580501466911
  0.23755301728870845  0.24739034321146564  0.25794016260737945  0.26937108340424354
  0.28030066245908070  0.29106074999133141  0.30158754967498025  0.31235932087846513
  0.32317556499906402  0.33375047283674569  0.34324202464936954  0.35323192306609824
  0.36388290291373881  0.37420217770008857  0.38360903294054621  0.39323491868486588
  0.40370335144158548  0.41412546199011546  0.42402450125946550  0.43372190992485044
  0.44391413657152567  0.45441964613974861  0.46410368954016223  0.47332959022651999
  0.48289316229110313  0.49310409408360806  0.50420261930284105  0.51528930021486274
  0.52562227376325010  0.53559753640756613  0.54565141977093945  0.55617677098112406
  0.56684843984240618  0.57719869632111653  0.58770398667370027  0.59878732492891418
  0.61050617397155094  0.62256786086633253  0.63401796293452728  0.64476387020868198
  0.65519971237240926  0.66548365831791711  0.67638959414971100  0.68817757736673735
  0.70070260881540158  0.71396767652784210  0.72690916028308883  0.73809287847726368
  0.74850937627974412  0.75857346388936131  0.76858023485135973  0.77868655676853438
  0.78850257185606420  0.79865719759242837  0.80841641034904299  0.81770034700488448
  0.82669618766663588  0.83616428904896167  0.84608668372190665  0.85646044633081619
  0.86745437388366597  0.87961269729722846  0.89248280975599992  0.90476051355341969
  0.91622918096888306  0.92745269647498985  0.93871432857072656  0.95031313443594201
  0.96255567832035238  0.97524554491034787  0.98778823089196333  1.00000000000000000
   61.409641479269972       -1.0000000000000000     
 F F F F F F F F F F F F F F F F F F F F F F F F F F F F F F F F F F F F F F F F F F F F F F F F F F F F F F F F F F F F F F F F F F F F F F F F F F F F F F F F F F F F F F F F F F F F F F F F F F F F F F F F F F F F F F F F F F F F F F F F F F F F F F F F
  <DiscreteSampler_grid>
  grouped_processes
  1 # 1 for a reference and 2 for a running grid.
  10 # Attribute 'min_bin_probing_points' of the grid.
  1 # Attribute 'grid_mode' of the grid. 1=='default',2=='initialization'
  0.0000000000000000 # Attribute 'small_contrib_threshold' of the grid.
  0.5000000000000000 # Attribute 'damping_power' of the grid.
 # binID   n_entries weight   weight_sqr   abs_weight
    10   10   4.755859841893613E+013   5.164659709244444E+027   4.755859841893613E+013
  </DiscreteSampler_grid>
