 -0.00213130518733295  0.00896578672247919  0.01871728593433444  0.02874623308705628
  0.03889134390190763  0.04899090637072350  0.05899654751969854  0.06902529276173686
  0.07910225791507708  0.08927843678694844  0.09960077845409090  0.11012089736504883
  0.12081704299200806  0.13156823935601689  0.14226657229972292  0.15280653338362915
  0.16336849381422244  0.17385932860773184  0.18446575647918001  0.19512260727458677
  0.20577137416484848  0.21625055900382700  0.22665798087559225  0.23705996055208689
  0.24757109284053905  0.25810091558419090  0.26868095012283011  0.27926178329300017
  0.28981140566115543  0.30039809233727804  0.31094346758163943  0.32148574698958249
  0.33203593391924635  0.34264646735649074  0.35332761794636458  0.36400233735012621
  0.37462510004674915  0.38516002022478163  0.39566557568705024  0.40617436163990511
  0.41664050632577321  0.42712583731334908  0.43766817157132587  0.44834589469166491
  0.45900946732928877  0.46962032598270681  0.48022243790466862  0.49077267603197727
  0.50127153288992887  0.51164272014121159  0.52213183966632182  0.53277196280569805
  0.54345521603024971  0.55405588422978691  0.56464690602196921  0.57536993550926785
  0.58600064713667743  0.59650385297649022  0.60692432828600285  0.61742074853305451
  0.62786351238776528  0.63824055896840981  0.64865503713356398  0.65918808565389975
  0.66980890464667653  0.68055488544850462  0.69134116134813051  0.70203503183902638
  0.71263488397777630  0.72324425128581027  0.73391031341830637  0.74454604145359060
  0.75510701947502412  0.76557751184496325  0.77601731677534780  0.78651348132255117
  0.79703895832358396  0.80753572975462928  0.81810860894201887  0.82882423313292075
  0.83959236756498357  0.85016816857496824  0.86055262985309133  0.87076381682110493
  0.88112830876043002  0.89150207931139103  0.90192032745345452  0.91229983765552192
  0.92290621173659115  0.93354073665251447  0.94417825756581719  0.95493746616900721
  0.96576240986649364  0.97668110012360132  0.98807288024366269  1.00000000000000000
  0.00024440184884129  0.00408471517344137  0.00853767902849599  0.01341946739081666
  0.01895376327321668  0.02547307775150440  0.03269529315618346  0.04019908227547305
  0.04837215356274447  0.05678282970239847  0.06543817708184646  0.07427795911174832
  0.08328699811485488  0.09249622483551594  0.10186845199624457  0.11155187281020258
  0.12132277272697606  0.13131870975659701  0.14119906816823244  0.15115043845069065
  0.16115151934448169  0.17137922219330609  0.18164278766033851  0.19184893462168257
  0.20208041395498880  0.21242609312773864  0.22278276556453358  0.23304362008348753
  0.24317182582882105  0.25333752070540627  0.26349772267295662  0.27361013004478807
  0.28380516970255526  0.29412345614362295  0.30451783377124442  0.31497071733908444
  0.32540109811443635  0.33589511121171928  0.34634164939651246  0.35679968316575972
  0.36726030225769579  0.37761547710897841  0.38806242275155195  0.39855057168348929
  0.40908213687684691  0.41949424565948495  0.42994852917536702  0.44051889666156613
  0.45112822563498212  0.46163579706377539  0.47211160401439417  0.48271781532888902
  0.49349461726813731  0.50420470942201689  0.51498860586490325  0.52578315850823754
  0.53671456968257292  0.54763855163844433  0.55850958532054129  0.56928580395991835
  0.58003019777832343  0.59082899830093338  0.60162010780678410  0.61240227076044951
  0.62320725764886509  0.63418097524625860  0.64510680526133557  0.65614451968479948
  0.66721469195568772  0.67838742660589402  0.68959080155575103  0.70084528487132469
  0.71210045505601915  0.72337220279271142  0.73463817297022049  0.74586658595185085
  0.75705905433300102  0.76829803655435436  0.77966044779848309  0.79106277477436726
  0.80250731626108995  0.81405703343469016  0.82575104165121838  0.83741622211852418
  0.84904151571275621  0.86071116865497221  0.87241817065065264  0.88410070682385300
  0.89596092139013084  0.90817380230021638  0.92081431830606475  0.93385879590156173
  0.94739586161480305  0.96193665403307604  0.97916195444677689  1.00000000000000000
 -0.00239822218160627  0.00959058937471141  0.01983452703068181  0.03023094566409917
  0.04076870587083967  0.05120391739267714  0.06168642602084037  0.07223552236534546
  0.08259357528674618  0.09305561801772495  0.10355585613213454  0.11423505417025191
  0.12489610933326560  0.13547611150335179  0.14602069186957584  0.15645846314116965
  0.16683448209256030  0.17716875683815245  0.18757448351537634  0.19817842763020480
  0.20905637545522635  0.21991928214045642  0.23058032574685719  0.24104980937945633
  0.25164595732584522  0.26219913507445525  0.27287812225048830  0.28349908582564404
  0.29423904375884630  0.30468894518815626  0.31511172346065774  0.32561471336469566
  0.33613597342772344  0.34659795802906607  0.35698139334983919  0.36748695989074182
  0.37773420662042367  0.38789653893711268  0.39794527096154364  0.40824791622718593
  0.41863676424112373  0.42912799326365780  0.43967284903720621  0.45014580193642068
  0.46056525097827772  0.47114279589675345  0.48175399859689616  0.49251741166295276
  0.50303018845624292  0.51363768853654612  0.52440538639258227  0.53521404859332800
  0.54576948594751484  0.55607207928117741  0.56651406995063203  0.57714627641069172
  0.58791189236997043  0.59842507531010380  0.60883562284807313  0.61913701705641522
  0.62947887310397987  0.63994795113125946  0.65062468250527750  0.66142295013229879
  0.67206821595624755  0.68262866192376803  0.69336457718900624  0.70421982940736749
  0.71492893233026322  0.72528742632483900  0.73567546828678887  0.74609191645633388
  0.75664146055886028  0.76717821276875575  0.77767956293132334  0.78832045627283742
  0.79899618579832832  0.80974142566351015  0.82040460633177525  0.83103331995100693
  0.84175073069079998  0.85244237913099896  0.86317106806765542  0.87385923620070638
  0.88447117736099590  0.89515618740486758  0.90576960181013288  0.91635826017317468
  0.92689491428558757  0.93747766207722227  0.94804082621273678  0.95829101219689550
  0.96858587820007791  0.97909849061028809  0.98959167953032323  1.00000000000000000
 -0.00260375203696293  0.01014375519570903  0.02060164581496816  0.03126324938170854
  0.04172891533522946  0.05208082758087503  0.06256065744522565  0.07305499146548544
  0.08356872325010652  0.09386554754002843  0.10412642964970145  0.11458168098606285
  0.12515904378571321  0.13582298101732387  0.14641466518303287  0.15699509020584909
  0.16767894521118565  0.17834442061947312  0.18874051823694907  0.19884121518142495
  0.20884195431805919  0.21903081707354272  0.22931582395103231  0.23961502638502871
  0.24996909666046524  0.26054755510373223  0.27112577343829652  0.28161306916167111
  0.29210714061826387  0.30283716778553005  0.31360153966752324  0.32412334587536656
  0.33456775591866278  0.34513239235627607  0.35590711192240632  0.36668137436317472
  0.37732585174158556  0.38787575521991469  0.39853532580909734  0.40923238018928493
  0.41999386786058396  0.43062267089244005  0.44126181352439670  0.45168656441582544
  0.46210168106239474  0.47231846716100268  0.48258748064623636  0.49285563975965541
  0.50321015889055443  0.51375808905562270  0.52434032599253544  0.53493430030941924
  0.54539300542380620  0.55572504420194058  0.56619964150875857  0.57671084894607116
  0.58725596237347200  0.59771113660090669  0.60828337560886958  0.61890249699251643
  0.62952270431948132  0.64010734716452600  0.65074844764233519  0.66137620413392528
  0.67196553628054967  0.68251118687261991  0.69314884150849365  0.70384875408668102
  0.71455660981592450  0.72517422880194249  0.73559729808054997  0.74587070952867296
  0.75611267983613117  0.76647265990948932  0.77688717658172735  0.78728541227737858
  0.79772366940808148  0.80825028718227077  0.81883452183985039  0.82941330745732378
  0.84007891949952396  0.85086087451819503  0.86163302582342760  0.87227568032034097
  0.88275171437679045  0.89339540996388522  0.90400466649331490  0.91466660508432140
  0.92528748457382637  0.93594565335630897  0.94654784874240649  0.95712726157796468
  0.96782046425817247  0.97864117872471768  0.98933387479593027  1.00000000000000000
 -0.00244745139112608  0.00967217757873928  0.01998405082693713  0.03065120992640010
  0.04129648520042252  0.05167552201837903  0.06202290829182685  0.07242514521687880
  0.08294714570985237  0.09338610964219753  0.10393534439534899  0.11469855671477971
  0.12536199516180827  0.13585062396850234  0.14631347345322918  0.15701810652984735
  0.16760194612870691  0.17827493859872307  0.18880007097085036  0.19956109258480362
  0.21020118004678331  0.22078631758755890  0.23153585080515202  0.24238244540637782
  0.25335750584292210  0.26395517461283746  0.27455312392878711  0.28527140303417153
  0.29600444543831878  0.30641396822838735  0.31673910055935284  0.32706952208055884
  0.33757444916417351  0.34802570249546055  0.35869985694630596  0.36938286453426195
  0.37992457141048741  0.39026700710915746  0.40074198481197970  0.41122574039115140
  0.42169875605039164  0.43205779958505319  0.44263815211925889  0.45322152687911160
  0.46390649836090070  0.47461171678218866  0.48541329606679839  0.49623817745081178
  0.50696093262461173  0.51766811411921732  0.52824819737405038  0.53878583006516001
  0.54930937068950914  0.55975623585304723  0.57018272736985376  0.58058012729967434
  0.59115590617306568  0.60178286145380655  0.61228783085941796  0.62285915871322650
  0.63345850985165986  0.64400527434840282  0.65428941112072569  0.66458683800721330
  0.67482714866726023  0.68499177957899737  0.69513388862810854  0.70551814002569835
  0.71619417540965791  0.72684227145825864  0.73724477402397970  0.74760591931970666
  0.75801681750995020  0.76852377854749787  0.77881984040996000  0.78921898346831609
  0.79962527134953343  0.81017055970953533  0.82061003377587372  0.83120650697951270
  0.84184499179468997  0.85248201857267891  0.86304931192618450  0.87358955946614303
  0.88411914175336181  0.89463177182550091  0.90515465210368984  0.91546517481777612
  0.92585505987964600  0.93623251897017901  0.94689408256389096  0.95744450954199267
  0.96800555013049472  0.97860905202630211  0.98928110341174957  1.00000000000000000
 -0.00229724464444495  0.00959349451161660  0.01979875119835459  0.03042252903984610
  0.04101939055556844  0.05169206534644212  0.06239508878465071  0.07289784847864655
  0.08323749905992672  0.09362825212097349  0.10406948586296835  0.11458993095961249
  0.12523868603745214  0.13594326549147159  0.14666283383069040  0.15732387575567491
  0.16801429849018565  0.17864751233250004  0.18917744352591451  0.19972830446835096
  0.21027796840954710  0.22086321503632880  0.23141051722475686  0.24202397861318198
  0.25248425580954165  0.26290269950449274  0.27329348682098836  0.28384551519394607
  0.29439411687834033  0.30492556239639906  0.31537398522493720  0.32593748977143755
  0.33651367853815806  0.34703509164742308  0.35730813651944643  0.36750732429284688
  0.37775324900529950  0.38814757303331326  0.39873170812686526  0.40944239529612125
  0.42017521574669076  0.43072760193737308  0.44119478093699799  0.45163734657842763
  0.46211350866359419  0.47259513677758264  0.48313111716322460  0.49371532770736826
  0.50427965420394194  0.51467408535872150  0.52496724415758000  0.53527252219258437
  0.54571158676761844  0.55629529121174137  0.56703976964244529  0.57780876787395308
  0.58858896278330697  0.59923199797353333  0.60986773694811169  0.62006618567328853
  0.63023751296346142  0.64037125228784209  0.65082193219799067  0.66125686840111597
  0.67173984859513136  0.68228212817412759  0.69293449215935055  0.70364424447869989
  0.71434251672020510  0.72513157182846644  0.73592098513839133  0.74669776053983250
  0.75728968447336054  0.76772288869626726  0.77807703317627253  0.78855245271355956
  0.79909707908153282  0.80960367368772468  0.81999797509554939  0.83040286389791584
  0.84081720354825251  0.85112641465891903  0.86142843587711482  0.87177969560704749
  0.88230199120739905  0.89287675780941256  0.90344804578555826  0.91400193413660968
  0.92466230911482805  0.93549347946257144  0.94635580358775229  0.95713415688804038
  0.96772416500693248  0.97844164561313240  0.98914879868015837  1.00000000000000000
 -0.00250521578921678  0.00942558225565260  0.01938958920649523  0.02967185060369687
  0.04000265888105069  0.05037337162683712  0.06062561041126343  0.07109647423129350
  0.08157683700430270  0.09218428781083271  0.10276330290490639  0.11337132535978849
  0.12403901589739408  0.13458822145408164  0.14517811017794241  0.15580288833675987
  0.16654815643909660  0.17707676157917074  0.18764313517763515  0.19833063210829388
  0.20921506726969138  0.22008066823161437  0.23084032612352354  0.24158015343556066
  0.25235333864976262  0.26286866616065180  0.27337446424364359  0.28372355494855478
  0.29425042677941959  0.30472154207664937  0.31544134040254057  0.32613373113460570
  0.33674601494746303  0.34723654719420866  0.35765988517695746  0.36831257572188081
  0.37886312208481143  0.38934711818060247  0.39960813152374947  0.40991653302024894
  0.42047859843772267  0.43125100463495619  0.44195227500683598  0.45261830093688687
  0.46321031881820540  0.47388720563485381  0.48452114870109081  0.49501142075595300
  0.50549118212201294  0.51587961042244157  0.52635252477675587  0.53672801892056632
  0.54715546371234691  0.55758931253062938  0.56804482133905354  0.57841304895058754
  0.58889062968849937  0.59960329112668187  0.61032600048669117  0.62073584184168096
  0.63095238254314334  0.64123418883877548  0.65164900336285425  0.66211560729694530
  0.67255304680305350  0.68318694119382628  0.69380219064923432  0.70443596467780922
  0.71506232746753096  0.72567134561701707  0.73628900110122497  0.74689562060609427
  0.75771896441824915  0.76855497724990751  0.77917073745492704  0.78966200627678429
  0.80016030802836968  0.81071938877024052  0.82126618033072574  0.83171354656058061
  0.84235057817616765  0.85314669691870415  0.86385883990827139  0.87447863417202210
  0.88486418139414458  0.89539134944318344  0.90585293311094317  0.91643471483628225
  0.92691100672304272  0.93733530353337624  0.94781634328984254  0.95843790280818442
  0.96896691681739311  0.97934084880900196  0.98964674365856076  1.00000000000000000
 -0.00249713870099587  0.00952663997104379  0.01965276030303528  0.03029397785005839
  0.04072061800477856  0.05119940599887768  0.06163692421574465  0.07208777704201093
  0.08261005965517494  0.09307104391073713  0.10375126839363656  0.11440398079302237
  0.12505217731544285  0.13553143486188368  0.14600007611311597  0.15664123789175982
  0.16726662197380979  0.17800165690012421  0.18859435110106956  0.19929605232883987
  0.20991224206161066  0.22062242668603907  0.23117590395271018  0.24166112493040642
  0.25219108533453016  0.26260134220452758  0.27314743853441253  0.28358455089433909
  0.29426201155158910  0.30472558543404327  0.31526101314180166  0.32591593222139847
  0.33657168281042998  0.34709922468105880  0.35750653282651201  0.36798730982943323
  0.37859074599342696  0.38912954229823454  0.39969956944668189  0.41032005348421108
  0.42109709102699189  0.43182631975260005  0.44255637354205213  0.45334453524378948
  0.46392354216343462  0.47437421673210234  0.48480216368505530  0.49541699875980577
  0.50616839897399546  0.51668707647302814  0.52729299539175412  0.53773832215275952
  0.54835485803833584  0.55886004150804736  0.56924811965330990  0.57969526410470174
  0.59023435785161693  0.60075778130621604  0.61116955153715369  0.62158651118601038
  0.63217135238674638  0.64262898171528215  0.65282031882584823  0.66298592638187970
  0.67339032884963079  0.68400572264616732  0.69459929862709979  0.70512195561523916
  0.71554996571174823  0.72606971412360599  0.73666920130508973  0.74726595096321802
  0.75754098404892822  0.76786944621469633  0.77838783005341916  0.78905132645034959
  0.79964551140172546  0.81025399207644411  0.82097460993439531  0.83146894560032059
  0.84188453602809710  0.85225220676687097  0.86282077820169945  0.87331567819096667
  0.88376278130088115  0.89425598177755528  0.90480091417571307  0.91546456432549994
  0.92606328845726482  0.93668376965507671  0.94732994596540820  0.95793275686966728
  0.96841113644490529  0.97892324214475746  0.98940130878822274  1.00000000000000000
   16.172400822349800       -1.0000000000000000     
 F F F F F F F F F F F F F F F F F F F F F F F F F F F F F F F F F F F F F F F F F F F F F F F F F F F F F F F F F F F F F F F F F F F F F F F F F F F F F F F F F F F F F F F F F F F F F F F F F F F F F F F F F F F F F F F F F F F F F F F F F F F F F F F F
  <DiscreteSampler_grid>
  grouped_processes
  1 # 1 for a reference and 2 for a running grid.
  10 # Attribute 'min_bin_probing_points' of the grid.
  1 # Attribute 'grid_mode' of the grid. 1=='default',2=='initialization'
  0.0000000000000000 # Attribute 'small_contrib_threshold' of the grid.
  0.5000000000000000 # Attribute 'damping_power' of the grid.
 # binID   n_entries weight   weight_sqr   abs_weight
    10   10   5.079093799439263E+012   5.068993661192075E+025   5.079093799439263E+012
  </DiscreteSampler_grid>
