 -0.00237187478962310  0.00956526782675860  0.01950947657638881  0.02920635116256431
  0.03893712890897078  0.04948718748033713  0.06007359615399251  0.07003662005087004
  0.08001349302998670  0.09050088281922097  0.10060663486560521  0.11064283943653705
  0.12110264827619130  0.13214377269456956  0.14330044706440970  0.15344982961167178
  0.16287658405656866  0.17252817488126343  0.18222162808004058  0.19166423081192580
  0.20125998191288386  0.21136181868131373  0.22242519271860448  0.23304069964812552
  0.24353248680146855  0.25364619306615105  0.26378080272849680  0.27351810437186524
  0.28351023972986356  0.29365214253475719  0.30450843544924722  0.31636803547940467
  0.32909294474566325  0.34173762250890932  0.35359450652735974  0.36483728856815240
  0.37561791557001983  0.38605843760766678  0.39622420740504327  0.40634801381321906
  0.41678798377552279  0.42715938808089865  0.43652010600237456  0.44598939635404594
  0.45581389150105928  0.46700889688424985  0.47849007247237330  0.48895678621124811
  0.49862528953946317  0.50803248395099143  0.51731157121543270  0.52666866507289234
  0.53583263220683874  0.54511259145701485  0.55478838867602864  0.56497008815294369
  0.57548441920514881  0.58597434803108150  0.59651938815509598  0.60675912358146900
  0.61684907265065037  0.62713374968729885  0.63726395545230918  0.64720069884547937
  0.65708476622837009  0.66778299830786458  0.67994214528250552  0.69287369910847663
  0.70547607575014570  0.71712134587171106  0.72800515544135358  0.73879130809324756
  0.74925059992889664  0.75939865053688460  0.76968770407916043  0.78074447857387763
  0.79278433188020503  0.80560436116719403  0.81853229643014525  0.83127099255225800
  0.84368081436774012  0.85607816493716660  0.86822516960854401  0.87948162850311074
  0.89022465737023126  0.90129070250549792  0.91257720900189787  0.92260164503297748
  0.93219259342052008  0.94224457874144685  0.95241344694786323  0.96150388394417408
  0.97034294046527181  0.97957787480840119  0.98988367113617948  1.00000000000000000
 -0.00144806888208901  0.00818416314924678  0.01725892787724877  0.02593862307484989
  0.03444000753639716  0.04307805439927295  0.05208804828347818  0.06180897830956188
  0.07208135716993991  0.08176568028207122  0.09099095608253997  0.10036850031163205
  0.11024989701836328  0.12076998445734453  0.13184509656381774  0.14330462065767971
  0.15487375302719694  0.16609203807288592  0.17680695267196581  0.18683960993902496
  0.19639547819499975  0.20556824872086396  0.21514304005856150  0.22481582394280122
  0.23419104956974571  0.24317302840211510  0.25208860165214292  0.26107623296358579
  0.27034013408825075  0.27961658528471856  0.28872011802260095  0.29802204847219999
  0.30767203962892226  0.31780955863643118  0.32801530679277252  0.33806008254331360
  0.34803108412509093  0.35808627450893177  0.36857208951212228  0.37924053703821758
  0.38987030446153731  0.40049225752242018  0.41119859507526335  0.42152544359288113
  0.43140911967575574  0.44125614402049912  0.45135050959681466  0.46191207754312708
  0.47248137192370449  0.48291931783468045  0.49334068423556782  0.50363006372051455
  0.51336258518550182  0.52275301117942674  0.53223443443326013  0.54213201356388707
  0.55224529452081939  0.56217620859323980  0.57206060116839996  0.58260299074993049
  0.59394923300105018  0.60482944813824568  0.61560100787183891  0.62645816062255621
  0.63732015794403174  0.64794794487575291  0.65788095664709945  0.66760518670601310
  0.67746390431125780  0.68784637516277225  0.69927138276056178  0.71114606280277959
  0.72325535603556712  0.73498513484929473  0.74582617115211558  0.75704423947360833
  0.76857622117941371  0.78032444217349284  0.79207381430243340  0.80416053855145919
  0.81681503781328335  0.82946551308814009  0.84094034285429720  0.85189037196698958
  0.86283911435188410  0.87365704637479569  0.88474836947719937  0.89595103251264474
  0.90780363786829821  0.91887633302969807  0.92987730765313603  0.94123484843389194
  0.95296375685976342  0.96549955660821163  0.98046675485339674  1.00000000000000000
 -0.00857802466921660  0.02159507793601045  0.04575131535184891  0.07013696340469162
  0.09385777036584773  0.11636014560845027  0.13717111793713965  0.15684221150130453
  0.17714525549204652  0.19740367642744350  0.21741873590563335  0.23934135622653738
  0.26239347941428287  0.28481663796232437  0.30721683028245156  0.32977570718464522
  0.35211075507112433  0.37415078869573409  0.39634932975212095  0.41861301939706153
  0.44088541384488589  0.46309683034317173  0.48516396582571186  0.50722419112464590
  0.52927920339808476  0.55175403390860966  0.57441696214576243  0.59848731929479360
  0.62299233833317891  0.64863710230192417  0.66644823728592273  0.67851254042418063
  0.68820813208637266  0.69060112432886911  0.69201175058172126  0.69653255322447327
  0.70134091076478833  0.70614595400654201  0.71089690873023981  0.71565349953911805
  0.72042579159570408  0.72518259921108097  0.72998909447378535  0.73485958925280603
  0.73978575962568671  0.74466164480289465  0.74943991630578610  0.75420343926817501
  0.75902053635250233  0.76386720441471267  0.76876594187684266  0.77363744531907008
  0.77850148951555276  0.78344934713248426  0.78842418696592997  0.79334815921939428
  0.79824695014997660  0.80310366511948117  0.80799187384155247  0.81296093340427711
  0.81797985261678841  0.82302580825600236  0.82800710043412518  0.83296013521381340
  0.83796936146727452  0.84300797970986674  0.84809262323150503  0.85316151669724405
  0.85826672801364912  0.86341337763917037  0.86857342059834297  0.87380135953134586
  0.87897996180946147  0.88414559475687071  0.88925773628532800  0.89436320666846802
  0.89955340877644696  0.90480551329993264  0.91011220026497153  0.91539613968035793
  0.92060056842376614  0.92574260127073726  0.93096375070328485  0.93620022379399193
  0.94140767908080425  0.94662289851942938  0.95186226726393020  0.95711089598068810
  0.96238355469272074  0.96773012829923222  0.97314210395790834  0.97848280235500840
  0.98376596512494308  0.98911528588682507  0.99453055091976561  1.00000000000000000
 -0.00225325189698023  0.00905622025511427  0.01875617384093863  0.02882759051240893
  0.03890855886669162  0.04913006888105426  0.05999227418869385  0.07178373487775630
  0.08302448334735049  0.09408816442616182  0.10530261156174855  0.11609070488045305
  0.12639657112380229  0.13634555296099760  0.14621336807211543  0.15602708303473906
  0.16594500691380695  0.17622771857796263  0.18702467919395135  0.19707383967053607
  0.20644685901467960  0.21487519805773572  0.22328579186674891  0.23187517757238496
  0.24067798795570222  0.24984858060473930  0.25973916389863377  0.26967487084861108
  0.27952094464279070  0.28945977510325105  0.29962465448801773  0.30987154218793067
  0.31987386570140142  0.32965839184769768  0.33990443033918510  0.35052548092723645
  0.36184199923294735  0.37379979580808959  0.38592390545204402  0.39855223387191152
  0.41132439697785711  0.42368282284040404  0.43464937014206972  0.44495158783242394
  0.45450607724183856  0.46408242661651444  0.47397937087558489  0.48434834137862298
  0.49495967036507033  0.50552001896101906  0.51589181302683118  0.52590751060196450
  0.53540484441795677  0.54511819677919970  0.55473598685102610  0.56496808201850024
  0.57611606042148833  0.58678260745077138  0.59728267907768429  0.60771639783512299
  0.61790162334874332  0.62787823909951024  0.63769737419913552  0.64680508844726303
  0.65787233079929286  0.66915690705030684  0.68220778233323487  0.69468670391479015
  0.70632793613904243  0.71765542579693076  0.72895231413314709  0.74046046659052600
  0.75166487151686268  0.76174604912208621  0.77110555119414681  0.78038144557773093
  0.78996358162160185  0.79956758159250851  0.80880035814116280  0.81857353432912550
  0.82898823258060617  0.83909079562716238  0.84876794205743322  0.85910463335467757
  0.87061962157527117  0.88253344889897589  0.89440874032153694  0.90646555795456285
  0.91846607752134279  0.93002113485624949  0.94167946592103491  0.95342654334071053
  0.96515570270418871  0.97672832607611026  0.98800453418303635  1.00000000000000000
 -0.00305369405404127  0.01109502718036298  0.02264819563802015  0.03353476444378253
  0.04400607256515606  0.05411103056761900  0.06422146727466188  0.07403756046726430
  0.08379366855138158  0.09424876819643627  0.10402488909824414  0.11461193450076990
  0.12556763088408990  0.13712998532327081  0.14882120680322364  0.15962485082075847
  0.17028819802315692  0.18083919788736644  0.19255549898109303  0.20455413884478130
  0.21506477180813724  0.22444739964612614  0.23414365882016383  0.24413214227397304
  0.25429831149679105  0.26403060384626914  0.27448575860649888  0.28546993487002831
  0.29542780423223142  0.30467328935537835  0.31418320546014550  0.32386416463612033
  0.33309106502586777  0.34179420760566515  0.35081835974159981  0.36077694497765062
  0.37375623751109799  0.38445196339277865  0.39557160908562000  0.40531349586678606
  0.41622482085931461  0.42696688185695542  0.43785186173574947  0.44718702006765326
  0.45630056950039766  0.46600261606917226  0.47625168576188598  0.48656594994723340
  0.49630651504838258  0.50645688809884093  0.51705681534301762  0.52757352189761353
  0.53778799280546974  0.54738787840139924  0.55689600319299948  0.56654015264850999
  0.57640451042549723  0.58652264760621098  0.59678192299229926  0.60738756142335970
  0.61841989057242897  0.62913962859172490  0.63947034350259491  0.64937874272949581
  0.65907722392755075  0.66918341298179218  0.67959190003736514  0.69016354386177792
  0.70105285278441232  0.71272989972036271  0.72477070433594193  0.73606504096278935
  0.74641143985263625  0.75699086661181270  0.76790603121704493  0.77898625359589324
  0.78988690805367956  0.80181409841031048  0.81408911311144294  0.82623839597063597
  0.83846150776233430  0.85027007282568190  0.86218555225001847  0.87460729472388865
  0.88682997836018940  0.89890936401083232  0.91004284651978395  0.92084394382454338
  0.93165513382036569  0.94237903751197927  0.95332303642237393  0.96362956175670578
  0.97318869952213316  0.98257819469189001  0.99128000066119792  1.00000000000000000
 -0.00273902778739070  0.00993838737256965  0.02079524757425297  0.03213113312615805
  0.04371432944292428  0.05529402210003172  0.06666324156509680  0.07831576839730063
  0.08998176611022102  0.10119872690657715  0.11193684368968299  0.12246956256633788
  0.13265481838897442  0.14289825283552648  0.15221626189608531  0.16149130605258061
  0.17145658810433043  0.18231317843399525  0.19272969150217911  0.20212312148791178
  0.21151351395400830  0.22241281489266998  0.23386213559126667  0.24580723150815340
  0.25840545289624167  0.27119261776221343  0.28323802314992996  0.29457060724308898
  0.30523096369990615  0.31605075792496728  0.32752019721617903  0.33878223867769480
  0.34950180793106572  0.35939451656717020  0.36861562499026296  0.37811471123624735
  0.38788476161622337  0.39801339183988843  0.40809263702558612  0.41783529859814705
  0.42749224066326441  0.43746670125478188  0.44818655108416205  0.45970351000996834
  0.47100636268304980  0.48100122502490039  0.49005052000818561  0.49921838558601705
  0.50828316618654523  0.51705834445013166  0.52605042655558598  0.53515714511273205
  0.54437653800112362  0.55439413149826533  0.56448877449669144  0.57466049885599113
  0.58505096357569564  0.59585032328070342  0.60679852466623652  0.61828991947972156
  0.62954548543160171  0.63964303949774581  0.64988721342006206  0.65946764839807515
  0.66895962496880557  0.67813389481604269  0.68722287916645530  0.69644907269901501
  0.70583398533038522  0.71553867596166787  0.72588636463726142  0.73706725614072000
  0.74910899020118416  0.76089356446082201  0.77256703335886212  0.78417283984867481
  0.79542154466684389  0.80651804389871284  0.81808351011137481  0.83002956956938012
  0.84238248907749469  0.85449376731234050  0.86755078865551738  0.87956329292665325
  0.89053787456770683  0.90081934031148159  0.91055423079681119  0.92090029487142100
  0.93099707194886749  0.94095971436833503  0.95065795926105490  0.96014406404950658
  0.96961129762610054  0.97956847208452658  0.98969549535804513  1.00000000000000000
 -0.00305754960149927  0.01032741263530254  0.02221384260505008  0.03400516790978196
  0.04587998691330039  0.05735251030552562  0.06785433344182713  0.07767133685606750
  0.08723647681853976  0.09679745805523400  0.10607055888979906  0.11536727702425355
  0.12472225438158159  0.13505793506750471  0.14555118375361897  0.15579657857914342
  0.16594296366744579  0.17622188818571360  0.18697085440271308  0.19785133682248118
  0.20968773997479567  0.22190482512462212  0.23464247024138205  0.24762584037676155
  0.25838901454299934  0.26927748271806301  0.27988409507553341  0.29097891167681172
  0.30139617142114566  0.31193820369567188  0.32361330214794748  0.33558508822328587
  0.34753327777519566  0.35909450560906275  0.37009693509201808  0.38047643102944645
  0.39031629357593878  0.39980760571656354  0.40918840821908670  0.41848439682767835
  0.42783049808734486  0.43765355443792625  0.44759942803875047  0.45777807547837429
  0.46779431866579652  0.47769813021385693  0.48708501064648951  0.49579711455937381
  0.50432849042602612  0.51295498555732866  0.52223622312868101  0.53214599086550163
  0.54209329232263193  0.55173465742098826  0.56144585344612252  0.57254040685053764
  0.58349546397798657  0.59319468888512161  0.60300952400768093  0.61337681361378737
  0.62384139336439315  0.63342585841911492  0.64326972842328434  0.65366538750952485
  0.66375665397542216  0.67306475730897930  0.68242667116456202  0.69258636030194287
  0.70298380723984621  0.71356391824046161  0.72527264039325912  0.73735457156497730
  0.74911934437569061  0.76063208841750041  0.77201870399738726  0.78383982162788901
  0.79565819076411581  0.80721429782664078  0.81847250887528644  0.82927410409652935
  0.84037068866910503  0.85097946177627326  0.86142233060196782  0.87152669508587965
  0.88178774278611705  0.89263294668794491  0.90392993140940925  0.91610459563969648
  0.92666321739053870  0.93747710352502456  0.94676827891883053  0.95639377472132003
  0.96657158870087800  0.97737357298887118  0.98890347807589551  1.00000000000000000
 -0.00219119696056028  0.00880167541723043  0.01826680847617993  0.02843111806224918
  0.03910033356314103  0.05008895500515826  0.06103895922690028  0.07130267177757584
  0.08099025950971556  0.09064509483983965  0.10027966959812400  0.11169036985880854
  0.12402771647276029  0.13558044900998467  0.14657352855397959  0.15684111198135089
  0.16710158809513501  0.17802071857825091  0.18957055850594659  0.20128952739925929
  0.21284935352171083  0.22456144593449270  0.23619716065268248  0.24728280525342994
  0.25764461554433621  0.26767620367145156  0.27754735497973204  0.28750055302620814
  0.29720902298418095  0.30684302582640444  0.31640651610864812  0.32611766899433514
  0.33589127528686130  0.34535850290084619  0.35496942633275402  0.36487127897021565
  0.37431686504372147  0.38432467883357263  0.39327370693437635  0.40273049900841923
  0.41265367426718830  0.42332078244997912  0.43441521574399827  0.44524247806273837
  0.45610198729587431  0.46607301751103136  0.47588177103644869  0.48649456372108596
  0.49756590326321531  0.50776047932012880  0.51748754536918895  0.52774838039587513
  0.53902912324582464  0.54983551227055372  0.55999235743210218  0.56990767670713460
  0.57980194651813322  0.58936842215158392  0.59873388325494281  0.60851364090959614
  0.61890138634019931  0.62980543426889712  0.64117859971089308  0.65247751764199369
  0.66343865276213632  0.67399677371886413  0.68418178976863886  0.69393445428699863
  0.70387774891389743  0.71485183525239460  0.72685865185430143  0.73852678480120848
  0.75016121733229635  0.76134706058943435  0.77251862763761669  0.78322517757924404
  0.79392873391092156  0.80450101700046062  0.81534981446146437  0.82716130184510939
  0.83919629776460691  0.85171112108264579  0.86329133900070432  0.87479016584221181
  0.88631816336973257  0.89796313220053769  0.90931623662925287  0.91951502844214861
  0.92877463174043173  0.93822686456221838  0.94813584677849294  0.95766458622744710
  0.96682967398444353  0.97600557377760955  0.98693684454947983  1.00000000000000000
   60.710616969289966       -1.0000000000000000     
 F F F F F F F F F F F F F F F F F F F F F F F F F F F F F F F F F F F F F F F F F F F F F F F F F F F F F F F F F F F F F F F F F F F F F F F F F F F F F F F F F F F F F F F F F F F F F F F F F F F F F F F F F F F F F F F F F F F F F F F F F F F F F F F F
  <DiscreteSampler_grid>
  grouped_processes
  1 # 1 for a reference and 2 for a running grid.
  10 # Attribute 'min_bin_probing_points' of the grid.
  1 # Attribute 'grid_mode' of the grid. 1=='default',2=='initialization'
  0.0000000000000000 # Attribute 'small_contrib_threshold' of the grid.
  0.5000000000000000 # Attribute 'damping_power' of the grid.
 # binID   n_entries weight   weight_sqr   abs_weight
    10   10   2.718908375431520E+013   1.804403924148749E+027   2.718908375431520E+013
  </DiscreteSampler_grid>
