 -0.00236886912140710  0.00943489750417667  0.01857738983071773  0.02854582345228480
  0.03841173159012067  0.04829016279554639  0.05781549004236598  0.06809129966522962
  0.08015317748340200  0.09173797989970518  0.10308232741549681  0.11341046186154077
  0.12337823837250834  0.13200024428973609  0.14054031828666683  0.14927170465899264
  0.15840944239269886  0.16747781106494500  0.17623505253535879  0.18511703117631056
  0.19426025242414829  0.20346364333971939  0.21242123279673872  0.22114729711446887
  0.22996240972447715  0.23888813371235454  0.24777519660494668  0.25746001689891124
  0.26710179910109716  0.27783780983483186  0.28923572670184788  0.30069956907144263
  0.31165655957713112  0.32231065308776519  0.33262974285253921  0.34306091372903391
  0.35321605336562989  0.36342652116295143  0.37371789440186276  0.38438908880099232
  0.39449517286239361  0.40502301283149622  0.41526605088771734  0.42598411282652621
  0.43647070104415414  0.44686588419655676  0.45767408610269816  0.46888061291031458
  0.48020547264591401  0.49109857880007451  0.50209486241756773  0.51376976686631348
  0.52579293792100401  0.53762725904379494  0.54958016472943583  0.56146650610044291
  0.57304879033455147  0.58491413361981304  0.59683276891815318  0.60876847126599110
  0.62082943865948881  0.63302566314852837  0.64495068813560752  0.65624483183742321
  0.66774267588581293  0.67972443939778915  0.69144565209414743  0.70226230715675209
  0.71315485606833384  0.72363780261966848  0.73380090575513734  0.74333962021461453
  0.75355431658329997  0.76466075351372509  0.77595610848583596  0.78660615158848946
  0.79676438170805342  0.80708658261427635  0.81725304720607306  0.82811089143903216
  0.83968543327339440  0.85159827796363341  0.86245451210488189  0.87333566987656019
  0.88407633974408439  0.89515114873791723  0.90564091524423629  0.91576848085790952
  0.92624553908522089  0.93674129177336629  0.94712195099493068  0.95752234185351270
  0.96811088118831157  0.97879701145909392  0.98940295864567673  1.00000000000000000
 -0.00034017532892795  0.00633124503940692  0.01277010127587146  0.01982167913193110
  0.02729717570097913  0.03519818903585591  0.04318694816308683  0.05182118345259539
  0.06092614473078138  0.07068644721245285  0.08051663048856753  0.09120631090692172
  0.10223842563624469  0.11340492138651406  0.12426843422390482  0.13459889078326159
  0.14470144694083292  0.15497906809110512  0.16563280831737437  0.17640136051285418
  0.18724342444770561  0.19900849348273394  0.21139669887380561  0.22402821986720567
  0.23589189244888562  0.24670901258870770  0.25733564433361594  0.26789109995905874
  0.27778614958618575  0.28712310549719955  0.29649565973038949  0.30626121441698351
  0.31665187225222052  0.32761388029775518  0.33821212860609273  0.34836431939390222
  0.35808274642375904  0.36729694398882884  0.37675715768246876  0.38660825417781863
  0.39679933156352593  0.40761184837316633  0.41935520102958873  0.43176645089362664
  0.44352437737654093  0.45429324730981308  0.46498044256485349  0.47562525784299581
  0.48580915733055180  0.49553974757827429  0.50502808846433656  0.51498486787995890
  0.52523550669894337  0.53604250367868311  0.54723361820474758  0.55853371348408609
  0.56975748464137432  0.58092401375444225  0.59212046144852215  0.60358920800329685
  0.61510434972504591  0.62625860819603130  0.63692590282013883  0.64750031786316864
  0.65891509689431704  0.67016731157579201  0.67953537702117994  0.68913880703516528
  0.69897235440142447  0.70925970171016062  0.71890381913413048  0.72838047364711278
  0.73833836173583312  0.74861212564549773  0.75924421243139728  0.77026783588318315
  0.78167033177974965  0.79319261812042141  0.80496654445902982  0.81716782223192053
  0.82926643201312933  0.84016530416590507  0.84978027899726283  0.85937304058303299
  0.86918368418017455  0.87967926486196601  0.88998164129289581  0.90105041807965491
  0.91275424765150548  0.92387542597851746  0.93458105404082437  0.94522634994182275
  0.95649510100074819  0.96824023029372530  0.98151496089583967  1.00000000000000000
 -0.00834574376936198  0.02142629682130654  0.04529265362952652  0.06913929542238213
  0.09222515905891890  0.11451061124754908  0.13451410419219115  0.15391742059313193
  0.17387639371485014  0.19361126696120279  0.21313109573803776  0.23546258426484223
  0.25814493746055994  0.28038347114846618  0.30269905069530856  0.32511641404444624
  0.34776353579260461  0.37050809181384953  0.39289918705231169  0.41524713824638398
  0.43747496572820610  0.45957889350381909  0.48154546602861259  0.50360941441850327
  0.52571511328479836  0.54909413216570757  0.57268163487266877  0.59696915710035570
  0.62081481734415478  0.64391964443163030  0.66103928692722003  0.67571502397910410
  0.68986328944625286  0.69046705410586717  0.69221446130173758  0.69628924070273079
  0.70118426755720065  0.70596536917020636  0.71070282689276476  0.71544815748247170
  0.72027413485213965  0.72511377833089730  0.72989612702208317  0.73465256917531652
  0.73943150136387648  0.74421784519266831  0.74907047758995737  0.75396944969079893
  0.75884446127160077  0.76369918164557760  0.76857204712886285  0.77342582987780906
  0.77840053369104756  0.78339490092826514  0.78835724210851243  0.79334180012969790
  0.79828537508875708  0.80314908278583197  0.80799532362561199  0.81288461236377341
  0.81786236429543946  0.82289533492094336  0.82793459956452475  0.83301802823375448
  0.83806985975190496  0.84307563243780259  0.84807717129677407  0.85314304439063993
  0.85823921463319774  0.86334311973363442  0.86843675228015382  0.87355773754717370
  0.87874403656036670  0.88396820832038969  0.88920232690759160  0.89440894680333594
  0.89959986530576375  0.90477850508610091  0.90999229399265447  0.91523130570314837
  0.92050212764426653  0.92576017256567311  0.93105513949798846  0.93631739467555020
  0.94161666016145573  0.94694766311684542  0.95223345424065642  0.95748804498968332
  0.96278643733959879  0.96812308478127451  0.97345468306365557  0.97882919119445033
  0.98415986497921837  0.98940780291232955  0.99467599278746344  1.00000000000000000
 -0.00247391988608633  0.00975519305018169  0.02019922053454395  0.02934351695233989
  0.03866253856334223  0.04805445600454871  0.05789252007075660  0.06824538853226933
  0.07868838368254405  0.09047344012579751  0.10348623756007709  0.11428811607848549
  0.12452016933349346  0.13390652109493184  0.14377258341409899  0.15382034362893626
  0.16406880673293089  0.17398290057254270  0.18389505894364944  0.19382912930423746
  0.20414267431843872  0.21417244790822648  0.22384831872605285  0.23358666396849795
  0.24367271440616320  0.25370035214716241  0.26341993334005925  0.27367295111322903
  0.28409504019911380  0.29476651154345168  0.30559404180248106  0.31693302961288783
  0.32924663480283123  0.34104613426888553  0.35206435572973388  0.36253297785582039
  0.37290368887649056  0.38268289929773242  0.39204430840101739  0.40152347394388660
  0.41145348264753323  0.42170399222631172  0.43236418348344163  0.44358481636892161
  0.45558555336347811  0.46788918113464950  0.48013830753008352  0.49258384554722262
  0.50408574902260805  0.51402446096424403  0.52413257264940716  0.53390973707182221
  0.54398732814547912  0.55440898900578073  0.56473636058761945  0.57619037009862750
  0.58746112479527846  0.60011009152195249  0.61181800919123042  0.62415646192943242
  0.63752891021270419  0.64947336786211018  0.66042656104527431  0.67130933038235130
  0.68234063696713010  0.69291576753193052  0.70305051876264091  0.71349499302368924
  0.72439711335106383  0.73548965760442686  0.74667189406723822  0.75768112249146835
  0.76873842557539651  0.78001912693702946  0.79072128462684821  0.80045361340559973
  0.80968229577606421  0.81852278512736387  0.82742011582266217  0.83687006219859139
  0.84713921408570814  0.85795825834837436  0.86862410674459967  0.87908945726327059
  0.88861062076047559  0.89840609230553925  0.90794130841077714  0.91783321758062808
  0.92731404130110906  0.93672779349406010  0.94646703106676933  0.95593587269362290
  0.96619114124835470  0.97691893047274714  0.98823450630391263  1.00000000000000000
 -0.00286634110560522  0.01088759929940992  0.02194527139801508  0.03217868301991622
  0.04246075660283506  0.05326135417515308  0.06473486745946114  0.07673975411358312
  0.08776963669326680  0.09863852329624996  0.10910658560888213  0.11913394182345362
  0.12888151071952964  0.13808954176106356  0.14709067021302996  0.15575266681441272
  0.16425939372176016  0.17297970261578488  0.18212558975009005  0.19176516001381777
  0.20183790009636182  0.21249287355656879  0.22339836314735453  0.23465999807152046
  0.24620587102340477  0.25729620544996606  0.26848546778440291  0.27941620043322807
  0.29021764790283539  0.30061931294535471  0.31056595280236998  0.32030309133958518
  0.33021139701484725  0.34083053202287950  0.35158117439818448  0.36183066445908768
  0.37162571710445336  0.38158489657562444  0.39162993368582288  0.40157366047528659
  0.41078328179270035  0.42082885345122939  0.43182078662122186  0.44285884033055950
  0.45372765168476126  0.46395078753345764  0.47356334585420862  0.48322278461022183
  0.49311821846202980  0.50358637481444224  0.51448687902749679  0.52599466180678556
  0.53740969038128095  0.54792819071100451  0.55788782914081747  0.56770645360601524
  0.57748530551207777  0.58749144000063935  0.59724258081516624  0.60729146935082468
  0.61814647544831514  0.62945697529251610  0.64072176674057768  0.65125925034555732
  0.66125008158659326  0.67121533555505730  0.68153643088047899  0.69279152156589652
  0.70470054263782933  0.71706125196982373  0.72990072866239841  0.74282667030188698
  0.75529102521138713  0.76640562086990482  0.77757923733006118  0.78821871794124498
  0.79819937845115008  0.80765331053452705  0.81764862087370327  0.82801677298526877
  0.83836502610825769  0.84799220698309308  0.85787526825779437  0.86783731882454274
  0.87772528790152204  0.88742321408013269  0.89690233224523308  0.90806671971621478
  0.91921026377588799  0.93123724268118591  0.94509979106643838  0.95854967244217881
  0.97010670660065113  0.98061749298406931  0.99058541965626357  1.00000000000000000
 -0.00333962339208153  0.01184326487613452  0.02374449477140449  0.03505844785223750
  0.04578876521883310  0.05653077192679907  0.06640906333530280  0.07583732701471047
  0.08500236846297936  0.09524865146673922  0.10624139793737224  0.11723815582562014
  0.12824558365586022  0.13931915422169311  0.15043625444852604  0.16157704532515568
  0.17411969100771568  0.18685057077835787  0.19933367038625596  0.21148160914128566
  0.22338029069278401  0.23476547544583029  0.24568189117134528  0.25653670721739646
  0.26770234993777270  0.27889463687336341  0.28976877939794804  0.30057802821459750
  0.31168913012210259  0.32320579786800185  0.33454818728026681  0.34500934156088414
  0.35491821545548879  0.36469512059730419  0.37435154720975261  0.38391720781108873
  0.39354274606151013  0.40362536988513786  0.41430012020223356  0.42538924009498547
  0.43697608327164333  0.44907932772728087  0.46182541999563576  0.47502771793296278
  0.48602678157753221  0.49590975798708165  0.50556048583617197  0.51537164353361475
  0.52511939060628832  0.53464799182828282  0.54480417886757482  0.55601737554648245
  0.56669693145616140  0.57627685573772491  0.58543024929053888  0.59492551731499765
  0.60417291167524245  0.61265925475042682  0.62120374989003890  0.63076216929361384
  0.64097845556618005  0.65114307503439917  0.66141780390996974  0.67273436557181421
  0.68445868973658863  0.69573493200162007  0.70668838885909468  0.71750074181142642
  0.72851803164238749  0.73952929788466792  0.75080686841749766  0.76176736231817244
  0.77348921368989187  0.78503611975691312  0.79625651062944924  0.80718816361585077
  0.81805691020856530  0.82979790900227857  0.84035194890620524  0.84936812999882827
  0.85799417826146007  0.86671917132777943  0.87566547730447875  0.88432804055368586
  0.89255956054034746  0.90191468822505283  0.91210833456459806  0.92173343838064969
  0.93058440255215757  0.93931778153707335  0.94783034614767758  0.95627358890260383
  0.96569197378751404  0.97521696437164662  0.98644411332183701  1.00000000000000000
 -0.00244206191259288  0.00943575265313096  0.01963897442586596  0.03068860501908931
  0.04196709843667813  0.05227084312415400  0.06275037829063038  0.07403238895075870
  0.08582553244719678  0.09756834497095915  0.10965193243159038  0.12247213714628499
  0.13576988119647704  0.14930378751084189  0.16248049291513708  0.17347957861977298
  0.18364821662499908  0.19325835215974616  0.20228966107128318  0.21091685940306790
  0.21995717465673678  0.23010881234922656  0.24237596519759230  0.25369436495799996
  0.26469738777908686  0.27576697652282484  0.28665194317379517  0.29718405226860578
  0.30752223875444812  0.31774231167680672  0.32784443169849020  0.33771548459540263
  0.34810886663089530  0.35786600500821480  0.36851428646547912  0.37880257409536883
  0.38996234401606911  0.40102313791139682  0.41209098766878111  0.42273370195902671
  0.43268598785500845  0.44339924939150105  0.45423082908827295  0.46504288771818753
  0.47590379176822811  0.48688611578409829  0.49709315902206996  0.50616711238563616
  0.51465577981021249  0.52358217037570776  0.53345106605586012  0.54323610197063699
  0.55282107275848757  0.56213310526870375  0.57308047211808555  0.58350067137993433
  0.59327446321387844  0.60278587491947200  0.61267392813431354  0.62244412502504931
  0.63203099530000661  0.64210169608669976  0.65211762448950950  0.66252563210908688
  0.67250166836442482  0.68258249691993800  0.69205751030012796  0.70170256649242146
  0.71089524107486401  0.71956192273189645  0.72835627381173806  0.73714229617252436
  0.74596135292918608  0.75506300301148022  0.76444896400664197  0.77402479307052852
  0.78423759915173441  0.79522713516689869  0.80703547694674238  0.81883093529566053
  0.83015229826605463  0.84207002664663111  0.85416172998582074  0.86549549943506943
  0.87663513119105374  0.88913452733493326  0.90112436133768603  0.91255579697286060
  0.92391926379122724  0.93468894660102231  0.94528746993494439  0.95567475147344383
  0.96619391705331947  0.97735693524475986  0.98840390440990655  1.00000000000000000
 -0.00330107775663973  0.01076021145118984  0.02273042932130826  0.03436596426337809
  0.04619159094074553  0.05779177760833976  0.06873569035669816  0.07928267448073022
  0.08936001477950081  0.09871472958918937  0.10783945756038170  0.11700821846793115
  0.12555835533853160  0.13471123472129676  0.14376950737201724  0.15298571558086127
  0.16275065431267569  0.17290640324049447  0.18286942883900259  0.19224161238007115
  0.20133947108631461  0.21096647588538611  0.22165693530935407  0.23241491104622816
  0.24240036411968929  0.25210885555573986  0.26157754563029356  0.27148867046521480
  0.28236012985263709  0.29323223010293459  0.30333954933939394  0.31302687603630386
  0.32246507075811059  0.33173880095955255  0.34099236129820670  0.35035960131112287
  0.36034862643955096  0.37052944235785590  0.38065731300459810  0.39062508556756242
  0.40076802281237417  0.41064671021524607  0.42103679079381201  0.43235640058276020
  0.44354744856572387  0.45472531478138689  0.46516650614579391  0.47504071473669190
  0.48506682364864362  0.49597186334637194  0.50857308987365779  0.52221348498435649
  0.53549998121332176  0.54818996663580088  0.56000613610135819  0.57062043198922729
  0.58057149928384100  0.59085552772115968  0.60159946997448843  0.61261465362895251
  0.62439041096751113  0.63696437731615108  0.64974963732558633  0.66242172006810474
  0.67381018895747069  0.68434794338757454  0.69465802086396078  0.70483682383318136
  0.71552417519896461  0.72676481330244869  0.73884305699541364  0.75125252310315782
  0.76325403217662380  0.77472514281702942  0.78540701303363603  0.79625967921763363
  0.80690738946816887  0.81685619091568828  0.82623815399179890  0.83555160756952951
  0.84451632086204809  0.85432974785874949  0.86374696140811047  0.87314591970894451
  0.88284107672848344  0.89256806736803995  0.90282210585192668  0.91314746516733514
  0.92346352133189125  0.93392462306308766  0.94451979890317117  0.95520997717205280
  0.96560212065774009  0.97614830167007161  0.98735891453886637  1.00000000000000000
   60.767049616512693       -1.0000000000000000     
 F F F F F F F F F F F F F F F F F F F F F F F F F F F F F F F F F F F F F F F F F F F F F F F F F F F F F F F F F F F F F F F F F F F F F F F F F F F F F F F F F F F F F F F F F F F F F F F F F F F F F F F F F F F F F F F F F F F F F F F F F F F F F F F F
  <DiscreteSampler_grid>
  grouped_processes
  1 # 1 for a reference and 2 for a running grid.
  10 # Attribute 'min_bin_probing_points' of the grid.
  1 # Attribute 'grid_mode' of the grid. 1=='default',2=='initialization'
  0.0000000000000000 # Attribute 'small_contrib_threshold' of the grid.
  0.5000000000000000 # Attribute 'damping_power' of the grid.
 # binID   n_entries weight   weight_sqr   abs_weight
    10   10   3.930716489824953E+013   4.029351979063099E+027   3.930716489824953E+013
  </DiscreteSampler_grid>
