 -0.00300013378163309  0.01107593982431751  0.02267183073725855  0.03436478745067261
  0.04506750242811534  0.05514462697445525  0.06498579635654969  0.07526546932735854
  0.08604288887372027  0.09757887873468607  0.10977228201011009  0.12193094892377418
  0.13294208400312879  0.14302071954467208  0.15256364075880158  0.16230335338329460
  0.17259295671080516  0.18405859268439279  0.19715202039666507  0.21031880479516199
  0.22188268259283389  0.23203342624424644  0.24148888340290905  0.25089060292152904
  0.26043822586968179  0.27024953161674331  0.28054572854108001  0.29136909502823860
  0.30210604389478807  0.31273255291376673  0.32317158800475804  0.33424777124068900
  0.34560015596681931  0.35632440946998117  0.36604337761049299  0.37533329023286088
  0.38433396703270672  0.39317586249837605  0.40272126735945307  0.41276130139877937
  0.42412954502421341  0.43598013929820223  0.44809421779878422  0.45984715992001179
  0.47117543766196252  0.48270357883650683  0.49408591970726762  0.50545715726790896
  0.51661491277290827  0.52795066936552970  0.53873427291408693  0.54794746824699037
  0.55646570616224200  0.56554678669144931  0.57465519009700361  0.58388573953240541
  0.59304171571224307  0.60229612811380484  0.61254759581385476  0.62355841032105763
  0.63293058796446078  0.64174322127123773  0.64988444168289383  0.65805552415050406
  0.66682921754578228  0.67623758661910927  0.68591987953889377  0.69558814620210419
  0.70549628685801324  0.71578785495317276  0.72716043055508373  0.73823922279559562
  0.74949474413719164  0.76093312224434428  0.77213879330652024  0.78375116842641079
  0.79545790352166068  0.80744304046502990  0.81827780299889996  0.82794238917582441
  0.83774108064853625  0.84788381473004970  0.85738994726872819  0.86685714393764535
  0.87588497145785749  0.88628159934636708  0.89664377645265425  0.90749422549001824
  0.91827527445568680  0.92916659855747441  0.94010873979732656  0.95099762927364884
  0.96233627104924679  0.97363765911413680  0.98604693753873673  1.00000000000000000
 -0.00019720896850089  0.00521307307947063  0.01094762773764359  0.01708565052848414
  0.02388803000967015  0.03165380600774695  0.04008379832222061  0.04886802056678067
  0.05704818226985471  0.06605891291218362  0.07542795297545282  0.08539061079084312
  0.09576661653594588  0.10616583721015248  0.11636856351455975  0.12686853147161725
  0.13784200330881460  0.14898783222547710  0.16041055800033804  0.17105291626534119
  0.18130575866067022  0.19239432525541081  0.20314588408294784  0.21315515603410812
  0.22292844055558966  0.23323996570120234  0.24416152604656946  0.25523205414255862
  0.26602814652857354  0.27726346617568121  0.28899418304165536  0.29879621130902856
  0.30868890435077867  0.31883323713822814  0.32878407169599128  0.33806800310996943
  0.34655879546698065  0.35502055697420243  0.36351066577784813  0.37229509980845565
  0.38114291288175983  0.39058984348699843  0.40065325963616610  0.41101944180068234
  0.42141332303796752  0.43298486064648650  0.44406783601999150  0.45511423725181499
  0.46622945358221624  0.47657676319936637  0.48715238009925171  0.49742449808668004
  0.50943488844202567  0.52170101443340966  0.53427574672066380  0.54567285473873706
  0.55822466586521147  0.56902906177383239  0.58031632654314769  0.59062450857395443
  0.60065502840634888  0.61052921455319986  0.62043668325214052  0.63050282637508803
  0.63998338768248453  0.65001144423131618  0.66142363539789262  0.67291358352954156
  0.68358610174956547  0.69421735981211030  0.70514550412362054  0.71609239331736707
  0.72636029933758806  0.73712232128681732  0.74855957092464320  0.76104752196021241
  0.77342610387758115  0.78400781440332612  0.79472510014352282  0.80527950671480941
  0.81580154682559380  0.82566148400083994  0.83540575635559722  0.84573396104910126
  0.85586888896057034  0.86615289951118624  0.87680230260298109  0.88787903179966332
  0.89911324676870696  0.91107615025707367  0.92434796370208772  0.93892825639671329
  0.95292203761147221  0.96728294298303052  0.98295382386147923  1.00000000000000000
 -0.00832662582218725  0.01648377529404805  0.03927286897906616  0.06252309256330453
  0.08540087271897652  0.10765472140274360  0.12762797733839001  0.14641786948004118
  0.16575775145133947  0.18504187232865160  0.20425501328551388  0.22592579093523804
  0.24805470097694976  0.27021752346421457  0.29215114266841358  0.31387161414132680
  0.33607384837250986  0.35836016908023088  0.38025245975832461  0.40220608056534901
  0.42427979790935244  0.44651919390194733  0.46887117632044212  0.49147466818784075
  0.51421549898661600  0.53761999824515205  0.56120363951843422  0.58507601480616911
  0.60928969843393954  0.63371058814061354  0.65086046993906299  0.66849399698901890
  0.68871311791194989  0.69001169167404897  0.69136823319961338  0.69412658406996564
  0.69917163057620912  0.70396408254966392  0.70869014685555243  0.71342690464822578
  0.71822592928005335  0.72306599763668578  0.72787243185191908  0.73270497357284770
  0.73758677537406669  0.74249353784869854  0.74732695635884272  0.75214730508437144
  0.75699015472815323  0.76180716922710834  0.76666173124276271  0.77151339631886384
  0.77637304492592196  0.78126542909561714  0.78614939883068824  0.79106432238941982
  0.79605948842372898  0.80105395178558803  0.80600497180099440  0.81099801169961627
  0.81605082015672104  0.82104710924966984  0.82613160617176851  0.83127883414199277
  0.83639097458869760  0.84148099323521097  0.84661255128665569  0.85178586342185292
  0.85693217292532353  0.86209030664460695  0.86719780754348752  0.87233828917327483
  0.87757935067876625  0.88281973754192877  0.88801296169735222  0.89321918756308438
  0.89846410670105226  0.90373282475390793  0.90897071866485868  0.91422170409686687
  0.91945832384575654  0.92470882699448886  0.92999789388469345  0.93530052211999481
  0.94065719175559170  0.94604078684142767  0.95145090563794443  0.95683093172626488
  0.96215371138706651  0.96746393858084367  0.97286172266748905  0.97827774960352654
  0.98370805819202511  0.98913169593677563  0.99457851353085058  1.00000000000000000
 -0.00363278132734807  0.01235873868974385  0.02622334431493048  0.03899773639784841
  0.05039552937915832  0.06108987076684666  0.07193999560420689  0.08284316504441253
  0.09371899539629888  0.10524301726881718  0.11747145888558473  0.12951505533037727
  0.14115321002546391  0.15272477545275639  0.16407929536423796  0.17510516425559602
  0.18588307597343232  0.19602180820025517  0.20620267066586734  0.21669588775708740
  0.22749800596376069  0.23804314083646824  0.24852550415965441  0.25938625579129443
  0.27109169980405912  0.28305394885443419  0.29495087758939770  0.30701740349147327
  0.31797385710793657  0.32843203899860407  0.33896693735602362  0.34921606858062343
  0.35936210366709359  0.36963223351310925  0.38008282729590870  0.39056153884534772
  0.40082874464208912  0.41102313071502611  0.42116952178784950  0.43198714447916015
  0.44296700432387626  0.45378350193796274  0.46392444927632953  0.47349030559681149
  0.48323828045999134  0.49353565861412035  0.50459913442558113  0.51560491435190980
  0.52752300850021838  0.53927151121785699  0.55028029724404326  0.56085719134176437
  0.57140242168842548  0.58179364557355384  0.59196795708938887  0.60169424822751194
  0.61158281939426351  0.62149031724072068  0.63131291108295684  0.64112997302220154
  0.65120099329294401  0.66152121475557624  0.67087531052271676  0.67938546038076264
  0.68797658554441288  0.69726524127377987  0.70711065876643786  0.71715257961876122
  0.72758909931975457  0.73857263880891111  0.75016069979157018  0.76172470982767382
  0.77254440858404672  0.78243429075884730  0.79267511378355116  0.80350561536220211
  0.81348974365499671  0.82252260715535863  0.83167108654026733  0.84200331457049604
  0.85238489554260566  0.86164401949290437  0.87061749546655387  0.87960440687420116
  0.88849434784431947  0.89748004078710475  0.90676460976301687  0.91639468164331428
  0.92647290203351218  0.93658069846060488  0.94693918130551258  0.95794629778889351
  0.96831495261377487  0.97907701111855050  0.98908983038931886  1.00000000000000000
 -0.00289192769991020  0.01008790057176002  0.02069527882214406  0.03094216835473871
  0.04113158772147379  0.05126764739312459  0.06183055167027401  0.07262016075873057
  0.08457787138348605  0.09750988773490668  0.11029578894901178  0.12243219325621554
  0.13417693277760873  0.14576841406555929  0.15728540673908203  0.16940399689937860
  0.18184252532203315  0.19301319387496471  0.20330610758261206  0.21359830451665787
  0.22349126531215169  0.23279451325209563  0.24206976311043338  0.25203045713758665
  0.26250696586797001  0.27262172621451392  0.28221667305867548  0.29197505264877993
  0.30166368854910480  0.31125003305094018  0.32070780023123469  0.33015727504414100
  0.33975297388489323  0.34959570521417116  0.36009554011833322  0.37110528834337092
  0.38199760948920364  0.39300159296689668  0.40450842485800359  0.41623429227656172
  0.42754814395699692  0.43887171337593034  0.44895683171766626  0.45936276143244842
  0.46991889055906766  0.48042815185927579  0.49068435417388956  0.50104121346560504
  0.51152422983700851  0.52157996901240811  0.53120741063807675  0.54132952488711683
  0.55258685639323724  0.56404972289568123  0.57494702017580956  0.58527005663655229
  0.59581929638675113  0.60651385233376598  0.61762307674964789  0.62876142736018970
  0.63908759668389858  0.64888686635279202  0.65883815760716824  0.66883244461758184
  0.67868821900786569  0.68859808048893656  0.69879730448502098  0.70859268170618017
  0.71795930856828560  0.72747240714098549  0.73695751755634820  0.74654160539631287
  0.75545508048631271  0.76422085606729806  0.77339597129217152  0.78294371340973468
  0.79285982898261498  0.80370120598003458  0.81502193323049910  0.82711625170027669
  0.83914450859084688  0.85070020970681248  0.86225734571106416  0.87352415978808129
  0.88370857636091638  0.89342954048192869  0.90293939635155185  0.91248534612843535
  0.92228089182970663  0.93197709427915298  0.94199532760651861  0.95360300932569908
  0.96525218512350852  0.97745790403980004  0.98892174922789378  1.00000000000000000
 -0.00218232831257803  0.00870219054842265  0.01796107613410496  0.02804335132030359
  0.03826264504049919  0.04918261098888323  0.06087959175002745  0.07376136834788716
  0.08594252059473712  0.09854373115175168  0.11047051482461234  0.12254796673469052
  0.13491350310516137  0.14802808991860555  0.16171870515050071  0.17441479056835302
  0.18608642131533146  0.19748920687838203  0.20890171194424401  0.22026978134662201
  0.23147186103011932  0.24307019650167844  0.25415330670428959  0.26432529387456766
  0.27514732216703458  0.28649874470002162  0.29723398855860844  0.30700654379409525
  0.31655892640124417  0.32573542317235055  0.33495910393532369  0.34408060627865189
  0.35364525204369723  0.36306397923645262  0.37238064990528685  0.38251802169923282
  0.39354999173190552  0.40429723019906388  0.41475898063456379  0.42568903241061196
  0.43750947306762517  0.44787479992861273  0.45880565865323808  0.47021945077912669
  0.48083673475246996  0.49072512554045167  0.50110124627020369  0.51194343171508339
  0.52277749962728348  0.53347974518636132  0.54506371509033247  0.55827260253157118
  0.57051392154642455  0.58141672664596777  0.59166821178248008  0.60116128568865612
  0.61048549651555140  0.61956929635843849  0.62898710167462935  0.63924805402785734
  0.64986759833021668  0.66010603130920176  0.67022898586454693  0.67994876601422694
  0.69001335032881339  0.70016174522145214  0.71083158037482108  0.72111932467059736
  0.73186373570873720  0.74204532694300440  0.75184748917136413  0.76169560543276915
  0.77208554295353082  0.78353098996798964  0.79483743410922081  0.80494891190287177
  0.81562808153864408  0.82675957405116840  0.83783903186516340  0.84836997383894786
  0.85864281179221869  0.86875536412709542  0.87866445236321700  0.88793199372744758
  0.89719673449525128  0.90680884758271652  0.91688867225275583  0.92696664553194885
  0.93677024075836324  0.94669147633446427  0.95678675486320464  0.96567440043405861
  0.97436096277889528  0.98313038504164474  0.99175572423916403  1.00000000000000000
 -0.00216631297836680  0.00849127135678146  0.01764038221908004  0.02788193722517136
  0.03743807655858247  0.04896890963470536  0.06148836440747891  0.07360368938664764
  0.08435682971895855  0.09422721896444800  0.10427470674566656  0.11580825478366157
  0.12741460618539965  0.13848111350979922  0.14890749658338481  0.15939188639447163
  0.16947859973081481  0.17947191345278143  0.19015253931464465  0.20182811113147039
  0.21212890163186326  0.22172195105059817  0.23109057615323164  0.24110026829748085
  0.25089764496148037  0.26073529152667313  0.27099066673390954  0.28181082285639375
  0.29256754012615549  0.30315848505512544  0.31395144350079873  0.32445219643272477
  0.33487750168852787  0.34485171036576057  0.35480578387103789  0.36448990939379700
  0.37430275072842101  0.38576110807134301  0.39866896294914217  0.41235267670370568
  0.42509261717361108  0.43725440170188234  0.44930934162670261  0.46090313984906589
  0.47198268107838409  0.48323984956890514  0.49493573240628419  0.50636515202328647
  0.51728305285409859  0.52836356297213161  0.53929002073573951  0.54955384830748732
  0.55951418730054725  0.57005917821699570  0.58095318397373230  0.59196505075090000
  0.60368986625329835  0.61699318349861965  0.62969045285065472  0.64239720029844050
  0.65295359277713394  0.66411118112026124  0.67368442787944427  0.68270508804096053
  0.69161283345222657  0.70072270180857932  0.70960573110173275  0.71820688367184371
  0.72723224529546493  0.73636070451904079  0.74522956343956159  0.75417136879741686
  0.76343668463961822  0.77331423808228594  0.78326345243955919  0.79322006160538405
  0.80364026651631149  0.81492344819913076  0.82680526692139011  0.83793363206977256
  0.84827562445761040  0.85808247100323798  0.86767034213715433  0.87767338066893275
  0.88804317125487942  0.89851520340956836  0.90868879866813923  0.91875423172760773
  0.92843103027242913  0.93767802014924706  0.94768811540353282  0.95767123275206911
  0.96814877747540329  0.97838860464656929  0.98927935022505298  1.00000000000000000
 -0.00221180714282294  0.00904149535404930  0.01781121449847050  0.02739201470785060
  0.03733364882861515  0.04713359576888331  0.05636419560054753  0.06592093855291353
  0.07588193413517688  0.08613621939552661  0.09644863231637651  0.10770358480216520
  0.12013421491315643  0.13303954993300288  0.14569597698377543  0.15807437977534891
  0.17117575386184783  0.18338628385039094  0.19610961240150168  0.20749814531300151
  0.21816735240142032  0.22848240660870001  0.23895469225957036  0.24904098622238774
  0.25827067784053082  0.26740579969940215  0.27728325398361053  0.28754162368997555
  0.29794318322657271  0.30892589186605524  0.32110620282905167  0.33429879112544486
  0.34714038059364394  0.35892953297137187  0.36967941029054435  0.37948710289715709
  0.38890452903908207  0.39821885621997344  0.40726164085560185  0.41622436873800717
  0.42554880582157395  0.43528653659601740  0.44539730487440193  0.45561257963513463
  0.46576644720031962  0.47594294669168807  0.48596356407850766  0.49586828645311276
  0.50591582145049696  0.51625615850093265  0.52672643517340167  0.53727731431688308
  0.54780064485578517  0.55823211303286624  0.56966358992474009  0.58173838781430653
  0.59274659595236090  0.60377974818431390  0.61407789435776994  0.62442332262870526
  0.63489289450065900  0.64635013451720325  0.65865013668720918  0.67005616937095935
  0.68045076991539610  0.69035066523712540  0.70007440446968350  0.70980943449868816
  0.71951950023601463  0.72951051407552936  0.73988389423055223  0.74964359438278982
  0.75931711423338333  0.76934301827016727  0.78005368122395358  0.79134456609551451
  0.80276375337302197  0.81457483645979700  0.82637180568706370  0.83834212825926568
  0.85115947302451411  0.86203475243871719  0.87321444978539742  0.88378810732185165
  0.89420040671419931  0.90441289613856135  0.91425445711671027  0.92480578999483720
  0.93534770931128153  0.94520396183120314  0.95442658874252784  0.96330151453009283
  0.97241330281724447  0.98180199130886980  0.99086456703098835  1.00000000000000000
   60.067167970634223       -1.0000000000000000     
 F F F F F F F F F F F F F F F F F F F F F F F F F F F F F F F F F F F F F F F F F F F F F F F F F F F F F F F F F F F F F F F F F F F F F F F F F F F F F F F F F F F F F F F F F F F F F F F F F F F F F F F F F F F F F F F F F F F F F F F F F F F F F F F F
  <DiscreteSampler_grid>
  grouped_processes
  1 # 1 for a reference and 2 for a running grid.
  10 # Attribute 'min_bin_probing_points' of the grid.
  1 # Attribute 'grid_mode' of the grid. 1=='default',2=='initialization'
  0.0000000000000000 # Attribute 'small_contrib_threshold' of the grid.
  0.5000000000000000 # Attribute 'damping_power' of the grid.
 # binID   n_entries weight   weight_sqr   abs_weight
    10   10   4.226564528049809E+013   4.310860880707391E+027   4.226564528049809E+013
  </DiscreteSampler_grid>
