 -0.00261890570891632  0.00986267620722365  0.02040566655066879  0.03087530542348963
  0.04105039666817424  0.04990545239645740  0.05860117643676378  0.06754701437745479
  0.07620445918989993  0.08504513520372570  0.09420917729237953  0.10375301494030334
  0.11440264974502837  0.12600194690458943  0.13704226681773987  0.14757733785197585
  0.15791800639924874  0.16798705951700779  0.17760683941970848  0.18700397166865140
  0.19742101935522691  0.20849636729740087  0.21943504647029946  0.23036923652965630
  0.24105758581937117  0.25129149035661091  0.26133647862489207  0.27126438250049784
  0.28158777653086131  0.29200876295009492  0.30285392008522410  0.31320325730156579
  0.32290717452630691  0.33268707613496251  0.34268643186684417  0.35218891459538521
  0.36136030900660060  0.37060350464472441  0.38066943546694942  0.39160691981265566
  0.40268606680923946  0.41344935255930421  0.42402275078497242  0.43494113761420705
  0.44662072822511839  0.45836161627042110  0.46947559594076860  0.48034592291854450
  0.49155278989127921  0.50253455111616230  0.51249499708506163  0.52262444652640705
  0.53244931174456689  0.54168634826999973  0.55080949371995158  0.56052503452590674
  0.57085267005479556  0.58115669887348886  0.59176996678043281  0.60266061230399037
  0.61408761668019862  0.62582600163863411  0.63773371564197601  0.64915150926087783
  0.66002545101941201  0.67100148321188691  0.68201951252278059  0.69320400196536514
  0.70453149841074003  0.71550260593736359  0.72620567352585730  0.73648971698210530
  0.74679477606351530  0.75643802351451894  0.76604382129246729  0.77630876625041179
  0.78720234701336500  0.79813443207408086  0.80831080875104100  0.81923418526949277
  0.83155840922665702  0.84442287841681463  0.85700005931261192  0.86831098889896152
  0.87962320699783647  0.89110169860891708  0.90188187480453630  0.91240531777183076
  0.92302991126243905  0.93393933844794441  0.94464306049613034  0.95522911632598340
  0.96572522749929213  0.97674179186708476  0.98804248476565981  1.00000000000000000
 -0.00059276423654570  0.00623116352639466  0.01330117479392695  0.02128941204357548
  0.03029364940241763  0.03950620342513070  0.04850296902997077  0.05765816189949956
  0.06735309888031922  0.07737770274692235  0.08727743855341340  0.09668590188116674
  0.10683002877643560  0.11801710076224568  0.12906434780706494  0.13918205348439608
  0.14898627641169626  0.15866731807968595  0.16819074768102080  0.17778046265447339
  0.18776292421415094  0.19824279647411067  0.20851771469546693  0.21781359276089057
  0.22645463838149424  0.23529500965767017  0.24463713782205099  0.25507047615826872
  0.26587935117132566  0.27746234659394964  0.28919927350793168  0.29986461522041874
  0.30970854346212789  0.31934212712658000  0.32875516630152979  0.33801452001287718
  0.34708196542756053  0.35621563103611903  0.36584021659990223  0.37614163707246845
  0.38679856443895594  0.39793472060468488  0.40899427327609578  0.42023748027501645
  0.43188673102379188  0.44310182078697441  0.45402072757395534  0.46438200706716437
  0.47390287850203477  0.48328387489381841  0.49267251038279586  0.50248426190076090
  0.51230664624170441  0.52281170492757256  0.53424092827859804  0.54606589363368763
  0.55773627651163626  0.56891233619732251  0.57958880498490617  0.58981513854780743
  0.59997382249445286  0.61048051317597163  0.62099336535566518  0.63152429835916157
  0.64234251470883730  0.65287506323638544  0.66350490994034006  0.67399851333194805
  0.68502605245445036  0.69650316427388570  0.70805399265183611  0.71981522686720767
  0.73205040949578515  0.74465413822783044  0.75603124896767870  0.76678726409104314
  0.77712945322497251  0.78731222212960272  0.79759929337699309  0.80790112702001926
  0.81854583835078243  0.82966999902079941  0.84140210422211692  0.85358392877284006
  0.86548217583624176  0.87691408104359392  0.88761748383054406  0.89828247763790792
  0.90880702869240060  0.91995688378954232  0.93164477016020653  0.94349737785563170
  0.95557933552660757  0.96794172466270034  0.98269820095974769  1.00000000000000000
 -0.00802407434419901  0.00060853150343637  0.01299923096499685  0.03676671166171523
  0.06055480188452450  0.08436473109499254  0.10750083381227092  0.13029910011678750
  0.15083978093455533  0.17148059510211178  0.19227993256922729  0.21260137874078133
  0.23298316046989112  0.25579078729856469  0.27858754360633176  0.30136681170413643
  0.32430280716322457  0.34731297433889863  0.37014558564847755  0.39289566465975395
  0.41545308831941063  0.43796193396663757  0.46043560969568653  0.48342331137561034
  0.50648943887067666  0.52951949046418245  0.55238223439455714  0.57504564888199960
  0.59953893307082873  0.62475088059501238  0.65166615488597268  0.67505391685507954
  0.68825762951626457  0.68996777986058377  0.69151669179486674  0.69469850517384957
  0.69965207682283614  0.70444101652789848  0.70925593697897749  0.71404349595902117
  0.71885518728585551  0.72370736839349326  0.72851270767261522  0.73329940432610885
  0.73808101918386970  0.74289813394078041  0.74769480778898056  0.75249441649006010
  0.75733280707092887  0.76212875081790032  0.76690313717769387  0.77171280173702184
  0.77658421760525598  0.78148230011818565  0.78641434970104229  0.79140841882498159
  0.79640071534258328  0.80133017304412812  0.80627035793446244  0.81126803601209940
  0.81636686072860465  0.82143333029740218  0.82644964725385428  0.83151388255066705
  0.83668732518708211  0.84183489995010663  0.84692495829905101  0.85205697117634127
  0.85723999148381580  0.86239348096204027  0.86752436059104487  0.87266898588036246
  0.87783487271406968  0.88300153493417577  0.88818129480617547  0.89334264826315102
  0.89850574624958279  0.90376041711355271  0.90911230027878021  0.91445842262671495
  0.91972228907504194  0.92498313578726366  0.93033317447975572  0.93568508220203350
  0.94093430924076416  0.94624876927852941  0.95160712023477589  0.95698935825034170
  0.96237096914361664  0.96770317548520013  0.97310256934457851  0.97850491825672647
  0.98388982895222787  0.98924406897957917  0.99463724141579468  1.00000000000000000
 -0.00263511678537059  0.00959268502399494  0.02046422878860098  0.03209702726737348
  0.04365733570722329  0.05453168715005917  0.06515517178282790  0.07536829325701493
  0.08520029864815644  0.09476795747565375  0.10429134986828052  0.11429357349672348
  0.12460139576038143  0.13527208661588982  0.14577987379967616  0.15600179057337071
  0.16637508053313227  0.17703773060624400  0.18749680804321403  0.19727960306380785
  0.20658366315814275  0.21693627738224816  0.22745032013562358  0.23738080775803255
  0.24735838545759975  0.25775843922487113  0.26864734037448318  0.27963968043526616
  0.29105606164846215  0.30304301579269910  0.31457265010172220  0.32542680458396239
  0.33575107462593268  0.34585254209728816  0.35602935021836718  0.36613306864670703
  0.37552902000565830  0.38408551883783415  0.39246780796250152  0.40195519579418804
  0.41238812560717314  0.42251575279974246  0.43252740389459504  0.44336657673760810
  0.45452005049886579  0.46438828333794052  0.47392763360988038  0.48394193550858183
  0.49415471574895098  0.50452814045937189  0.51512311582832926  0.52576999462638030
  0.53628457783410510  0.54693438463724897  0.55757417148592625  0.56785801337709774
  0.57724909626204246  0.58703759610720485  0.59725892316483931  0.60711089528123796
  0.61614536876611425  0.62540086787595972  0.63513420691068589  0.64561321180476439
  0.65667451231044949  0.66864229976825496  0.68152045071674494  0.69423727319662187
  0.70582444588197912  0.71753372112929226  0.72925058152706901  0.74078308954589644
  0.75177647585258467  0.76375394991246659  0.77531853711139598  0.78778534601837635
  0.79983163770399357  0.81133156900847803  0.82226559431468216  0.83343696286156044
  0.84394267255908517  0.85394501472143902  0.86407804107634745  0.87431788820770651
  0.88454678381015617  0.89381306643782110  0.90337853934226942  0.91263760223066503
  0.92207143377710932  0.93189049689994252  0.94227004408996085  0.95410287051804687
  0.96554062230366511  0.97678081230505176  0.98866015479243274  1.00000000000000000
 -0.00215603953410151  0.00884977435298112  0.01810219069964637  0.02797937762848309
  0.03790223969326278  0.04805286992395090  0.05845466512376073  0.06844555890018135
  0.07758447637553054  0.08673379086405335  0.09613196662640046  0.10643224861640338
  0.11780821123072772  0.12909456586213919  0.13996441103099694  0.15099432976030064
  0.16223532693693338  0.17374351527694171  0.18560266075636281  0.19706526778111305
  0.20830921221536605  0.21864296639761066  0.22838989582588018  0.23798815277146887
  0.24816567364613221  0.25952396124034566  0.27081878514675228  0.28146768728937360
  0.29186273070971858  0.30193060794646792  0.31224653047562340  0.32202382697424836
  0.33207637519505101  0.34097628720825129  0.34982964664323701  0.35891371257562310
  0.36907152062100301  0.37951743739105914  0.38959706253636955  0.39951677104219380
  0.41028763711108290  0.42099518325630503  0.43203616722915844  0.44334872111279044
  0.45505774514195985  0.46627357781030787  0.47692278451282782  0.48671423687159299
  0.49645033137393185  0.50697507252556551  0.51784575150354928  0.52820265851132597
  0.53823303345511730  0.54846732473155435  0.55879517691762171  0.56886216219015351
  0.57879754203710820  0.58893857187042831  0.59936195048407692  0.61033562036628364
  0.62173194691383749  0.63305485508151815  0.64423198722245134  0.65565351668838601
  0.66680965639713063  0.67830519769148656  0.68953453617521876  0.70061961498679537
  0.71211315509224438  0.72398763707234193  0.73484650664272266  0.74486403571689253
  0.75440518467569873  0.76400249033026091  0.77337885117160055  0.78242073637418874
  0.79167492594375288  0.80225836382681603  0.81303148165068795  0.82356600122284296
  0.83423954499967712  0.84512236757760995  0.85626045153951980  0.86727807543041879
  0.87797452817072363  0.88838959073478274  0.89911849273164535  0.91112483711418812
  0.92291117932400446  0.93404058416881941  0.94452499679576762  0.95512451196372816
  0.96500039374135216  0.97575709481047090  0.98708563764073076  1.00000000000000000
 -0.00350184302371368  0.01276163923110557  0.02484100659970660  0.03623231899771748
  0.04758599799484509  0.05918672608923821  0.07090206938481795  0.08265630273118893
  0.09439976478798823  0.10614913054217832  0.11746040541358041  0.12838642641598344
  0.13909591513108116  0.14992000761268040  0.16117100966551720  0.17248005660444865
  0.18344758877797335  0.19395254395937736  0.20393095278818851  0.21314595930302238
  0.22180913072154751  0.23049795296414999  0.23916342074927988  0.24860329595402308
  0.25871871542355684  0.26958073407872107  0.28072195342743328  0.29140963604255293
  0.30192925387124947  0.31233504797306177  0.32298911763562588  0.33362506669268188
  0.34405332599320054  0.35497446577699648  0.36620767709331287  0.37740831608210457
  0.38820855172585311  0.39877068346948635  0.40946342180595113  0.42003935213444560
  0.43079038277646270  0.44146137140544173  0.45225798223182301  0.46336028386770067
  0.47421748132064317  0.48417575352619274  0.49402246885821915  0.50403471204750139
  0.51483352813811900  0.52462284638651269  0.53394133961189272  0.54353301686388145
  0.55281374595273225  0.56188018776385196  0.57115754047761014  0.58060098892812861
  0.59077485619507508  0.60196900737109349  0.61362640680919367  0.62487085472068027
  0.63488983909699970  0.64431024556303107  0.65400642919510343  0.66346771551366990
  0.67273676387421921  0.68214423220609210  0.69218090177347624  0.70289912268884214
  0.71348080543406145  0.72405959533739106  0.73510718045742895  0.74684023281146061
  0.75886109682592651  0.77041717929066755  0.78157746362424063  0.79229653181047444
  0.80301291308486311  0.81441729158752474  0.82583815649838799  0.83666152754677559
  0.84669094494871155  0.85654812860214691  0.86664548718367640  0.87706416694405920
  0.88836800128389148  0.89927459795431741  0.90956568312086505  0.91998701340119593
  0.92963369591088363  0.93981093939728866  0.94950580325053502  0.95913592435199935
  0.96877762093580533  0.97822337306483587  0.98892337045971024  1.00000000000000000
 -0.00276703785592823  0.01058646200356610  0.02236821959962207  0.03414648800578414
  0.04615075245297637  0.05768431485329653  0.06872712268493171  0.07966053472214434
  0.08980459170081895  0.09962884304472652  0.10974718305911203  0.11992374377085216
  0.12953341199567150  0.13925650908238232  0.14987625011661443  0.16114947301994034
  0.17113270857671503  0.18042826582306182  0.18985612282094169  0.19950855633187053
  0.20923518193415361  0.21886022990109047  0.22794395840058315  0.23840465007172584
  0.24935659757524892  0.26099120581069646  0.27311746874386533  0.28424238747854408
  0.29501586726160550  0.30562784451276842  0.31611163524436631  0.32603065180801116
  0.33555110285571887  0.34493258552460665  0.35456871528031786  0.36477794521154527
  0.37509447958314218  0.38596046164303860  0.39696556563023871  0.40779643480784961
  0.41830143023099325  0.42854993380894002  0.43874767257095831  0.44896999886793609
  0.45964369211955847  0.47092282834244326  0.48206267122803270  0.49304983048826950
  0.50383155456824003  0.51483763171267760  0.52567705250044516  0.53584770472617549
  0.54644940507551432  0.55630990314802953  0.56589826846306646  0.57559806913040790
  0.58535103754530560  0.59717895012551170  0.60833924496864455  0.61920020369832451
  0.62890671490456840  0.63859134488395486  0.64861055375884014  0.65944324824700928
  0.67035456978245445  0.68143851202396744  0.69322274968547537  0.70460624462104426
  0.71475450826153775  0.72480689315663382  0.73541409190951013  0.74764079402263794
  0.75865487400742038  0.76981076165498208  0.78040601389364794  0.79066799397691534
  0.80074771414014900  0.81091006476284522  0.82027940788030074  0.83051598265899473
  0.84026777353531734  0.85017850483280033  0.85956056293774297  0.86949427175543070
  0.87980104619183697  0.89108746150698437  0.90185958147646006  0.91289589904179003
  0.92401285800615385  0.93498633604295966  0.94580507980908257  0.95634094274505066
  0.96692004157959965  0.97767808068254602  0.98862761934900611  1.00000000000000000
 -0.00306517370126267  0.01116590482113686  0.02343842454467786  0.03560314020192410
  0.04769948584451995  0.05912021243892267  0.06955093236028130  0.07976415776887676
  0.09008261990388941  0.10072214252885085  0.11129146977972136  0.12201328816228393
  0.13279421345910294  0.14302637537693050  0.15376592446686579  0.16473792244291077
  0.17480531920640471  0.18465735142548689  0.19496526008362808  0.20558407507733625
  0.21591626948961065  0.22591555730058777  0.23646671633009950  0.24839890830110795
  0.26046918610103897  0.27268060878609041  0.28500451731914728  0.29639908112856744
  0.30712841930206736  0.31763476216169145  0.32806431526526009  0.33841356073785867
  0.34829337907708458  0.35779025801347919  0.36676980917505009  0.37564046244349597
  0.38437956652655647  0.39367098683851409  0.40369370212554312  0.41387891951129629
  0.42407563176447943  0.43426406442422366  0.44522287510940667  0.45707854240163648
  0.46932980780242939  0.48137085852585015  0.49325118074908453  0.50502909739271484
  0.51623588091506611  0.52654449322624486  0.53623745012364321  0.54621695848223961
  0.55635361626013513  0.56649042874735256  0.57668456698214932  0.58702835066018366
  0.59794080118289539  0.60888422900036832  0.61953804644704225  0.62987002541340587
  0.63989213716520543  0.65019679494912530  0.65989630322580484  0.67031028303961959
  0.68051353991293118  0.69067183184067760  0.70089075835207615  0.71087566458733231
  0.72112999439521952  0.73166441537118199  0.74316021857568049  0.75450390730426764
  0.76524720087748932  0.77594174486880640  0.78724134059001449  0.79847250480738130
  0.80937901135904766  0.81978542252766562  0.82983884800415086  0.83991367676538053
  0.84993449132129018  0.85991113039765643  0.86982147719787850  0.88008596040286502
  0.89081605704078326  0.90214350014122635  0.91389893380288723  0.92564355093407913
  0.93660738672026145  0.94642418158433084  0.95596392850757883  0.96496883291636248
  0.97385327858493698  0.98269768815189862  0.99123632133719941  1.00000000000000000
   60.605747390917145       -1.0000000000000000     
 F F F F F F F F F F F F F F F F F F F F F F F F F F F F F F F F F F F F F F F F F F F F F F F F F F F F F F F F F F F F F F F F F F F F F F F F F F F F F F F F F F F F F F F F F F F F F F F F F F F F F F F F F F F F F F F F F F F F F F F F F F F F F F F F
  <DiscreteSampler_grid>
  grouped_processes
  1 # 1 for a reference and 2 for a running grid.
  10 # Attribute 'min_bin_probing_points' of the grid.
  1 # Attribute 'grid_mode' of the grid. 1=='default',2=='initialization'
  0.0000000000000000 # Attribute 'small_contrib_threshold' of the grid.
  0.5000000000000000 # Attribute 'damping_power' of the grid.
 # binID   n_entries weight   weight_sqr   abs_weight
    10   10   2.427923278781391E+013   1.156177390454745E+027   2.427923278781391E+013
  </DiscreteSampler_grid>
