 -0.00216131933168476  0.00902710940822739  0.01812716378599917  0.02745483686682447
  0.03701317778545264  0.04678786600942503  0.05607743453994688  0.06544125031693192
  0.07554327182417626  0.08703754850225870  0.09928487110699201  0.11097279590829176
  0.12136652107461088  0.13170577930456651  0.14201720104923421  0.15328976550078224
  0.16499271062611612  0.17564671600901327  0.18561786293922522  0.19552553564780517
  0.20589462733241928  0.21694606729613941  0.22853591034351312  0.24267396010827610
  0.25556203873039557  0.26691138903806078  0.27831769094569742  0.28935820071357454
  0.30081525221437749  0.31209550333778191  0.32486555318100124  0.33611282602830600
  0.34651826950603171  0.35699745189500692  0.36708525345336679  0.37678786349579729
  0.38614766537484124  0.39602725205511186  0.40591816421931415  0.41556557195961197
  0.42481861167922880  0.43411231328106925  0.44416133404387875  0.45400074828721582
  0.46424356660592209  0.47497604423459128  0.48672472985800663  0.49914999951314798
  0.51126494328196415  0.52331635673443810  0.53502718245404146  0.54638949082106369
  0.55776597455229227  0.56931465320554375  0.58042314696914410  0.59039091924374765
  0.59979065070131610  0.60939997129607304  0.61967143985481132  0.63031007880347767
  0.64046530964963722  0.65008612130219290  0.65970004447075714  0.66920882880923682
  0.67918399860312029  0.68968137236885174  0.69968425048729532  0.71001602033907529
  0.71988813727035084  0.72956233084979405  0.73960997236821546  0.74966292636604948
  0.76025530314372869  0.77077826068354838  0.78116498276937651  0.79179312813746261
  0.80216834532246417  0.81197130046406163  0.82237812645668962  0.83290414177347505
  0.84413185391626389  0.85553105806241203  0.86628432252408150  0.87699633047902137
  0.88755564051541758  0.89743032055106864  0.90671908567425363  0.91664932479084493
  0.92717229747216501  0.93799046494816818  0.94812988015523747  0.95730531261582397
  0.96788755531461168  0.97846115058402350  0.98912512010737907  1.00000000000000000
 -0.00030381449981498  0.00584976302731087  0.01263127306713042  0.01983083305211963
  0.02787094603611333  0.03710951280856670  0.04599680486184073  0.05470337959453012
  0.06324558785619969  0.07222183868080957  0.08147917410792083  0.09072575011209663
  0.10001127837251295  0.10968622327705367  0.12001382446341652  0.13053904422402585
  0.14127427809261700  0.15166773320794399  0.16212575886723507  0.17290379427087196
  0.18403619398027934  0.19580580213935203  0.20688253035433996  0.21720529787481235
  0.22724345411941754  0.23741345354475415  0.24782626098522370  0.25803412162840744
  0.26856765216565942  0.27896660461143424  0.28875027199636089  0.29861111627312514
  0.30819548267485503  0.31832325123482519  0.32864484188394749  0.33934467814356867
  0.35033371704013710  0.36109823527016494  0.37135384061591381  0.38121223536303245
  0.39093550968637325  0.40077241929758217  0.41127417628032237  0.42215094969446643
  0.43329241817568859  0.44484870305817426  0.45619476845114859  0.46731146757010184
  0.47846914757487641  0.49051903277631925  0.50224831996237618  0.51245581788193695
  0.52217857139320589  0.53195224991405277  0.54212152026032612  0.55259274346174636
  0.56320434089239735  0.57434125348510756  0.58555035189895088  0.59683348864926566
  0.60824006815861353  0.61908253698088711  0.62971775336658709  0.64007571101609551
  0.65091949598816945  0.66202636782201940  0.67414174843751951  0.68736743757511098
  0.69976099905301903  0.71215298419795792  0.72460083176948331  0.73706832583491078
  0.74896454336366702  0.76044634963037261  0.77161235294235098  0.78267296141034959
  0.79370864734146318  0.80481635846775024  0.81585402451710354  0.82664536858595683
  0.83700272201027126  0.84723018317953669  0.85734847869098751  0.86706533091484994
  0.87607314208166220  0.88515768209063017  0.89483866559763325  0.90516478219877139
  0.91557839794703044  0.92610388400249033  0.93646911939170074  0.94672095024745828
  0.95792934421302911  0.97103811421442843  0.98525820697254618  1.00000000000000000
 -0.00802918019634257  0.02009222349138475  0.04341014468292807  0.06687374212631764
  0.08987439156603132  0.11233621585821151  0.13223434963884215  0.15133944801022456
  0.17101802858626694  0.19046991904705535  0.20969534514449945  0.23133306448581842
  0.25335348948516850  0.27539360600834650  0.29747217186839398  0.31959453275136601
  0.34183756961765460  0.36411681022418907  0.38631596691915621  0.40844474016562388
  0.43043155353348300  0.45232525140003266  0.47415678684925933  0.49596068369398905
  0.51779088049145761  0.54002267786120106  0.56274499414202983  0.58666621785788087
  0.61123458853841517  0.63643742688893779  0.65446897530317016  0.67038523076814305
  0.68492819689438200  0.69015345078464463  0.69132633867535942  0.69412812166339399
  0.69885084619446813  0.70357529991497691  0.70835392807866759  0.71317872658381343
  0.71797970321050775  0.72282906494587962  0.72762340650978141  0.73239124945073586
  0.73720051860538849  0.74204729116592583  0.74691522329945526  0.75182356684060414
  0.75673275110956761  0.76166632336823159  0.76665560968748736  0.77151299861028022
  0.77641214577195550  0.78140661008284851  0.78645481962449637  0.79146032163216640
  0.79649508352947929  0.80144608484176838  0.80634691087768273  0.81133355944885577
  0.81640066266411626  0.82148510542336028  0.82661079285366690  0.83172551148001572
  0.83682713823670285  0.84192379189376987  0.84700655801588232  0.85207240711917076
  0.85720776721781933  0.86234928349373008  0.86751306367493375  0.87270383122511352
  0.87788010461578347  0.88302775535333689  0.88815206838149341  0.89335447579718785
  0.89861636989201399  0.90384992697297761  0.90908153381440315  0.91434810429049473
  0.91968524965104459  0.92500058089080484  0.93025500247854276  0.93549442634670055
  0.94079059317051805  0.94605664045725946  0.95136412704282591  0.95671760188976651
  0.96212855367273475  0.96754070423702365  0.97299545818201527  0.97841484262196721
  0.98381950799613282  0.98922332922615830  0.99462039469790353  1.00000000000000000
 -0.00281035110786588  0.01036338561330311  0.02079454872961374  0.03063513974257621
  0.04054273176426005  0.05055286670679952  0.06147773010349725  0.07274751894993843
  0.08379984380679338  0.09489821155044939  0.10653264893864529  0.11891997386937850
  0.13181784188313200  0.14440400405019865  0.15588833740327596  0.16664911769548482
  0.17761013691450592  0.18858311622830901  0.19947788217590129  0.21006496885596582
  0.22007576974165810  0.22992166285824767  0.23969002447494675  0.24951393866363278
  0.25932064196802979  0.26955852954655291  0.28061984592517530  0.29170228748903182
  0.30214605440561182  0.31272531122970576  0.32447552734802587  0.33583680603404087
  0.34615725577169465  0.35594733532910111  0.36619966139921600  0.37667078948305310
  0.38745971512137356  0.39870730168684182  0.40971453292364546  0.42015024516797939
  0.42990871176432854  0.43955433735511412  0.44892676549993737  0.45815209606924817
  0.46778393467487078  0.47759207581306012  0.48763201678593937  0.49765966074699358
  0.50738049126036933  0.51744303006989434  0.52739229684136713  0.53745395789642503
  0.54753663849070455  0.55739316590672272  0.56680101367268310  0.57558988963706759
  0.58499018152461191  0.59493697317672301  0.60548183319608406  0.61583937327306948
  0.62645218430098293  0.63815874336288270  0.64933540341664353  0.65985739774769547
  0.66965156747397903  0.67913766425375233  0.68905191788948794  0.69962243281873915
  0.71006368129588937  0.72022251333174658  0.73056814607983478  0.74142715004728554
  0.75263618300469182  0.76395726289688104  0.77508969088259683  0.78643264519909528
  0.79773619023716535  0.80911759249867754  0.82007891632430585  0.83052719873277558
  0.84313444177850305  0.85606213059160885  0.86856501628142702  0.88010715486212288
  0.89073064185210671  0.90085868050592544  0.91088767912732727  0.92108304436476474
  0.93147572739059781  0.94142117817668436  0.95094558571750687  0.96052233113889596
  0.97035145837757741  0.98046482655990130  0.99019339518241678  1.00000000000000000
 -0.00288135291165630  0.01125258410258172  0.02215515459130448  0.03308851685785822
  0.04398553291332920  0.05494566603636646  0.06619635449538920  0.07756082921734288
  0.08890757114633459  0.10080935207150814  0.11249136726201094  0.12361133048948703
  0.13415043704058907  0.14484513422470810  0.15544682452225908  0.16612855234592630
  0.17670576299996069  0.18739164763759816  0.19826760466466167  0.20911401524467954
  0.21937954699615006  0.22966915843162955  0.24009670313320769  0.25050947061127510
  0.26081191693150513  0.27137219103353366  0.28199350111016108  0.29244251520540060
  0.30233514618202229  0.31323466440167358  0.32437140085151855  0.33597656922618796
  0.34658649234503047  0.35690122457113238  0.36683329375727025  0.37681520498274051
  0.38706080765557022  0.39723545907038887  0.40704438748855026  0.41716754922314964
  0.42699879530889928  0.43726736982200465  0.44734690737896671  0.45704482628706061
  0.46689928052154517  0.47710210936529251  0.48758727712201061  0.49828367550897834
  0.50914235789279083  0.51965921701300810  0.53035236380292616  0.54110297222065795
  0.55173345772094939  0.56248899490562310  0.57355436342113886  0.58525539054554165
  0.59653257719302566  0.60764209662194979  0.61761158393254434  0.62760812553963696
  0.63725525458774179  0.64709498047842373  0.65693010091017656  0.66726256357313019
  0.67950127741559763  0.69230575760725388  0.70542890046700168  0.71849787266704346
  0.73045073115592529  0.74158136672343178  0.75272125022445435  0.76376068933876895
  0.77430579657115772  0.78392858987198766  0.79315863001182418  0.80241479864602017
  0.81213342801838562  0.82209980110474745  0.83185203875983049  0.84148171660792581
  0.85143978269028564  0.86199160276714804  0.87275689572690396  0.88306174720064468
  0.89327168830388615  0.90340730493737531  0.91332951289984066  0.92336074304692439
  0.93340703421466675  0.94293112366002307  0.95191162063708690  0.96119442799053711
  0.97110511686171608  0.98093828541599126  0.99057152316443531  1.00000000000000000
 -0.00200701894312579  0.00811451242917198  0.01704206671295060  0.02674475888936171
  0.03617115962952010  0.04645814434911152  0.05735347168925580  0.06854060014325435
  0.07967937367849255  0.09220755036911636  0.10475793783691126  0.11642424666447135
  0.12719163391171387  0.13728883912104389  0.14704381520227766  0.15630827754273272
  0.16549251174854715  0.17442055764101450  0.18363735377805079  0.19309931053963944
  0.20292566890197014  0.21336347909255865  0.22439195576845777  0.23562056495160591
  0.24681248730251215  0.25845441367157762  0.27038120837026908  0.28324655115264702
  0.29562406165002936  0.30693152050505462  0.31733801458857158  0.32711219933374325
  0.33725338074686806  0.34762751649386420  0.35904623249115819  0.37031140319656397
  0.38146590432565747  0.39268017912041120  0.40377794033894365  0.41516338279922099
  0.42623391695416402  0.43725353153682217  0.44794982932185506  0.45849274155285141
  0.46928248105479986  0.48024885781752924  0.49122425363802807  0.50216759695971003
  0.51303354532331968  0.52389350459068063  0.53473348067081627  0.54573470772200317
  0.55736817814309081  0.56989488649390163  0.58319325343812156  0.59643427759182410
  0.60844944329309891  0.61919778626998290  0.62920492820731921  0.63805539000285449
  0.64679891239450926  0.65554084206086682  0.66473847577342904  0.67406191203086285
  0.68299948938865984  0.69204086679217836  0.70163000435591838  0.71193329649131776
  0.72219478808063742  0.73251852735307832  0.74296303538849573  0.75372162543683907
  0.76486910450687495  0.77584416887269447  0.78683181782510114  0.79841935939047926
  0.81022709494338452  0.82099577317230987  0.83085475191485592  0.84075718231822771
  0.85106811773697721  0.86175317614025537  0.87256011159382962  0.88352408246768954
  0.89408310529409529  0.90351664689596922  0.91250655719093376  0.92192942699638025
  0.93161473668552974  0.94108829870035904  0.95005944699205391  0.95891254649994151
  0.96869306641188846  0.97826033662374712  0.98921435543993574  1.00000000000000000
 -0.00248606862195923  0.00922294373427794  0.01967102078226465  0.03020875779317243
  0.04071042763442489  0.05116259560045684  0.06184741525659571  0.07160357443224943
  0.08258647968538034  0.09374528913020390  0.10487412228213201  0.11555081314537939
  0.12648842749358144  0.13689423557941585  0.14737633457756510  0.15743718550944369
  0.16694295272811571  0.17609337081574114  0.18516570211404199  0.19464923343878454
  0.20420030142547799  0.21424633291798653  0.22496566128513995  0.23582080759864849
  0.24689375600577113  0.25703471088724739  0.26661761646822729  0.27643167759183279
  0.28656943009581054  0.29653377935273656  0.30604624894299293  0.31640269201752846
  0.32848803614804756  0.34133953935048800  0.35375792484874113  0.36590242186189359
  0.37741165575909191  0.38906924639287305  0.40098319061792387  0.41334340931581848
  0.42569320360366186  0.43811635885911537  0.45069690594103395  0.46252465270973975
  0.47354977392338826  0.48431393282220975  0.49500025387727264  0.50673309826993007
  0.51886254699307610  0.53153865762487440  0.54392994686335294  0.55517627777468503
  0.56601816476110456  0.57634641564744538  0.58708185596273221  0.59692818593540053
  0.60666713798818261  0.61625197561578460  0.62564347755815164  0.63540568787391927
  0.64533066705131503  0.65587147944599578  0.66648854119899914  0.67705613982441148
  0.68729776543416332  0.69752945168798264  0.70768177472367022  0.71740374126951933
  0.72667239389948446  0.73604557858439668  0.74562366292708238  0.75532819290885889
  0.76515688683146754  0.77514519605561316  0.78527590184549423  0.79551399032622594
  0.80556918170073555  0.81582532330321089  0.82658738641392693  0.83747088715092100
  0.84790181102267648  0.85812165457218625  0.86862893538000630  0.87896240276828908
  0.88875247743768004  0.89923199420699751  0.91058734287467136  0.92138384534389328
  0.93152934538961463  0.94171580350520911  0.95214641553508161  0.96216869958483930
  0.97178321795190936  0.98126922500622804  0.99054241501444629  1.00000000000000000
 -0.00240697139960736  0.00921998981408834  0.01926962846841904  0.03014983278616224
  0.04139649527481520  0.05292737155905220  0.06392331253600243  0.07416057846680243
  0.08439978364952257  0.09459168791738704  0.10483778253196040  0.11525448650244097
  0.12576988563567204  0.13628361959393687  0.14647075931625494  0.15696186662102601
  0.16873894804020403  0.18108400763594015  0.19290669055740570  0.20398735553853603
  0.21482718782290125  0.22548605973615513  0.23574514826102422  0.24566167092017918
  0.25548596083043457  0.26508890180156786  0.27410496139515977  0.28253591233336905
  0.29111903307396120  0.30009171786239935  0.30912198865962820  0.31794666789726628
  0.32681039906739739  0.33623696552365140  0.34566106385841155  0.35412497086766037
  0.36344783625806570  0.37315921212135439  0.38416679464944142  0.39595631640856188
  0.40741504370637421  0.41894329028584465  0.43010216538638479  0.44125778600797788
  0.45211150239585390  0.46340256883328429  0.47542597005190784  0.48668352293963951
  0.49733854468466315  0.50781283013270262  0.51834830224073625  0.52892416715931467
  0.53914825280456047  0.54959595333730427  0.56026327268974019  0.57191094657012809
  0.58352819657486132  0.59475233943380479  0.60618452791199418  0.61734577043425254
  0.62894204053663372  0.63984543671115923  0.65104444466114142  0.66207776836315779
  0.67302115407812890  0.68395672814380415  0.69609990798219668  0.70867989384598495
  0.72100966986271664  0.73283266843883044  0.74420591985334650  0.75578951294819419
  0.76748146807362971  0.77828591059406393  0.78848193952217915  0.79874131987773500
  0.80846516185117601  0.81758198555006079  0.82657474081228144  0.83639466156473030
  0.84669804909002089  0.85742429824083610  0.86825516140725678  0.87932661487241892
  0.89061447504408275  0.90226111815977939  0.91403562928245607  0.92512230644177096
  0.93552032763122339  0.94533545087757698  0.95473781042154038  0.96397294211590234
  0.97306889727623735  0.98219450420581289  0.99109651184016645  1.00000000000000000
   60.911992217050411       -1.0000000000000000     
 F F F F F F F F F F F F F F F F F F F F F F F F F F F F F F F F F F F F F F F F F F F F F F F F F F F F F F F F F F F F F F F F F F F F F F F F F F F F F F F F F F F F F F F F F F F F F F F F F F F F F F F F F F F F F F F F F F F F F F F F F F F F F F F F
  <DiscreteSampler_grid>
  grouped_processes
  1 # 1 for a reference and 2 for a running grid.
  10 # Attribute 'min_bin_probing_points' of the grid.
  1 # Attribute 'grid_mode' of the grid. 1=='default',2=='initialization'
  0.0000000000000000 # Attribute 'small_contrib_threshold' of the grid.
  0.5000000000000000 # Attribute 'damping_power' of the grid.
 # binID   n_entries weight   weight_sqr   abs_weight
    10   10   1.686165891154757E+013   1.177695914076575E+027   1.686165891154757E+013
  </DiscreteSampler_grid>
