 -0.00203119295606210  0.00798571708691474  0.01748065001499961  0.02725068059152806
  0.03811324410879573  0.04861735067300155  0.05918502083149970  0.07012473049661620
  0.08123979972704011  0.09181322949921708  0.10189309135379829  0.11233070918262901
  0.12296968626603437  0.13304077844806081  0.14272560775806453  0.15173874403611651
  0.16051045086892682  0.16988537260181394  0.18025639222127765  0.19127107941959923
  0.20214927182692172  0.21316722504922175  0.22534917138123858  0.23743609551240558
  0.24974324077380919  0.26218280426028173  0.27417448500358865  0.28555320136121259
  0.29738699814517489  0.30938728336147353  0.31999287123438824  0.32981871713028282
  0.33937946527239449  0.34850168994464736  0.35739674221957163  0.36651744856108481
  0.37606056489243717  0.38600480331650761  0.39587353350767279  0.40589873465174092
  0.41609435563025560  0.42624445581709264  0.43708728210853320  0.44894750903843283
  0.46022786394205734  0.47044513656498588  0.48073889058151043  0.49206472237912907
  0.50346590557823245  0.51426715449417626  0.52608642494875901  0.53814705966051224
  0.54977010091847855  0.56072858965237637  0.57127426203007636  0.58160323056987717
  0.59144337720251705  0.60087578070191772  0.61014269271062926  0.61920653019414928
  0.62883848526329034  0.63931849951495889  0.64981977135543600  0.66012089834991228
  0.67057924916111866  0.68212900724791037  0.69345591942310325  0.70380627415054009
  0.71418611166980162  0.72504955970164076  0.73556535114220267  0.74589350172397928
  0.75545216326474773  0.76433764928347092  0.77335953832840976  0.78341437960343818
  0.79313823957063956  0.80196439306538991  0.81086682999613002  0.82040635418271690
  0.83026419934550566  0.83972974840045400  0.84915375823398143  0.85894907838305679
  0.86950855787162218  0.88034338477050766  0.89141189367793983  0.90306872517497416
  0.91558441062207008  0.92886584180387322  0.94101897526510059  0.95270675969210450
  0.96416605976928726  0.97608525753330810  0.98787694697224426  1.00000000000000000
  0.00023864818980385  0.00356679905930297  0.00777199744002916  0.01234834884735755
  0.01757133963522255  0.02393681903024101  0.03126115660980340  0.03949919303705635
  0.04862234640779568  0.05800798895739942  0.06769415913039753  0.07744812571657006
  0.08597507793253109  0.09408958974072087  0.10252580219397241  0.11088253871469209
  0.11882896138492961  0.12680476246356420  0.13489166092868615  0.14315644134711836
  0.15191053029924095  0.16092751400928629  0.17043822228929231  0.18075326909199602
  0.19106620611716915  0.20108682629967992  0.21139986356165924  0.22118096283511532
  0.23033282169852257  0.23937973237938290  0.24930572485475416  0.26041897811466941
  0.27200198105811391  0.28319730858113779  0.29431745510463347  0.30572109078082016
  0.31693204495586369  0.32812284141702541  0.33993335021287907  0.35171891811824602
  0.36342456279328078  0.37505386814280545  0.38605473830821174  0.39662836879467722
  0.40738938557458293  0.41872941641617639  0.43085434330968053  0.44237939019104688
  0.45401421310285039  0.46527645140223789  0.47661891161623177  0.48855717003001231
  0.50031439626610352  0.51431649909180666  0.52767949625069743  0.54069132729181724
  0.55191104244096012  0.56340539526807942  0.57483932005159988  0.58592711670254938
  0.59644662036084217  0.60686927158098936  0.61824080881530563  0.62848596268946322
  0.63780473300293972  0.64655373110104253  0.65521532592238296  0.66405000191699870
  0.67305406738388129  0.68209479920195715  0.69141909453081007  0.70120970521554182
  0.71089509668399631  0.72049193356926378  0.73033619180941611  0.74150095677898176
  0.75310267806900111  0.76409002749151267  0.77524613596912084  0.78626402561425357
  0.79710910329577211  0.80811175065421070  0.82035293604487769  0.83295305009995513
  0.84416398418553129  0.85530727774416271  0.86666339112080482  0.87811366952791403
  0.88932582221765100  0.90105881731473925  0.91513531267684911  0.92848332754167340
  0.94245440371500000  0.95712237559807534  0.97441434623464895  1.00000000000000000
 -0.00753103690663921  0.01850272047528674  0.04072835260668631  0.06299172931483719
  0.08531298464722609  0.10772337114761152  0.12785625354669769  0.14678954646019240
  0.16663635315877454  0.18629461429671831  0.20564223981773738  0.22637823983448555
  0.24763099760459523  0.26955400274488817  0.29147387733245372  0.31338923102778332
  0.33558408376564847  0.35789225594556701  0.38051468008322403  0.40318148437004664
  0.42595795250119134  0.44866303722643824  0.47131778355837867  0.49382288622122966
  0.51613172904521043  0.53766777611269290  0.56024425897040275  0.58432804847397934
  0.60894800621313161  0.63395246388374216  0.65551554777513688  0.67372327379617347
  0.68285818625787198  0.68989202842002451  0.69123126907512444  0.69402255159443116
  0.69885050492712619  0.70369274645058244  0.70850920966653286  0.71325460025268417
  0.71801434889713311  0.72291328936019250  0.72775969638554039  0.73249930023612919
  0.73726164336773847  0.74213330052018700  0.74702805793416482  0.75191307005364172
  0.75676772840608120  0.76159387936662071  0.76647369620609540  0.77147017906354010
  0.77645700704397425  0.78137912717473801  0.78633219790488151  0.79127761648893524
  0.79619301552448196  0.80115472988649383  0.80617498673129584  0.81118255002844042
  0.81618072718045509  0.82120973019663346  0.82629298369697790  0.83141255831833760
  0.83650650075784172  0.84156935102256836  0.84661210383780872  0.85170313350738192
  0.85685355958285703  0.86202342108952412  0.86722973632518363  0.87238940685804411
  0.87754198192144428  0.88271568819001667  0.88791881216318191  0.89314719991598102
  0.89832799537980257  0.90353845034535907  0.90885217007995078  0.91418882695472781
  0.91948505345962328  0.92476380741461162  0.93007267768566126  0.93542121016387425
  0.94081309233207289  0.94611574401820608  0.95143258832397803  0.95684853956246885
  0.96234679377597721  0.96768257992934847  0.97295054499981792  0.97823628541121654
  0.98362702266894497  0.98907622094185044  0.99453936495462536  1.00000000000000000
 -0.00302318038982793  0.01093436268902772  0.02309898245160968  0.03471448962280790
  0.04595630997625325  0.05693950516417069  0.06665119774078823  0.07584045551911103
  0.08562185590714393  0.09590344400062951  0.10622355465317389  0.11587556721667588
  0.12494241732519160  0.13459880675347097  0.14514596442129110  0.15592632884655555
  0.16623586226782272  0.17601904340587510  0.18556324477843522  0.19497567580809963
  0.20452303769266991  0.21454557661939028  0.22476773193682309  0.23630165477379214
  0.24869342107955586  0.26085298031608745  0.27242502205793223  0.28272051125166575
  0.29265669642839481  0.30217348685181145  0.31154103681803746  0.32041745550836898
  0.32904632816243107  0.33817002883937375  0.34768989863455912  0.35802216067140119
  0.36872790098506836  0.37964191521700141  0.39072979735388508  0.40119015382493123
  0.41060819275360699  0.41936988946923531  0.42782395360502368  0.43709124906052987
  0.44695848197147503  0.45704466507304609  0.46788510683006063  0.47944137246003365
  0.49344241090600682  0.50665825024787847  0.51901547331176978  0.53102243775389224
  0.54218775979981815  0.55221369836559497  0.56164198787667929  0.57101539853722483
  0.58041232099105311  0.59021520858265664  0.60057138356768092  0.61152714921727269
  0.62252242018477555  0.63320747750872275  0.64362019164927575  0.65380537261604532
  0.66470628347620830  0.67698576940676802  0.68960491861536755  0.70131033410338217
  0.71224519632892180  0.72329977851599303  0.73498683289047317  0.74711943431184114
  0.75911643337431223  0.77081638490428239  0.78237205081210925  0.79326611387162216
  0.80369159374251187  0.81384096219656266  0.82444754375341578  0.83509297859384868
  0.84561833481325499  0.85664839834188489  0.86764993677044389  0.87893991067505461
  0.89043875050739241  0.90152070769777926  0.91205023244391425  0.92227406072523543
  0.93234785008134524  0.94249078163248867  0.95168949431511141  0.96076051669734819
  0.97014086831150326  0.97979289113305534  0.99011460353431202  1.00000000000000000
 -0.00249861141446376  0.01094583536424154  0.02151217008992539  0.03224003038283476
  0.04323399051619071  0.05478326464048752  0.06586152643149898  0.07618647478325723
  0.08651331342372222  0.09709584335532140  0.10818476061848019  0.11895478280333410
  0.12976313015766155  0.14002623151207733  0.14995354696393068  0.16026354098197951
  0.17157237000048833  0.18419915125603914  0.19719420839363902  0.20946981485805652
  0.22147276675033895  0.23384410560217533  0.24596878235713027  0.25734457262729060
  0.26798003262816988  0.27773373406310803  0.28729683329401684  0.29643298595812434
  0.30528588557943065  0.31427292681938601  0.32346651316931141  0.33238551463541505
  0.34200092968973034  0.35136166211521525  0.36270742611407508  0.37337537532259324
  0.38269203741807639  0.39191124289249002  0.40128720799970879  0.41087643477946229
  0.42009023123591338  0.42929252860630851  0.43881719382831313  0.44890613498658177
  0.45935509069197467  0.46931441946488611  0.47901512528557683  0.48940932459982683
  0.50017679653363423  0.51084289419049367  0.52185018977791131  0.53296308430807726
  0.54365046534142303  0.55396532954708211  0.56403664734940362  0.57391157974300899
  0.58396533530414096  0.59477997239015723  0.60587260389438924  0.61710597222788732
  0.62825605420459074  0.63923477626130332  0.65013891104038768  0.66030405594109443
  0.67052238059310976  0.68088494069543615  0.69174200997890967  0.70282993946683736
  0.71351241036330637  0.72404773340655770  0.73474347087262248  0.74621092828688940
  0.75746517303250571  0.76892514655845101  0.77971922719657427  0.78952028219494330
  0.79932834528591046  0.80902287750846902  0.82000503987904727  0.83117313163608875
  0.84209409767310461  0.85364858896453955  0.86469840320757285  0.87642955377066056
  0.88823281164173817  0.89955028555498517  0.91009888498793001  0.91998194038419290
  0.92980829638948370  0.93983949018510859  0.94970256394539532  0.95981573648392460
  0.97008169329778660  0.98007227829724364  0.98969487154060976  1.00000000000000000
 -0.00227007610315203  0.00866419112232710  0.01822405311363610  0.02846596470037053
  0.03880677135614710  0.05047667550180021  0.06127593821090999  0.07192624946264170
  0.08241191806323117  0.09183477040203493  0.10203903279099141  0.11315583559177199
  0.12484445541447023  0.13664623881325483  0.14753019090564803  0.15771569000102645
  0.16737865684354752  0.17683742292762680  0.18607750804887732  0.19575055724231397
  0.20482730897882193  0.21386948898519978  0.22305399501132500  0.23269584562866941
  0.24261737384112059  0.25232748606691002  0.26194552025792062  0.27177580130111323
  0.28184048488144831  0.29242871725258973  0.30375612887531800  0.31575544111168380
  0.32778843996889750  0.33983438790806358  0.35204207906634866  0.36376971275071973
  0.37486080758408447  0.38583434890802276  0.39664822490982915  0.40712065193230024
  0.41755543341861273  0.42797554176064873  0.43904269531623830  0.45097429883360840
  0.46290558133718102  0.47434003684243325  0.48509882733081622  0.49602564238394264
  0.50751176522250674  0.51870170147707140  0.52921068920274028  0.53972595104637933
  0.55128273732893662  0.56255074018911044  0.57276936889017893  0.58235843515429975
  0.59188827819901557  0.60187829318421693  0.61110740899504667  0.62102754998356413
  0.63169663344124760  0.64262371630052217  0.65354317375626869  0.66434538996115211
  0.67549928596609277  0.68640746635971994  0.69654946453639488  0.70618530412130276
  0.71536499508046769  0.72482157558751192  0.73518569875565121  0.74599421742718641
  0.75714298059273311  0.76755831026862054  0.77894815930796213  0.79023423387163838
  0.80098932211433926  0.81244403368868001  0.82501247106273312  0.83624056328953167
  0.84626428008300969  0.85650720859499618  0.86737947175912966  0.87831576264947320
  0.88860615040477631  0.89867655899836452  0.90880496193218618  0.91917900135817632
  0.92875291724170350  0.93773559690889463  0.94744428348730969  0.95737143397687852
  0.96908955199928715  0.97923340282653459  0.99012434671472582  1.00000000000000000
 -0.00210327775903547  0.00830042619167792  0.01698207634374031  0.02732743890161210
  0.03664905300062204  0.04639271564873081  0.05586766446107255  0.06733951202846231
  0.08001349812972747  0.09272532525892832  0.10557196169073575  0.11795955673230481
  0.12976479730661603  0.14116090737004178  0.15263533591371317  0.16374146720110186
  0.17413625378339215  0.18436256519989000  0.19496661674405810  0.20601378618228025
  0.21703014396057213  0.22839103607933967  0.23977273939361654  0.25065394905652222
  0.26068966971969698  0.27054279884443638  0.28055049081638173  0.29063922726156022
  0.29952994842316838  0.30891007219323457  0.31905655799922339  0.32980434190800195
  0.34054441385764334  0.35089055233844268  0.36241438224173195  0.37424078354426837
  0.38495032207426078  0.39561301367198209  0.40607067180944417  0.41634225514398815
  0.42667995613988280  0.43704616878135344  0.44744618783016421  0.45732118105659564
  0.46713403702308537  0.47715030548097764  0.48723225898633826  0.49763346970730599
  0.50841680035083603  0.51917374061756005  0.52914577043239996  0.53898911092151669
  0.54950966527535017  0.56044807350059367  0.57182199439216841  0.58416900811916939
  0.59738575351125234  0.61029635401619053  0.62260562095778738  0.63400633915298765
  0.64535731917134831  0.65550560498012367  0.66536070742001419  0.67510197254201620
  0.68535860682118699  0.69543832298602204  0.70511541489912066  0.71533590866141117
  0.72618953845967449  0.73666252766623097  0.74659086592423196  0.75682924204831692
  0.76756690822616802  0.77784042564085909  0.78765985103450942  0.79728432533117766
  0.80679541953310951  0.81627158013132473  0.82581061155037427  0.83584987031022173
  0.84726210440079464  0.85929084006883827  0.87116760318963049  0.88321112944802282
  0.89489458463376381  0.90397846981331176  0.91364595824191419  0.92348269509740510
  0.93390908049093180  0.94318144063547726  0.95270678065734782  0.96232194704677576
  0.97238076195513046  0.98220851852838176  0.99083547638950020  1.00000000000000000
 -0.00239612989148142  0.00862539822078672  0.01844682476282626  0.02890243427275403
  0.03965006267360109  0.04951671956148038  0.05909466639967888  0.06889462103162580
  0.07839377928169419  0.08731915876362362  0.09610678442299722  0.10584083378849155
  0.11678204882228176  0.12826908342503199  0.13952985535749146  0.15044262570696873
  0.16098968771352379  0.17057180302495745  0.17922176117478733  0.18812432678225915
  0.19798982685768401  0.20790858818341362  0.21860645654276317  0.22997193814113159
  0.24224205853234385  0.25473385069987298  0.26733642978661931  0.27952410200094790
  0.29094727242470303  0.30139647054664037  0.31217212092284047  0.32246561667507362
  0.33245295002882580  0.34256417483767809  0.35272463055343456  0.36342214802759387
  0.37322222829469354  0.38476953841691558  0.39592963834809447  0.40651936866544347
  0.41709799126957198  0.42702308810381640  0.43623423873637224  0.44536959199823256
  0.45447125486532564  0.46487689776091529  0.47649507384993356  0.48797337460493634
  0.49923988861474339  0.50927974962497735  0.51892069242749661  0.52823912862417777
  0.53767555511529563  0.54737916644850260  0.55817817659460245  0.56917417495860978
  0.58033165577354717  0.59099815486731555  0.60156716684930889  0.61213609376663281
  0.62250899074170885  0.63257271893806566  0.64214011213101052  0.65238824738057144
  0.66391140813978844  0.67517137053824439  0.68681096255827601  0.69794718335876027
  0.70892938631384961  0.71969987353694487  0.73107331151868649  0.74223757519626343
  0.75326041752706219  0.76370717029533042  0.77495017527522281  0.78604049206042892
  0.79627292561504914  0.80603065639045623  0.81646061213130239  0.82769979722141029
  0.83901991671152265  0.84971252699907840  0.85993506672229625  0.86997185746107442
  0.87994298335187437  0.89109466382433578  0.90230346044844767  0.91413619179593575
  0.92515632877529463  0.93613906993860463  0.94651414481291674  0.95713784895205511
  0.96741611030001928  0.97792643839480098  0.98919192812683143  1.00000000000000000
   11.648812491968453       -1.0000000000000000     
 F F F F F F F F F F F F F F F F F F F F F F F F F F F F F F F F F F F F F F F F F F F F F F F F F F F F F F F F F F F F F F F F F F F F F F F F F F F F F F F F F F F F F F F F F F F F F F F F F F F F F F F F F F F F F F F F F F F F F F F F F F F F F F F F
  <DiscreteSampler_grid>
  grouped_processes
  1 # 1 for a reference and 2 for a running grid.
  10 # Attribute 'min_bin_probing_points' of the grid.
  1 # Attribute 'grid_mode' of the grid. 1=='default',2=='initialization'
  0.0000000000000000 # Attribute 'small_contrib_threshold' of the grid.
  0.5000000000000000 # Attribute 'damping_power' of the grid.
 # binID   n_entries weight   weight_sqr   abs_weight
    10   10   5.726976342654432E+012   4.992526043823912E+025   5.726976342654432E+012
  </DiscreteSampler_grid>
