 -0.00231084857829716  0.00871236406535249  0.01892234961214044  0.02998329223784211
  0.04079499388283206  0.05132324137449269  0.06092760949473554  0.06988798924987435
  0.07866577790780037  0.08838542545502368  0.09974064820336118  0.11192484175264493
  0.12438517169923412  0.13655962241478214  0.14829679627228684  0.15932873970734979
  0.16960349957779022  0.17955878631575450  0.18934360916643600  0.19893588030917161
  0.20861994540786849  0.21841758334733116  0.22851919838841442  0.23938253292988557
  0.25039899669538457  0.26316111935533137  0.27462691889176072  0.28521227524228621
  0.29610649628985847  0.30720547024703404  0.31736036096594084  0.32621288683254474
  0.33506233828384591  0.34375319036848989  0.35307570671822391  0.36189445097965334
  0.37081932225552672  0.37981136738044174  0.38891772251835932  0.39845287650462607
  0.40832277440154557  0.41834589957970908  0.42838834093767203  0.43816768378809562
  0.44840670732785637  0.45909656487760059  0.47016404868602696  0.48186989432005412
  0.49359798543659794  0.50438256410519988  0.51417529819309671  0.52431994224111689
  0.53522013119769030  0.54603335346857251  0.55620098949896601  0.56677511741508724
  0.57761333457252817  0.58844003152154678  0.59925039714669748  0.61068406971408529
  0.62263709368969700  0.63431141057265095  0.64541417746720475  0.65632936991851676
  0.66743637881308548  0.67895624115996145  0.69112917396877593  0.70343214429318213
  0.71467173771260206  0.72546053614569816  0.73620381367030929  0.74737169834732198
  0.75765629223794762  0.76758944113078809  0.77770529888576678  0.78845557674071531
  0.79893532803740541  0.80874647266088062  0.81816766933055807  0.82786518937159403
  0.83752062429471641  0.84694061804544618  0.85698556944451387  0.86755871425519715
  0.87797078228885450  0.88819717044956170  0.89843447943073729  0.90912769869853904
  0.92002083401347434  0.93059016441589171  0.94126554016577402  0.95192299279954606
  0.96314467661920222  0.97545903079398966  0.98779573751284755  1.00000000000000000
 -0.00058542426344708  0.00639882061228939  0.01303694288048234  0.01998033898926513
  0.02714776924248791  0.03445894532638424  0.04208780508721381  0.05060279987607939
  0.05945073842974141  0.06856469206130862  0.07825915606527632  0.08816748906583803
  0.09758457616756658  0.10672454907428165  0.11640653923338513  0.12704216444013111
  0.13985563858183853  0.15022130643747139  0.15914389598538733  0.16788606185653776
  0.17660016816226545  0.18508691448280845  0.19404642539202116  0.20288474608530535
  0.21306557941144197  0.22356101658210936  0.23440477751984082  0.24503038229173491
  0.25575987351382651  0.26631104519613441  0.27867907332140757  0.29215739776183597
  0.30437804577383371  0.31450987831405125  0.32321912110982221  0.33190741522882600
  0.34119672025746700  0.35070138827815506  0.36041950008773654  0.37033847071713144
  0.38111424070513494  0.39235900728281209  0.40271513374359180  0.41245308901429545
  0.42201331148997523  0.43187205650953581  0.44197902718202903  0.45164517384996539
  0.46118409414829586  0.47196014034484957  0.48359808208757321  0.49649940943528043
  0.50926956891356145  0.52154168780506316  0.53339651942120503  0.54542972920804178
  0.55742018289018813  0.56895526926949813  0.58011008397890029  0.59101479875822061
  0.60181206566507717  0.61225883615461496  0.62288376795151612  0.63460003222890538
  0.64677224445414716  0.65815474604997537  0.66891258343541526  0.67937330723592881
  0.68985340172864495  0.70075462643407560  0.71279636282424319  0.72646402653628850
  0.73932482592221105  0.75178371913006770  0.76375133486544255  0.77539934567628677
  0.78609225121994786  0.79654832680839527  0.80653376457399129  0.81679102790193625
  0.82720894098951192  0.83800946370258045  0.84981338837511833  0.86037727929079766
  0.87010266638202705  0.87977975754951365  0.88969042358178452  0.89985837338301933
  0.91011642966912010  0.92061443615017380  0.93174364526393527  0.94358891847468451
  0.95599072981959277  0.96877026524988574  0.98297252440158323  1.00000000000000000
 -0.00813153030967671  0.00095666602823458  0.01312835459204936  0.03621999681770639
  0.05952227903491258  0.08308113384433718  0.10528561047610008  0.12692566499618999
  0.14703662588973407  0.16724869086968089  0.18763667918225241  0.20831309649285515
  0.22922406323269542  0.25167255335450650  0.27403133300494320  0.29625538636425558
  0.31850367746095909  0.34076213373689312  0.36331546332116904  0.38593477545843868
  0.40870963204501415  0.43157724188357005  0.45450360700823322  0.47739838156954723
  0.50022015456768998  0.52284523364724633  0.54634144485494318  0.57049168205157108
  0.59538857890453434  0.62031895079164068  0.64421816073485894  0.66281204931352977
  0.67588743077248137  0.68939150044009256  0.69048389740534433  0.69230313787727427
  0.69656404723893672  0.70147450265134181  0.70628402715579675  0.71109965084790538
  0.71591168272337280  0.72073703043889470  0.72558182612215871  0.73043557745819820
  0.73528648150867670  0.74015326502003120  0.74500357414935070  0.74985112405524912
  0.75475868481375152  0.75970232699414575  0.76461571295406228  0.76956396684728134
  0.77453214046981322  0.77949741369810344  0.78447280322439272  0.78949481888499884
  0.79463105129422462  0.79980549692517655  0.80487693804139659  0.80988514284071123
  0.81496044908447363  0.82008937482793187  0.82524625048779143  0.83039962023980018
  0.83550136339283831  0.84064871511320982  0.84583771202059588  0.85098901090546819
  0.85614092323688973  0.86130164017248356  0.86647823916544986  0.87169060626500094
  0.87693042199983695  0.88217283402366931  0.88742148619106476  0.89264321126846147
  0.89787159355049884  0.90310720718936421  0.90842536094591808  0.91378726657758191
  0.91914798596919756  0.92445787189912931  0.92968279630107131  0.93493530303809647
  0.94029130414074347  0.94575035167686150  0.95125983331635311  0.95675208900081044
  0.96212574825951458  0.96742598492860343  0.97276352183149817  0.97819071192171159
  0.98364596049466524  0.98908790262257884  0.99452794049620974  1.00000000000000000
 -0.00239725282809437  0.00809428687879911  0.01852350481797963  0.02976753845165158
  0.04143558186717250  0.05301136076235934  0.06403606103468422  0.07462816976299329
  0.08542189040063709  0.09670980389524420  0.10836160346418404  0.12000415020419483
  0.13116733607688222  0.14183014210414305  0.15221003682200554  0.16213869282205903
  0.17241505653935416  0.18284373480206473  0.19406198771357325  0.20529083195531245
  0.21638839267282284  0.22743762502341419  0.23810164857759131  0.24827346485995791
  0.25827702130458197  0.26780640091615171  0.27723872447057518  0.28693456041986354
  0.29708423721152438  0.30781331991933053  0.31908461803995380  0.33058940754397093
  0.34167698075915626  0.35262015175769301  0.36408634979125742  0.37564887663498836
  0.38618569101979022  0.39620702005790542  0.40608481328319140  0.41587800948473885
  0.42577650877914996  0.43602720187655408  0.44723488879079520  0.45865914219918080
  0.47049680553439277  0.48240101596757529  0.49409785900613162  0.50580538437874367
  0.51744342416902001  0.52816031705089383  0.53902971123194554  0.54980229062097652
  0.56095228361434868  0.57122775563015682  0.58178750840218285  0.59132391755280289
  0.60130443632957919  0.61094374863516598  0.62049559943945920  0.63016629694637860
  0.64016367348667047  0.65048103822625936  0.66087466779303106  0.67142042960592407
  0.68239712370076522  0.69374383956181040  0.70513301742550916  0.71497299491276334
  0.72443732466466249  0.73405965253845518  0.74359073964160871  0.75247004139264195
  0.76052841350858913  0.76831935273483110  0.77681044578366276  0.78579053582061587
  0.79563115142842189  0.80596445638262282  0.81720594795423995  0.82894476891542523
  0.84069576855442507  0.85264753755819456  0.86429861409435438  0.87618723708086521
  0.88792255754981542  0.89922461519464714  0.91042416586622221  0.92174979852546701
  0.93272387397853951  0.94255195382710277  0.95152911819081543  0.96061728961119841
  0.97050920763440984  0.98061854108078550  0.99042693507016533  1.00000000000000000
 -0.00208744286769727  0.00888635948507292  0.01794882096811395  0.02766534173375487
  0.03720744175358764  0.04698886123681732  0.05703436357063896  0.06777048045463580
  0.07925953375910343  0.09169653495755170  0.10412488400327925  0.11571447547272852
  0.12739646487372369  0.13883877454730961  0.15143440387202947  0.16393223107930632
  0.17635420054393880  0.18875591160201444  0.20066032453347524  0.21170957058796025
  0.22204296641978910  0.23228339209285809  0.24272657499297576  0.25303386672290856
  0.26322472643700162  0.27405223813705698  0.28554166384328122  0.29594405736079860
  0.30524998354323096  0.31489156022476122  0.32475069972616816  0.33460692464041913
  0.34452947926596356  0.35440284275937667  0.36384772454297332  0.37307581201198892
  0.38227679618466309  0.39150662970216737  0.40044333413725225  0.40872353653266652
  0.41721333371630803  0.42742746910330515  0.43854137962663686  0.44959840169802423
  0.46103814703226453  0.47264943713108437  0.48419755801383396  0.49576123446326126
  0.50775900140172225  0.51994143506316004  0.53153225838303675  0.54241270338245517
  0.55305182807631692  0.56349532465652641  0.57349238816213710  0.58380653286701212
  0.59479640542024792  0.60643875579892781  0.61824626379278258  0.63046458745623712
  0.64296767969450352  0.65445739108767176  0.66532595096731051  0.67585022425498398
  0.68621172746573444  0.69631067437276450  0.70672741452450782  0.71710566852141822
  0.72758207726234414  0.73851653157747243  0.74944296967895485  0.75963714015371608
  0.76951649446140502  0.77962448593944189  0.79003609996589186  0.80044893757133972
  0.81075855419783405  0.82274928979837569  0.83485612961754507  0.84646399748991663
  0.85810226968945758  0.86956319288872186  0.88021289582736584  0.89015555607244945
  0.89996425766822119  0.90992851468810243  0.92013784076925165  0.93038921557938636
  0.94032439368412557  0.94972357577385857  0.95862048193490657  0.96693580458865969
  0.97538641346802946  0.98374330824912459  0.99203017958587014  1.00000000000000000
 -0.00189543448351368  0.00810232121141321  0.01658518556084992  0.02561301017119454
  0.03497743913630565  0.04463792536244212  0.05462294940999765  0.06490505114334232
  0.07591890747339315  0.08705045115016982  0.09767753862268103  0.10794698205005648
  0.11803317293409656  0.12807971658227651  0.13786498688378435  0.14776315915635563
  0.15751180278544119  0.16760105102070924  0.17825103600221390  0.18884094345876770
  0.19878089624944234  0.20867455460031520  0.21891234819241731  0.22954712795978116
  0.24013289024061488  0.25038809636203135  0.26018351434741138  0.26986532484437270
  0.28015792671323386  0.29061586862271671  0.30105882689896901  0.31115736999271831
  0.32283851316752127  0.33493382776530967  0.34655403705577076  0.35787086767877502
  0.36908921512061699  0.38003049026626917  0.39052871619061286  0.40046468585128125
  0.41039938210460675  0.42078739545812632  0.43130783129207911  0.44170971129954928
  0.45187282928530997  0.46187532675672344  0.47182220419120408  0.48221707712443784
  0.49293062176187630  0.50405442183152349  0.51516495164071607  0.52601163218025215
  0.53657636621439209  0.54729519825658546  0.55848336265492349  0.56989258588718139
  0.58079468019084790  0.59151231905977852  0.60234720837584166  0.61310377322410725
  0.62377493128938810  0.63420298097608252  0.64464637852901585  0.65533886859814505
  0.66613617978158435  0.67719812192647078  0.68832489403739128  0.69910011098453939
  0.70982028397436625  0.72072981647968970  0.73152904007539510  0.74201271963724935
  0.75286269915129023  0.76444381588354982  0.77617687044818517  0.78756592362379996
  0.79895133306242927  0.81124980378276179  0.82129855215078296  0.83118988134709870
  0.84056505469995735  0.85057834510264785  0.86041295596146905  0.87059969970362239
  0.88047134925345827  0.89058193236621175  0.90044840115634639  0.91010254445151961
  0.92005074799432907  0.93066877446194074  0.94122200033052139  0.95227671695938998
  0.96327140283568802  0.97539657017362436  0.98750477818692717  1.00000000000000000
 -0.00285286891503384  0.01022671097405376  0.02182833302067599  0.03406293715527899
  0.04568149192854210  0.05656433240075416  0.06712341751953424  0.07783085131062292
  0.08872551666597898  0.09997232951297702  0.11073814129355398  0.12089967257172766
  0.13051384226675455  0.13999825138334152  0.15022165858016862  0.16039229271513936
  0.17021168288370558  0.17991629351890959  0.19027077271797138  0.20132438368794681
  0.21210319888800871  0.22285696807408592  0.23348806042841119  0.24421247945220581
  0.25463702057382126  0.26385360333319208  0.27296472931098342  0.28161272115705976
  0.29022743024909392  0.29937392955387260  0.30897654557516985  0.31934159055356931
  0.33034908751002690  0.34142814210250028  0.35209302641531065  0.36164132554689943
  0.37096695664182910  0.38119494479836574  0.39175122684024166  0.40202612290919720
  0.41202215539396003  0.42248022953029918  0.43323413083652268  0.44301816775032177
  0.45192404436263189  0.46032835358710505  0.46869336748282348  0.47740497330563969
  0.48592345771886164  0.49444707427536855  0.50306194929204351  0.51197472905845476
  0.52073800149953631  0.52999659121046028  0.53917471362875757  0.54919682368853096
  0.56038728685510941  0.57160331333549730  0.58299476609697931  0.59458587207961600
  0.60555474768218742  0.61585550135241163  0.62601760979986665  0.63538292406370378
  0.64470329369613033  0.65437641781673606  0.66431682068661579  0.67446559412742513
  0.68436382069443080  0.69485940056550710  0.70578319927498712  0.71700584276770440
  0.72839729756436078  0.74075057182479354  0.75328931248676934  0.76525049269455625
  0.77755470538638927  0.79022959389403491  0.80348968053833403  0.81628466275049827
  0.82849898800971122  0.83970652730954576  0.85046207243042060  0.86164685634496496
  0.87326536098488539  0.88471097761510176  0.89576150047513259  0.90654207974762091
  0.91717694628586477  0.92763822757167225  0.93865040616855577  0.95039247541282712
  0.96273081317877751  0.97537189129200652  0.98784041903757291  1.00000000000000000
 -0.00285463961072047  0.01180029745091500  0.02383898157478903  0.03516932720234846
  0.04642040337426166  0.05743749442796037  0.06857552771543551  0.07966255646485318
  0.09172082203052886  0.10401198227237543  0.11558567630839650  0.12737328380222634
  0.13924616959138000  0.15047126707836739  0.16140173478134764  0.17260452528043807
  0.18443905608021499  0.19661241471629667  0.20787478511548066  0.21788243351045733
  0.22758020303689491  0.23779850885479947  0.24842458806202666  0.25903502488902985
  0.26942837711146622  0.27991303347570473  0.29071902097076774  0.30096568809670854
  0.31061848808565107  0.32043634429895745  0.33039018672176973  0.34083935349680167
  0.35097344021885291  0.36076311540638545  0.37033400979610431  0.38050963638597757
  0.39100349625725678  0.40181015677050014  0.41171634991710920  0.42048156714003210
  0.42865530871696317  0.43748076389254414  0.44597750066881303  0.45423917042244655
  0.46287586793959079  0.47180186532788215  0.48126052769689770  0.49102697798102024
  0.50097783332781509  0.51180165173545400  0.52320686046442144  0.53471853201533470
  0.54534097037097673  0.55515673043731295  0.56541503409158267  0.57630488662585244
  0.58699878303638042  0.59701466375060397  0.60700941200341008  0.61720311892218493
  0.62724727099671229  0.63722711714621616  0.64824685845304697  0.66068955539846230
  0.67333685908494967  0.68610773546289272  0.69826843588452248  0.70944891654789766
  0.71916268706836006  0.72892601483136588  0.73897568551890358  0.74896043941500512
  0.75932769055864147  0.77009337814407941  0.78116699210540330  0.79241665434453035
  0.80159016386464010  0.81170991374681101  0.82168700186774013  0.83244101556762007
  0.84307251361480873  0.85364814479173479  0.86351934757203253  0.87353071827350071
  0.88387247337211095  0.89400936153073074  0.90373311864880201  0.91295733545976898
  0.92290785046834378  0.93353503078648870  0.94433648146683880  0.95492225238469608
  0.96568503863798416  0.97628908111242529  0.98812807705582439  1.00000000000000000
   62.704672882045116       -1.0000000000000000     
 F F F F F F F F F F F F F F F F F F F F F F F F F F F F F F F F F F F F F F F F F F F F F F F F F F F F F F F F F F F F F F F F F F F F F F F F F F F F F F F F F F F F F F F F F F F F F F F F F F F F F F F F F F F F F F F F F F F F F F F F F F F F F F F F
  <DiscreteSampler_grid>
  grouped_processes
  1 # 1 for a reference and 2 for a running grid.
  10 # Attribute 'min_bin_probing_points' of the grid.
  1 # Attribute 'grid_mode' of the grid. 1=='default',2=='initialization'
  0.0000000000000000 # Attribute 'small_contrib_threshold' of the grid.
  0.5000000000000000 # Attribute 'damping_power' of the grid.
 # binID   n_entries weight   weight_sqr   abs_weight
    10   10   5.378905313064673E+013   6.514824949873101E+027   5.378905313064673E+013
  </DiscreteSampler_grid>
