 -0.00264898817452966  0.00928342139475650  0.02013319429779439  0.03067411790834713
  0.04137655625246658  0.05212636630710123  0.06296988871692662  0.07380978049080900
  0.08506319541023802  0.09534323748101842  0.10553446816313178  0.11622587522890503
  0.12672662317913463  0.13761695426943807  0.14822945761789091  0.15854675858370187
  0.16870044318045699  0.17795941251884748  0.18717581300363187  0.19605129595497228
  0.20510303142205114  0.21454978453780396  0.22475320365212989  0.23431374109073352
  0.24401671253937171  0.25360077267831055  0.26261287111150561  0.27186011011677785
  0.28202428474682795  0.29287869919609699  0.30401792001625116  0.31491551800136763
  0.32548579778038389  0.33563981536682735  0.34515873915579187  0.35482681222302132
  0.36502564138485921  0.37547851489237188  0.38622744676027126  0.39763404173603956
  0.40907349562419665  0.42004767979944801  0.43017837699097344  0.44034974192592818
  0.45141811928669467  0.46190925776292474  0.47134314009266925  0.48116368723992686
  0.49132292069785921  0.50145014511150499  0.51106741987678084  0.52116521526549187
  0.53268078548224385  0.54515718654302270  0.55767974858168445  0.56954781141410060
  0.58038933693297623  0.59103008345818020  0.60125608737097769  0.61172161254625024
  0.62149207266072548  0.63309823277033850  0.64502549893720262  0.65481458023323758
  0.66463775783855183  0.67481454413291020  0.68528606636807821  0.69525185869314887
  0.70476132866684271  0.71546048616229330  0.72794668393640249  0.74079975336208548
  0.75387664484378747  0.76601525439593099  0.77761740307644356  0.78899850669723570
  0.80007555577768263  0.81100587306425032  0.82211335853328882  0.83311488076018558
  0.84410898033540893  0.85491047333833503  0.86563158645246896  0.87668732532689619
  0.88754647356353400  0.89825010909429681  0.90790303097491221  0.91737894597846270
  0.92697603984959132  0.93690503285712678  0.94656861664574621  0.95584137069669939
  0.96653999393287648  0.97774270824183429  0.98892957449673513  1.00000000000000000
 -0.00023815128346975  0.00533784481021564  0.01154361118064778  0.01839630577226874
  0.02615413481915951  0.03517212429799570  0.04509866319998537  0.05569181744822244
  0.06642270886115637  0.07701546088905523  0.08713755044994710  0.09656648332310729
  0.10572322232536616  0.11521161406029337  0.12566679253272572  0.13709754950818376
  0.14879982280003232  0.16054889663325733  0.17250256831995900  0.18434520048745820
  0.19546931127735484  0.20586571578595214  0.21629478913164665  0.22611946417962034
  0.23622573049236789  0.24603301356499258  0.25630464961587945  0.26652762497491911
  0.27648428595908703  0.28644437705488945  0.29610513144440126  0.30604646980523259
  0.31545161111840603  0.32473584890875223  0.33430308006059067  0.34471165066374126
  0.35598335635863276  0.36635702928852382  0.37582350071055148  0.38555438612281617
  0.39598199564117487  0.40699193239503217  0.41762518577935742  0.42773520084881228
  0.43777802322629200  0.44747601379332508  0.45665486130684063  0.46565589384575129
  0.47471646695824732  0.48354069412886824  0.49241333125516046  0.50130658265727013
  0.51098845583235619  0.52005242657897255  0.52926416924926334  0.53894388849743868
  0.54945532894541904  0.56093697224670325  0.57305225403644899  0.58551837523361305
  0.59744185705727881  0.60823571755588202  0.61848604435748533  0.62918828319116138
  0.64004000685724860  0.65132743860097742  0.66248778886985327  0.67434918818117950
  0.68632894559929880  0.69835711364252029  0.71034957637557805  0.72213892519237344
  0.73359010389794066  0.74492570891308330  0.75641857018427483  0.76739019435817935
  0.77732659146481387  0.78664900734776833  0.79684088933438035  0.80699716056485049
  0.81711696938719203  0.82725661796337235  0.83828756585782216  0.84978845070130571
  0.86100966055239303  0.87220716505495577  0.88350164184350788  0.89533219104698980
  0.90771707381228983  0.92004856592827255  0.93158520850817639  0.94378978768000754
  0.95616126164018134  0.96866011577881928  0.98293356950066191  1.00000000000000000
 -0.00893022239504391  0.01873207028201234  0.04311241105083330  0.06752287168683210
  0.09178296672429093  0.11566905268083948  0.13745729091420320  0.15727436276463394
  0.17776460378886000  0.19835683529532724  0.21848516767476564  0.23973675482546097
  0.26240618212962302  0.28525295514205529  0.30816543325207951  0.33113850669347772
  0.35401628430801946  0.37660750154088102  0.39905730932188610  0.42136636253817122
  0.44377563585763136  0.46622158069717279  0.48854276843063571  0.51085058384861637
  0.53312110239382460  0.55533444717325986  0.57747707683957539  0.60007052482050016
  0.62288390267370830  0.64729811180208519  0.67005180909625839  0.68789146468950813
  0.68996027541281202  0.69131889360016330  0.69417452617067577  0.69913016909104875
  0.70393646244721508  0.70862875498654176  0.71334784209975277  0.71812364943700802
  0.72285527006282091  0.72760118521667405  0.73239307622431993  0.73717459400078456
  0.74197163447161052  0.74677906273813000  0.75153340964101112  0.75627564327932262
  0.76103770922181158  0.76587760180025810  0.77074499229995674  0.77562899538713792
  0.78054370694297093  0.78545279056825079  0.79034205034095573  0.79527032059804403
  0.80025011356861131  0.80522979983190668  0.81020303780710545  0.81516230517492161
  0.82014414357311183  0.82507801627913058  0.83000248377843122  0.83491207616617702
  0.83987788140987796  0.84488441985568119  0.84985608296685522  0.85489969752000416
  0.85998033030452070  0.86498017770066715  0.86996879162737906  0.87502049173358021
  0.88013824605617619  0.88520106205305393  0.89023681590517334  0.89529996400805190
  0.90041614920239932  0.90553641049777600  0.91067948103154461  0.91587728058804585
  0.92111095856456537  0.92631135807261877  0.93145758950737367  0.93665755849352583
  0.94195093341086877  0.94721707277365386  0.95249533897690941  0.95780708047763452
  0.96308087433021017  0.96830612361648105  0.97359933752359895  0.97889997900063985
  0.98417226101867428  0.98940664559234281  0.99465156134136901  1.00000000000000000
 -0.00315824245236557  0.01105873158173874  0.02295709763590107  0.03393496938257660
  0.04495743860918991  0.05601241404755369  0.06654092612589710  0.07676646706880680
  0.08763317924999835  0.09961809906030165  0.11194592107220706  0.12368783197399971
  0.13504695079349849  0.14626504102888935  0.15785696133639340  0.16950899778375028
  0.18087724595665075  0.19190459330008897  0.20256505657394097  0.21307231073699659
  0.22166006825284776  0.23046265126991874  0.23944965437690030  0.24855870322667323
  0.25796978737850168  0.26814571062934334  0.27922173327809774  0.29059474335564633
  0.30075803267075002  0.31061640712173294  0.32017270786568774  0.32959493543710916
  0.33931237965719518  0.34948269218938743  0.35987954674141942  0.36987761095817706
  0.37938196945310881  0.38888734232349564  0.39862777791506548  0.40868737412554851
  0.41945092596917305  0.43064067111069332  0.44154968610390821  0.45169202998368502
  0.46149222301470688  0.47158353249524809  0.48128007440428827  0.49055729288018302
  0.49933356622700775  0.50950411993327605  0.51975070743772667  0.53053955058634439
  0.54188635654309947  0.55389553477152786  0.56544824808477767  0.57604463424860763
  0.58550362542174172  0.59468988142169776  0.60394124564457807  0.61493986538010070
  0.62651160432182784  0.63849612100483777  0.65033088478997758  0.66179289886775938
  0.67229033107431202  0.68210371782185730  0.69218851933725611  0.70239676869345280
  0.71225169479553108  0.72151575460885442  0.73137721790600041  0.74179078239805829
  0.75236215707871279  0.76286057044749589  0.77373139188111240  0.78585007099724402
  0.79747956528386033  0.80848599607225002  0.81894390523711258  0.82924293186602838
  0.84028186942937322  0.85088507681030334  0.86053157782615486  0.86969675740115482
  0.87977936387000333  0.89024944112423998  0.90016665289858655  0.90956053584050867
  0.91914393131110850  0.92973414428175216  0.94030877551053971  0.95143644332645338
  0.96332132771384538  0.97606155338841560  0.98840899550646433  1.00000000000000000
 -0.00201402137440218  0.00837230743626752  0.01679855097705651  0.02604642673156405
  0.03583365833159670  0.04559371960454606  0.05520752893677179  0.06465727590289522
  0.07471674862152962  0.08552539763814918  0.09596421963189525  0.10609196376926525
  0.11572164371876065  0.12579274463304199  0.13594902222972585  0.14612807289462235
  0.15615488080201684  0.16655084131154121  0.17798319987927030  0.18896493374817416
  0.19916840030347702  0.20942387659190470  0.21979784434613664  0.22992070112622973
  0.24009270122825133  0.25040286418732766  0.26100262612183822  0.27152509112135165
  0.28154025849462733  0.29104081602359699  0.30045886080465622  0.31023634748767281
  0.32121113247133082  0.33281554962424081  0.34415163963797879  0.35528110533377039
  0.36609896000440612  0.37726075713088819  0.38888401074007767  0.40046565490044655
  0.41151145817253448  0.42318650751337478  0.43491685422506737  0.44707457055585520
  0.45924051391028176  0.47142169337340656  0.48353352833999713  0.49564532493256258
  0.50805479933679332  0.51964025900374833  0.52977301036376068  0.53940292675564283
  0.54907707843306708  0.55872198889473246  0.56855798254694068  0.57823487943305174
  0.58856144339634098  0.59947844040440335  0.60997001408847284  0.62065951770036365
  0.63092205427325765  0.64118107689026416  0.65180939912796132  0.66225069022327732
  0.67254734093865731  0.68307779344176134  0.69511990916460187  0.70768150103766470
  0.71889182112577910  0.72962236650863688  0.74068692777425660  0.75156298955974266
  0.76204555529686258  0.77238312680739862  0.78300463326985270  0.79411520208178721
  0.80580743435807867  0.81787826179901313  0.82926027609277708  0.84020857231897483
  0.85082722888590745  0.86090666083991141  0.87045781366452379  0.87951456973471187
  0.88903729728932246  0.89952784099060712  0.91004490562549645  0.92018663599078454
  0.92948820962212186  0.93910507360377726  0.94953334825323876  0.96002525981541886
  0.97012158517174540  0.98075940243319804  0.99061561492837891  1.00000000000000000
 -0.00225810331284135  0.00927730862612400  0.01890827805783976  0.02996076612155268
  0.04104460500933790  0.05162250318863976  0.06163890427598933  0.07161800806712457
  0.08145921883182963  0.09082238805051128  0.10009021299962606  0.10984909319432698
  0.12056555844424958  0.13200020773769192  0.14380793012389667  0.15466512682322522
  0.16551451593088320  0.17653987301434323  0.18763134248597960  0.19778063326568948
  0.20741018412506362  0.21702389831562480  0.22655298450589523  0.23629522372836229
  0.24542671154115375  0.25507750043541205  0.26517002740726914  0.27589172915583682
  0.28736520145389866  0.29896241278104230  0.31093646583418610  0.32280015806213636
  0.33481320967838402  0.34726073602777524  0.35877499496507309  0.36951309952877609
  0.37982146196794425  0.39000733908736501  0.39992698564786811  0.41009623965724251
  0.42117645225903344  0.43307291244766272  0.44507270005885979  0.45675055473825382
  0.46850416525932242  0.48000996856144068  0.49071729408269316  0.50131844675580273
  0.51185399517685326  0.52210870203871673  0.53094486962445864  0.53952203482859995
  0.54855344906375147  0.55795741207838878  0.56756874510043198  0.57685762201120316
  0.58562062333912490  0.59586756257616980  0.60517892737825385  0.61414262852680201
  0.62365769051237396  0.63318954619243784  0.64269024657680762  0.65190415216076936
  0.66114296854811816  0.67055131021359660  0.67986906365540700  0.68935169594146906
  0.69953343275827951  0.71005543219544509  0.72069080322701196  0.73168222906983749
  0.74401859195105435  0.75566073369623588  0.76674893766817975  0.77824714596579947
  0.78955009032072065  0.80015461855065018  0.81065542297230941  0.82193587167586768
  0.83322437295519758  0.84408400033660469  0.85516325152556405  0.86674700349559897
  0.87844719902403179  0.88933449464471859  0.90013792138551441  0.91037301715814256
  0.92098051723276153  0.93103790402868314  0.94111226558468830  0.95152929279785603
  0.96264868820758243  0.97531730912633152  0.98795730612714605  1.00000000000000000
 -0.00262749305643655  0.01010299029490637  0.02072691035876455  0.03208458839120502
  0.04244263356720936  0.05330446538396201  0.06393197208604487  0.07549155256068149
  0.08645677630411665  0.09646178358878479  0.10628156347194488  0.11635796752316988
  0.12677144276726862  0.13713057594882860  0.14693417019790372  0.15705404520137525
  0.16723752981496884  0.17727821198934526  0.18759899739910721  0.19726692796133841
  0.20691570094894945  0.21604740015218532  0.22506245763323543  0.23405814859351989
  0.24334837356049932  0.25315067445950934  0.26356253930892792  0.27371872631538874
  0.28417987860219773  0.29477624337373171  0.30593766399845329  0.31709886443754559
  0.32840233254512080  0.33987337428017289  0.35155846145670622  0.36332495846341684
  0.37507641359690769  0.38741625031727833  0.39959904224641313  0.41129006666255435
  0.42160008911147184  0.43124029603000152  0.44115867135830644  0.45096729642236399
  0.46099854909758964  0.47160537683656140  0.48241710936972726  0.49317166428007669
  0.50379991895796017  0.51425149590633668  0.52470482497378845  0.53440866150382726
  0.54387252540075970  0.55448120913056143  0.56454087471861492  0.57477142067574383
  0.58557179081569843  0.59809691866375070  0.60906698965223960  0.61958001362276416
  0.63072070038752404  0.64241008613223127  0.65276115535842094  0.66249942163352660
  0.67270289671736316  0.68369146809602832  0.69410169621902174  0.70402427450271399
  0.71456231236455525  0.72560399211050741  0.73586110752263156  0.74565527467602455
  0.75584886432623910  0.76664188320831173  0.77718597144329027  0.78721896341273845
  0.79738393500820548  0.80806232574235493  0.81811878348793754  0.82787351621408090
  0.83774651337957706  0.84729249489206582  0.85669162770083729  0.86636469096623192
  0.87665562175361422  0.88742847589357177  0.89856352492575331  0.91051063426816004
  0.92270376297727397  0.93446072231639599  0.94578129282127443  0.95688453297309262
  0.96816428767919283  0.97942831021349364  0.98981695015575644  1.00000000000000000
 -0.00275783833302332  0.00972948421578755  0.02132717468658357  0.03277752868519218
  0.04464793254982758  0.05644158353500980  0.06778074512305429  0.07815129710946379
  0.08830480096990581  0.09723168376257070  0.10553414071582425  0.11352741672907432
  0.12186230027147840  0.13050090106414178  0.13917437906871258  0.14822819091445252
  0.15787303171012049  0.16748882155023570  0.17763008209084064  0.18809026735959286
  0.19844248350546112  0.20856665437391325  0.21855387923193040  0.22846127316589213
  0.23792540490930675  0.24689482661192275  0.25601729833481118  0.26537189402788369
  0.27507547752933242  0.28461647977681864  0.29418359089150398  0.30447650586528791
  0.31420768327876825  0.32372777869121455  0.33364670511945121  0.34505157392338665
  0.35743325944099547  0.37002924872645560  0.38256492216835153  0.39527210954322939
  0.40743043235894905  0.41869776187704461  0.42957308766686603  0.44021859475637437
  0.45154657452711416  0.46349444412390173  0.47570037469896936  0.48813631460318063
  0.50052760695485932  0.51244573918874781  0.52376746838262278  0.53471917753750753
  0.54629786003642389  0.55871596760976472  0.57050459271237042  0.58158898088992894
  0.59269611399675071  0.60367325186088427  0.61399782606019293  0.62384844793176086
  0.63324700728153294  0.64240191915006717  0.65153606396781660  0.66103184705043061
  0.67110234865291885  0.68169688190980671  0.69264701299856801  0.70383678993761700
  0.71462226206641832  0.72493023989472805  0.73533086155213390  0.74584493747929193
  0.75614667328078222  0.76633695740378305  0.77679207068392531  0.78726971732595352
  0.79703036419457274  0.80649415207755648  0.81614898516135170  0.82632978682774960
  0.83620238891030152  0.84562775161870174  0.85578063160903939  0.86701072437089133
  0.87855968674490259  0.88968228500615765  0.90115700509113050  0.91299956710844699
  0.92470458788637300  0.93624188546572340  0.94743725213474284  0.95898602954540879
  0.97011863484376448  0.98081414565630098  0.99050214281574511  1.00000000000000000
   60.920856437301779       -1.0000000000000000     
 F F F F F F F F F F F F F F F F F F F F F F F F F F F F F F F F F F F F F F F F F F F F F F F F F F F F F F F F F F F F F F F F F F F F F F F F F F F F F F F F F F F F F F F F F F F F F F F F F F F F F F F F F F F F F F F F F F F F F F F F F F F F F F F F
  <DiscreteSampler_grid>
  grouped_processes
  1 # 1 for a reference and 2 for a running grid.
  10 # Attribute 'min_bin_probing_points' of the grid.
  1 # Attribute 'grid_mode' of the grid. 1=='default',2=='initialization'
  0.0000000000000000 # Attribute 'small_contrib_threshold' of the grid.
  0.5000000000000000 # Attribute 'damping_power' of the grid.
 # binID   n_entries weight   weight_sqr   abs_weight
    10   10   2.492821120861032E+013   1.727252891399186E+027   2.492821120861032E+013
  </DiscreteSampler_grid>
