 -0.00000022882443182  0.00000049242055006  0.00000113307027079  0.00000176983835013
  0.00000240734375208  0.00000304590667374  0.00000369342507057  0.00000434656520977
  0.00000501856897924  0.00000569137469247  0.00000635189163328  0.00000701844153967
  0.00000769325180395  0.00000836841878528  0.00000904442847550  0.00000974986447640
  0.00001045534410765  0.00001116088993768  0.00001187850314043  0.00001262161532223
  0.00001348790505169  0.00001433820905990  0.00001517071448833  0.00001599528906730
  0.00001681688797456  0.00001766628878527  0.00001852419985691  0.00001940408167179
  0.00002030184205840  0.00002121166270913  0.00002211178081923  0.00002302018295838
  0.00002394184320962  0.00002487793165671  0.00002582497769287  0.00002679337546484
  0.00002775906271714  0.00002871796869553  0.00002965937929325  0.00003073723207919
  0.00003188086795001  0.00003308024621835  0.00003428357308155  0.00003548988002197
  0.00003670877102760  0.00003794535784418  0.00003920389268507  0.00004046436912374
  0.00004172912068771  0.00004299917424998  0.00004428947927361  0.00004560638054698
  0.00004695949781986  0.00004842422672312  0.00005010453030351  0.00005188603353594
  0.00005366817040993  0.00005550867941679  0.00005739270517849  0.00005931528501091
  0.00006125783349122  0.00006320559697257  0.00006515988041503  0.00006726634149850
  0.00006973593503309  0.00007223188460894  0.00007479260219299  0.00007742278459340
  0.00008009585871487  0.00008276781542590  0.00008578424573085  0.00008910382995128
  0.00009263092352719  0.00009635288192212  0.00010016217105734  0.00010442347009446
  0.00010919119904488  0.00011411206052469  0.00011933818243286  0.00012528885210302
  0.00013191987703790  0.00013900021560225  0.00014806781187849  0.00015820509057875
  0.00017044636117673  0.00017962461398149  0.00018719972488207  0.00019530314587440
  0.00020428552554413  0.00021494667650973  0.00022751668288535  0.00024336643724684
  0.00026441386163995  0.00029993470688290  0.00034619476840707  1.00000000000000000
  0.00000147516698403  0.00000457535308130  0.00000615547172516  0.00000829389896297
  0.00001003635462768  0.00001123164414196  0.00001231853199057  0.00001333757381457
  0.00001426861716739  0.00001504347073732  0.00001584712790877  0.00001666296131735
  0.00001753369063047  0.00001860089581064  0.00001966871771257  0.00002081998928016
  0.00002184548829629  0.00002282831324391  0.00002374963451317  0.00002460377477619
  0.00002546308302388  0.00002626123578347  0.00002706504910096  0.00002793059790153
  0.00002880762678608  0.00002966942548799  0.00003048904795117  0.00003129120781279
  0.00003213449103500  0.00003302766189123  0.00003406751377781  0.00003504432955145
  0.00003596977750698  0.00003685459310761  0.00003773775923725  0.00003863868326269
  0.00003956573995646  0.00004056400155772  0.00004165095839730  0.00004279038154591
  0.00004392258232191  0.00004504391329617  0.00004618344790305  0.00004726903311438
  0.00004839176142856  0.00004951319176822  0.00005065161859263  0.00005178007456565
  0.00005287667278662  0.00005401442550257  0.00005520178816549  0.00005642270270942
  0.00005770960310971  0.00005906392660290  0.00006049175449575  0.00006180681722727
  0.00006306819852914  0.00006433230585671  0.00006565938752801  0.00006703988663375
  0.00006844044198863  0.00006997988569785  0.00007158998565542  0.00007316142206603
  0.00007473462773359  0.00007633848156110  0.00007797663186567  0.00007971544199105
  0.00008158767983609  0.00008351447875054  0.00008546590743253  0.00008745837408975
  0.00008945107595278  0.00009144867671289  0.00009350444847765  0.00009568758449804
  0.00009800900810644  0.00010038768256941  0.00010275601774681  0.00010533987772263
  0.00010795418887203  0.00011079626787579  0.00011431802533613  0.00011825001776230
  0.00012248859797710  0.00012671582602338  0.00013075263661563  0.00013528295647041
  0.00014112438874907  0.00014834693358638  0.00015631299843381  0.00016750610254177
  0.00018268179441087  0.00021385381672844  0.00041192454319134  1.00000000000000000
  0.95975895747267403  0.96180902215714925  0.96292912873641101  0.96353875490062468
  0.96395963947921626  0.96429954011545360  0.96457769355713996  0.96483498092519715
  0.96507659100159315  0.96529844864853365  0.96550070529817267  0.96569682521619593
  0.96588942783666742  0.96608008952719426  0.96626278873596438  0.96643600324275891
  0.96659540769737706  0.96676294882663660  0.96692796046873231  0.96708882509563887
  0.96724950448992408  0.96740306379977681  0.96755151470963718  0.96769694267074158
  0.96784188116796876  0.96798971954836299  0.96813081194654560  0.96827627033232189
  0.96842586966478439  0.96857669683270065  0.96872685900771405  0.96887306581710575
  0.96900620036700402  0.96913397453861350  0.96926395176546765  0.96939931381735056
  0.96953794202428933  0.96967509729585610  0.96980717323854260  0.96993359455138473
  0.97005944343452311  0.97018532485699815  0.97030802343118261  0.97044869098591646
  0.97058645348021300  0.97072386798445953  0.97086409125801232  0.97100612416998577
  0.97115424892733460  0.97130460152533749  0.97145858411164265  0.97162223262674674
  0.97178408880545952  0.97193784669622918  0.97208479129322611  0.97222719304599359
  0.97237176138706416  0.97252200195513705  0.97267537866590392  0.97283210091505035
  0.97299298347130148  0.97315446077328482  0.97331663713914107  0.97348543156869694
  0.97365349644890353  0.97382689443194770  0.97400397941856387  0.97418720420054650
  0.97437137537923169  0.97454495876032854  0.97471832407232661  0.97490702181397582
  0.97510765175685621  0.97533536607757310  0.97553612636536047  0.97572917621536015
  0.97591937487164937  0.97612559270632371  0.97636431550572034  0.97661742663269424
  0.97688366163659701  0.97715709744734236  0.97745741942615638  0.97776627039200792
  0.97810779169535234  0.97844839408649753  0.97876459715316910  0.97914169052970079
  0.97961131268467061  0.98010391032759570  0.98065081838816481  0.98122620950468031
  0.98188078214350294  0.98297814990215082  0.98440489207660187  1.00000000000000000
  0.95862205508773268  0.96732030158379123  0.96882066699955083  0.96964115179921706
  0.97027084040911182  0.97080558326068522  0.97126399953046472  0.97166040953456179
  0.97200334220422091  0.97231180923523508  0.97260589762881178  0.97289450113345977
  0.97317152101944349  0.97342705569552579  0.97367215211615343  0.97391372215788896
  0.97415762376669834  0.97440244854457780  0.97463723950912107  0.97486157660905204
  0.97508134234396526  0.97530997442383571  0.97555142956940633  0.97579091957893704
  0.97602084436310366  0.97624140611465759  0.97645649584189087  0.97667241139376326
  0.97688935688508793  0.97711046129269574  0.97731886871343288  0.97751202253732328
  0.97769792580182235  0.97788040317045444  0.97805335646268499  0.97822596761570813
  0.97840131728040980  0.97857287993791475  0.97874826428593231  0.97892184719963959
  0.97908974835639462  0.97926328374533023  0.97943127187858536  0.97959404804934580
  0.97975042855592664  0.97991274614973889  0.98008466834097441  0.98026884607879772
  0.98044828127515560  0.98061731236135774  0.98079248772586802  0.98097367605733410
  0.98115373630402147  0.98132986800616329  0.98150820135031147  0.98168996968041433
  0.98187442457008656  0.98206538844034952  0.98225411069291901  0.98243845190338530
  0.98262845285441935  0.98282483337904647  0.98302005180159557  0.98320463374409284
  0.98338141025003900  0.98356153537635305  0.98374121239468293  0.98392838629993451
  0.98413762459649989  0.98437071795874576  0.98459643173216771  0.98479595526844399
  0.98499839904457165  0.98521017150846624  0.98542970191479151  0.98566425004312230
  0.98590826019548117  0.98614586479125010  0.98638766077003948  0.98662787807141727
  0.98688940845504791  0.98715239416855038  0.98742711674142913  0.98771508507533534
  0.98803377661823444  0.98840101905197197  0.98879151506219753  0.98917170917098296
  0.98956240691751152  0.98995992035087277  0.99034431406220658  0.99076691047184373
  0.99125269033329522  0.99259680145926465  0.99580440477769538  1.00000000000000000
 -0.00217961051845535  0.00872747370665813  0.01843518130593199  0.02926163292074826
  0.04022844327472190  0.05065990935924786  0.06113259404425330  0.07120853286936549
  0.08177089217971185  0.09147503017431731  0.10109504263274666  0.11086036967828913
  0.12141135869455733  0.13240947485101340  0.14294416578280744  0.15318790689264955
  0.16315710059023447  0.17310934489016783  0.18243163660773229  0.19163943232281008
  0.20097500591065265  0.20980733541539556  0.22051147708325608  0.23158597040362547
  0.24436602271331839  0.25596863567525929  0.26605386876751747  0.27608252215875589
  0.28643987293951523  0.29742692056929765  0.30765979605461830  0.31791329697574899
  0.32826081974327148  0.33891547457880422  0.34877668058612721  0.35902841715988065
  0.36956045448459535  0.38162967353542077  0.39332331403521653  0.40494982521953987
  0.41573266140859766  0.42568423625384721  0.43516338228308116  0.44470254385686614
  0.45465896599458716  0.46501163380630767  0.47563116573304770  0.48710387587761245
  0.49793593082844007  0.50793841253196226  0.51777475426260244  0.52802076542260723
  0.53863702545777914  0.54908309537226896  0.55935896797976481  0.56959621621152345
  0.57930967308444670  0.58961272703615963  0.60011866875328479  0.61093039543757865
  0.62191942297392044  0.63179570203480095  0.64251350698699927  0.65242946426370763
  0.66305910406596347  0.67411803535136894  0.68514010037662554  0.69522159756120083
  0.70401503787516362  0.71204149333421296  0.72033666184313361  0.72972000934524173
  0.74039174969066790  0.75134971632427849  0.76225343672536094  0.77327461995240976
  0.78464064750292617  0.79630558504494842  0.80791774598272303  0.81927655322246817
  0.82989045215201862  0.84014593891266465  0.85028296850804164  0.86035254758097512
  0.87059980657799030  0.88207108210262575  0.89429337709324563  0.90661895436946704
  0.91891839789399432  0.93020286624371917  0.94142007067088962  0.95186210539420002
  0.96294868461187710  0.97481434428763281  0.98761486466365322  1.00000000000000000
 -0.00280831812511026  0.01050285111581247  0.02160506667698238  0.03159877090860473
  0.04144183783758375  0.05123548910406604  0.06193688212932064  0.07375376476582478
  0.08563910603466078  0.09645975718361141  0.10712586611630405  0.11821122838954003
  0.12953420751093733  0.14029759636060041  0.15066605263882479  0.16135716489620561
  0.17191397852139950  0.18233089803299599  0.19283690488951699  0.20345813319328415
  0.21399428743720586  0.22479653544402459  0.23560557656572609  0.24703944586040213
  0.25909395466937152  0.27209287923503639  0.28259142511332963  0.29120089343743000
  0.30023075937623817  0.30976557263306331  0.32026992887704742  0.33063569481721461
  0.34068572961113541  0.35088756839010082  0.36205936178660508  0.37384670058188729
  0.38574302150340301  0.39753756970954074  0.40899957159101447  0.41989549347954025
  0.43047130432647446  0.44112982838169956  0.45196964382053290  0.46293025820390910
  0.47384793112736268  0.48435679634430373  0.49436531510010501  0.50439939607815842
  0.51440774357417118  0.52449545449936485  0.53475675027667979  0.54551071295944709
  0.55725450428749568  0.56947025607853652  0.58070407795116918  0.59089879794195677
  0.60074648422320109  0.61123284917029541  0.62180089374987413  0.63169450275121319
  0.64122981225172360  0.65111656269399631  0.66136719592136350  0.67229018737617874
  0.68342027910459580  0.69459258235132626  0.70550736553055982  0.71540068449475080
  0.72449738916050432  0.73302975075530807  0.74157404260851634  0.75106964088598671
  0.76209273694251789  0.77354142767520273  0.78452752444410667  0.79528208555942959
  0.80669008087376970  0.81836694548580213  0.82931534634927950  0.83915705669843488
  0.84884011276410831  0.85934924884628272  0.86994069628681581  0.87962494186789975
  0.88917589579166023  0.89818098517186773  0.90755662404831217  0.91728955633005416
  0.92665295397619829  0.93603497862687801  0.94563474722578034  0.95523154589529369
  0.96584569896633488  0.97766068744885148  0.98921719272119812  1.00000000000000000
 -0.00215734356536381  0.00880052764053878  0.01921905860626952  0.02936165000394696
  0.04064817320686322  0.05256042525120107  0.06410954190413280  0.07511012568846501
  0.08569953082958789  0.09521165052820818  0.10504278749327051  0.11566964402101450
  0.12704334640332735  0.13820483257568222  0.14827112029278142  0.15871821075248924
  0.16912085760622836  0.17926767199313851  0.18913277215376606  0.19901457955622667
  0.20893295547374985  0.21814031275645376  0.22782419677421747  0.23774528695690553
  0.24853573400489315  0.25963058509395831  0.27085291784162485  0.28221512681602523
  0.29346260819638575  0.30524314995397916  0.31580832091185412  0.32646491930119576
  0.33698407002047442  0.34803567333728397  0.35819893958548532  0.36802362364824953
  0.37771232941079758  0.38782165169414073  0.39767775259026650  0.40802502489845049
  0.41874404394302428  0.42975862458102088  0.44045581670921130  0.45081589459557342
  0.46116231157621129  0.47088588390098324  0.48038236386769989  0.48979682724939511
  0.49963433387732187  0.51034520043863274  0.52178853206939835  0.53318359746429289
  0.54452861935617836  0.55509927878967380  0.56530584265773753  0.57496752730702594
  0.58494754171234309  0.59579717044507685  0.60704862772637880  0.61829900628847589
  0.62935258530736493  0.64116574328071863  0.65224610791006099  0.66150487320058127
  0.67075549139181223  0.68049298723843266  0.69110219881587931  0.70284492692661682
  0.71380862728462469  0.72434293907460723  0.73433405807288099  0.74428880242830253
  0.75422741829603646  0.76501332306236092  0.77603928448507642  0.78633374473802464
  0.79586777147379717  0.80563175514440255  0.81610309762349365  0.82721961567832403
  0.83882929716173060  0.84994461555678225  0.85992971298248544  0.86932080097377595
  0.87897644483262471  0.88961845793211725  0.90036503945964208  0.91025025626029765
  0.91990726150210544  0.92984493020084313  0.94107826810556860  0.95322462167371214
  0.96464507902231822  0.97603079957704142  0.98757561060275789  1.00000000000000000
 -0.00211935347164053  0.00844125575789534  0.01804414017817724  0.02817212503342836
  0.03926107745619172  0.05157382326766924  0.06360454169008731  0.07541560752094761
  0.08668161893132621  0.09792110464334765  0.10845978942630494  0.11902561131459261
  0.12991850249769582  0.14032882728457222  0.15009969545448482  0.16019949246480428
  0.17068164779230857  0.18179323048368765  0.19308508014512910  0.20422264500317344
  0.21431383120602177  0.22419034410444283  0.23410592931274982  0.24484367698039788
  0.25619301238716385  0.26695572325415040  0.27776913669011888  0.28838194502359010
  0.29917774359245980  0.30985117437213305  0.31992299144302661  0.32971063130313544
  0.34028180053945373  0.35172382039074901  0.36330215922792597  0.37525708014379427
  0.38755260965550614  0.39937962921608766  0.41064271191860563  0.42148435902686837
  0.43204385046004296  0.44248706861211085  0.45327850862205510  0.46494271349611793
  0.47692994343767159  0.48826782116032358  0.49892135860328590  0.50975017165231429
  0.52101395550750773  0.53082690111838637  0.54081158997665313  0.55095082351119584
  0.56124889440125392  0.57091767435962382  0.58086206658566908  0.59116644534821161
  0.60174354815706632  0.61273603635636731  0.62280667849483018  0.63326702992255246
  0.64361849899643031  0.65494619759327266  0.66564790610738511  0.67606451573426185
  0.68607415548195161  0.69634370129750522  0.70591643871750587  0.71487139109279152
  0.72392379089206804  0.73302918535292805  0.74299420209699407  0.75449882491011111
  0.76619892195903072  0.77756635174422217  0.78888977643946612  0.79997280070018251
  0.81145797392617802  0.82098705270201588  0.83076372873059989  0.84025190092724045
  0.84996527191305604  0.86005127199107401  0.86973793784682574  0.87951961149107816
  0.88948427326186463  0.89946358531343096  0.91021251701276773  0.92106185452447231
  0.93194574007371567  0.94198493164858677  0.95189836207323852  0.96167268383530136
  0.97114030005688412  0.98066995551435987  0.99011263792533843  1.00000000000000000
 -0.00267966347226983  0.01050385199555673  0.02167292067342503  0.03382252953809656
  0.04469063200501932  0.05504150532845214  0.06568014694002082  0.07660944757259967
  0.08727956403989486  0.09832097506555829  0.10942605507961234  0.11952509699417349
  0.12914767470792035  0.13883645374325715  0.14931210117964749  0.15996085481049344
  0.16974684035890911  0.17936993712098204  0.18923616190427930  0.19880142188592298
  0.20836054818518349  0.21740443880430232  0.22629816106945974  0.23525685457092627
  0.24461888610802290  0.25461310416586663  0.26472123885226867  0.27454014390833104
  0.28422957346322480  0.29468760179168790  0.30580177735886288  0.31684383824745876
  0.32772957568274197  0.33762972435119187  0.34653178018168651  0.35559059050805503
  0.36468185522343066  0.37456374222118594  0.38504873388765720  0.39568446223052206
  0.40641773302770257  0.41687736998122710  0.42765124217466699  0.43904282480399281
  0.45085005554268770  0.46220524787219841  0.47276516558976062  0.48285872461306434
  0.49311165677699276  0.50374805049301141  0.51428304600197761  0.52370089677332288
  0.53304577953889931  0.54263022118816151  0.55359020289981276  0.56527145371529486
  0.57663549075779152  0.58759903434516925  0.59878224797742019  0.60989578123106292
  0.62086342214828805  0.63230904365460405  0.64494111391751574  0.65589833901316541
  0.66607795931517633  0.67615076084131842  0.68682844365452611  0.69910963783799129
  0.71037764327523323  0.72157023051536884  0.73279918160436042  0.74334396016113258
  0.75438151035386836  0.76465103285052294  0.77471367146656067  0.78501480801190948
  0.79595698639319801  0.80684388366221182  0.81726356166787517  0.82809646294576567
  0.83977581526928990  0.85005614941920982  0.86066454289941530  0.87110324683501705
  0.88195041106699446  0.89246709072954422  0.90242394121258918  0.91230335998731782
  0.92217761401728282  0.93282632069041904  0.94403282949380019  0.95574657722890544
  0.96750657631134795  0.97817277580137951  0.98912446801982945  1.00000000000000000
 -0.00236793147911684  0.00924890247873328  0.01962257078092353  0.03013080777594267
  0.04005433925717489  0.04929790073095770  0.05929978277231861  0.06902300116997655
  0.07901345907234665  0.08866054456868804  0.09940629109976226  0.11019366992148963
  0.12063127306843106  0.13150930729579721  0.14358326312156144  0.15557365290691003
  0.16621497622275355  0.17589952489542482  0.18578286786508227  0.19665982341980012
  0.20801290306254405  0.21895689609929217  0.22964675680411581  0.23984369257910079
  0.25003622595917530  0.25991877410513337  0.26974458149728403  0.27896302818569946
  0.28852481515083761  0.29814291877760812  0.30815737660563625  0.31874306679075654
  0.33000383144272444  0.34195173221883995  0.35436557059889862  0.36554897919792534
  0.37556765593903502  0.38537148077172340  0.39482002315764009  0.40470465213772133
  0.41517519143275566  0.42619809179366402  0.43746170237202581  0.44854627083319659
  0.45986285151765743  0.47136172940195759  0.48214331327455134  0.49200210884897599
  0.50184721633340001  0.51219968501828583  0.52255902048438874  0.53284771176247969
  0.54268349600815313  0.55285193238631547  0.56372450134153684  0.57535725880645794
  0.58703934025366311  0.59862876812804500  0.60997025340687527  0.62024450775685913
  0.63039598346560710  0.64086771414835608  0.65123250153757728  0.66158336885918545
  0.67193808730852744  0.68162230544660818  0.69123093772659683  0.70136052341157251
  0.71263486673304699  0.72425097315434295  0.73540216459396557  0.74652845712023264
  0.75743704055911709  0.76779879970847165  0.77727761633255554  0.78697632448078070
  0.79708539894836616  0.80759085026612976  0.81746210252948004  0.82685652077409899
  0.83629778452652581  0.84639612459424995  0.85733545591044102  0.86846957059510388
  0.87991496251194423  0.89167851842589729  0.90318763873711005  0.91465133346992034
  0.92613520152128981  0.93696521144784384  0.94765882137542390  0.95796957291587248
  0.96901119311589934  0.97995281565608239  0.99028263374615411  1.00000000000000000
 -0.00266448190616021  0.01075830485881041  0.02071306120178278  0.03043957739069880
  0.04085236913304793  0.05107379572938905  0.06079870906521634  0.07091641918107311
  0.08119502535697899  0.09159171869430884  0.10202935197877219  0.11133297579145368
  0.12098034740311520  0.13029458147421971  0.14010361218215875  0.15048590706221684
  0.16058074606786496  0.17114853845024361  0.18167567436615842  0.19215647566799277
  0.20277098092293502  0.21350521788736126  0.22492359621177355  0.23557623649771553
  0.24534065343082551  0.25474681420617801  0.26445620557487876  0.27542703324638279
  0.28606936953240464  0.29661332607848784  0.30725148814231235  0.31811764880632659
  0.32800693918301199  0.33701475443286227  0.34586177365896181  0.35650780401302434
  0.36713300310829217  0.37732028732465900  0.38736342149427061  0.39743777108272504
  0.40754036243484110  0.41766438296282588  0.42842823512136119  0.43929426680857137
  0.44945873818690030  0.45841784847731082  0.46776047491338402  0.47755483064004606
  0.48812156508840704  0.49895669475790028  0.51012916404937103  0.52148004217264299
  0.53204574512696090  0.54285314139256613  0.55389292942469825  0.56456152962236084
  0.57540828555956980  0.58618696490735755  0.59692740755595552  0.60691439224085819
  0.61710155183562365  0.62726912506694177  0.63706051062237667  0.64655319136554879
  0.65608644194065724  0.66620682457158953  0.67709135375387930  0.68802377559810235
  0.69897031520860775  0.71011496926333029  0.72155903148526745  0.73366367648769593
  0.74685879664931698  0.76069239097601227  0.77407855069837173  0.78658178839554993
  0.79854537795629343  0.81062955854181051  0.82222388611911479  0.83278921671193518
  0.84302345040616766  0.85377323212498812  0.86460808388531663  0.87584652088337667
  0.88730865286792759  0.89918649346271040  0.91034186794375582  0.92052640913902917
  0.93054619919306247  0.94025941635538424  0.94983500519214215  0.95964278470243003
  0.97015986380215502  0.98099805454342637  0.99075068942908306  1.00000000000000000
 -0.00227139584284409  0.00917070193571909  0.01926102267241760  0.02899992609304162
  0.03888376108811889  0.04879594696670504  0.05904470689936304  0.06897803927868885
  0.07834221916394174  0.08826854070551891  0.09827136280973360  0.10789230430832585
  0.11698235828702989  0.12603316997399805  0.13577042553479252  0.14634276275196223
  0.15696767541853010  0.16721681783967646  0.17715174761996641  0.18733145095563239
  0.19779241539636849  0.20884326777980863  0.22043002067564582  0.23176490045856596
  0.24284114467060419  0.25370655144930182  0.26459841312798260  0.27477117483287300
  0.28432856770950288  0.29393962226658654  0.30415639705072878  0.31548665441190915
  0.32851407181640430  0.33943924246298424  0.34918025523813273  0.35827429632110824
  0.36802507638246806  0.37881200416644073  0.39061958151646964  0.40109331177684038
  0.41059444115311455  0.42024463918571314  0.43087350430015786  0.44262939490987435
  0.45462236604846068  0.46604429707755141  0.47735936383483074  0.48882506273338100
  0.50040608530085962  0.51129380116171763  0.52221933726036329  0.53397071185182610
  0.54593205675487710  0.55602134676285286  0.56545154554665167  0.57540688311955490
  0.58667062394921421  0.59837491462409664  0.60972847106943773  0.62068454603414980
  0.63084105501690402  0.64154036227163991  0.65072036394523158  0.65943907917674605
  0.66874155399999580  0.67856297654907882  0.68942401550319377  0.69900594316833198
  0.70804369987473992  0.71778714092952722  0.72782252729778529  0.73794658600867569
  0.74820286164428451  0.75879908212274572  0.76952566448142035  0.78046720866888730
  0.79238297118157774  0.80484129950306638  0.81662112573114520  0.82818224563890586
  0.83969060361468273  0.85121793480826513  0.86227053913379859  0.87319119300229298
  0.88405628047057649  0.89524022521007884  0.90563937488150537  0.91541154697756333
  0.92490579387586302  0.93463790542866754  0.94473002339984324  0.95496625374242938
  0.96561615048634997  0.97695579167107760  0.98838281230108938  1.00000000000000000
 -0.00274246919257165  0.00981427121160390  0.02136188554863795  0.03311314002372225
  0.04474763078748503  0.05606375490376665  0.06713967392416412  0.07746953916528800
  0.08777295131635846  0.09743499931470098  0.10640528218930680  0.11537591959213506
  0.12428406978551709  0.13356170771833506  0.14301467783248514  0.15263467277165374
  0.16242479623309233  0.17343357290759437  0.18534614086395848  0.19734252858393236
  0.20903377166753026  0.22004516613420541  0.23060355606158797  0.24169417345694766
  0.25239593965474677  0.26356002064016648  0.27497334100700660  0.28666471856274528
  0.29759815272254880  0.30784968106044425  0.31883682342158881  0.33088290550871008
  0.34370336203515456  0.35567100532341378  0.36718350245459991  0.37821613229662010
  0.38890168204597053  0.39935404760728543  0.40955953682763296  0.41984878062241454
  0.43018919550231460  0.44003734045603254  0.44955348642502602  0.45926034688084927
  0.46959238095414285  0.48024137256100291  0.49039539134428617  0.50043745599415546
  0.51082426645497414  0.52130814963380423  0.53109067175836566  0.54040844952725742
  0.55008996446815939  0.55983516184154536  0.56983619125972096  0.58033903154253919
  0.59086171102122964  0.60086628620502447  0.61044085150307237  0.61947314518851626
  0.62931194113394950  0.63937054444776709  0.65027602273791452  0.66205653615459825
  0.67362679573391615  0.68453635078441244  0.69539192373298719  0.70634742514239446
  0.71607292744095685  0.72521006382878384  0.73402936033100163  0.74339311677221209
  0.75425773403130647  0.76507330982710631  0.77459308477120248  0.78397013183792863
  0.79307189212629803  0.80344884423955931  0.81428082346564445  0.82511151151877327
  0.83576459629056932  0.84693084337100921  0.85929593164572005  0.87201064105392179
  0.88360893262299045  0.89518685347995786  0.90707669546671366  0.91843851409022814
  0.92880010076041841  0.93839351625813550  0.94849605513175839  0.95806264330775226
  0.96782862241708079  0.97761785638931820  0.98822015334894397  1.00000000000000000
 -0.00214519304636974  0.00888988400771871  0.01851951092079351  0.02685863653178924
  0.03520698125230902  0.04408330676477456  0.05329059306571362  0.06365447008855919
  0.07504808138623768  0.08734097515053200  0.09987292201632855  0.11154043476024529
  0.12249706976580287  0.13275889193347631  0.14285109899774570  0.15279630192627253
  0.16313049069692181  0.17333369393582609  0.18329819759450916  0.19307836373379128
  0.20304515237911155  0.21293770512377713  0.22335176108713264  0.23393305721792604
  0.24501870713527846  0.25590084912740352  0.26672356995139951  0.27792860350881216
  0.28922619831557195  0.30084186592448792  0.31258076696771242  0.32452750657335105
  0.33544806904487667  0.34592813128254990  0.35651100567324367  0.36718208317355888
  0.37891249093424823  0.39101770952829290  0.40224813332799353  0.41262538741756644
  0.42242145801745928  0.43122031507256653  0.44192916851378822  0.45265033037887753
  0.46353109144598337  0.47432195394693683  0.48458108895625279  0.49663338269861801
  0.50743811030869723  0.51787181213628164  0.52772402737455071  0.53733868006794294
  0.54690912748299536  0.55674299298439456  0.56671350622633199  0.57555681798007918
  0.58460912284220801  0.59375044834191992  0.60369541013939587  0.61424870457874359
  0.62521910035855477  0.63641824819426307  0.64726329801511362  0.65848014014237943
  0.66931782699851949  0.67944142856485157  0.68899560709101682  0.69816312998356100
  0.70772589929888097  0.71798198801220348  0.72872697162423439  0.73900068460102208
  0.74912196270880760  0.75874476419152737  0.76847610807483779  0.77872357134561720
  0.78980491202113523  0.80085419232232025  0.81164821342210325  0.82272896193294021
  0.83447001778640018  0.84621886006133540  0.85748275814787933  0.86836419456985603
  0.87905313927946693  0.88973606043713127  0.90026696032273557  0.91130832553823504
  0.92293958348703198  0.93433227325662882  0.94558947055732068  0.95657035802115897
  0.96740455813721571  0.97818622200498317  0.98877058605678836  1.00000000000000000
   9.9057107191964379E-049  -1.0000000000000000     
 F F F F F F F F F F F F F F F F F F F F F F F F F F F F F F F F F F F F F F F F F F F F F F F F F F F F F F F F F F F F F F F F F F F F F F F F F F F F F F F F F F F F F F F F F F F F F F F F F F F F F F F F F F F F F F F F F F F F F F F F F F F F F F F F F F F F F F F F F F F F F F F F F F F F F F F F F F F F F F F F F F F F F F F F F F F F F F F F F F F F F F F F F F F F F F F F F F F F F F F F F F F F F F F F F F F F F F F F F F F F F F F F F F F F F F F F F F F F F F F F F F F F F F F F F F F F F F F F F F F F F F F F F F F F F F F F F F F F F F F F F F F F F F F F F F F F F F F F F F F F F F F F F F F F F F F F F F F F F F F F F F F F F F F F F F F F F F F F F F F F F F F F F F F F F F F F F F F F F F F F F F F F F F F F F F F F F F F F F F F F F F F F
  <DiscreteSampler_grid>
  grouped_processes
  1 # 1 for a reference and 2 for a running grid.
  10 # Attribute 'min_bin_probing_points' of the grid.
  1 # Attribute 'grid_mode' of the grid. 1=='default',2=='initialization'
  0.0000000000000000 # Attribute 'small_contrib_threshold' of the grid.
  0.5000000000000000 # Attribute 'damping_power' of the grid.
 # binID   n_entries weight   weight_sqr   abs_weight
    10   10   1.601808876027717E-006   5.541823820352164E-012   1.601808876027717E-006
  </DiscreteSampler_grid>
