 -0.00258708679884645  0.00967874121167992  0.02051162787414042  0.03184213049592213
  0.04406903059816301  0.05701820614559425  0.06871734073891766  0.07959714003354099
  0.08989039508899747  0.09989464535400515  0.10939630056167167  0.11885254536843015
  0.12819899266741480  0.13721768176053584  0.14653076654784286  0.15566630610103965
  0.16506773369779273  0.17412317047989717  0.18271742350793246  0.19133531022730743
  0.20074710747039498  0.21070716558908775  0.22076698090486893  0.23062507853296407
  0.24098442216562252  0.25119097576915428  0.26117326670874130  0.27185357074312627
  0.28326670627349565  0.29437164718902220  0.30496665344280005  0.31571856259524333
  0.32744039822291304  0.33951421174524621  0.35132972007121144  0.36337225967999304
  0.37517386982878015  0.38637986702433547  0.39738762741712891  0.40873923231944143
  0.42005492578428172  0.43144878920633861  0.44276291535637796  0.45398849254936713
  0.46494022046825523  0.47527032341653613  0.48520191615344166  0.49508421135638586
  0.50467236826183814  0.51427727675470369  0.52454020779776378  0.53503027546259008
  0.54490314364529513  0.55405992401981474  0.56328390426619968  0.57292151731767349
  0.58266569987081329  0.59245868014795633  0.60289806876269170  0.61420271815123717
  0.62566936024288033  0.63671233154764173  0.64729926996897558  0.65726161795385984
  0.66779414213491151  0.67834244622107331  0.68802771179687505  0.69730138686593912
  0.70673465427486437  0.71642625729988196  0.72604281435527718  0.73578238187421763
  0.74563203775467990  0.75558185233906661  0.76491297698153926  0.77463243767667245
  0.78465069898733197  0.79609871015529221  0.80824811569821853  0.81979428091227047
  0.83057115427165606  0.84081625102788782  0.85101166432845343  0.86132306492627964
  0.87156191211201473  0.88207867106131843  0.89319358338086496  0.90455006980392827
  0.91628729718664170  0.92862465495073476  0.94113978710210311  0.95346742878548052
  0.96548938555960129  0.97706391979238438  0.98870592032378268  1.00000000000000000
 -0.00050107460401958  0.00591540053238082  0.01311659444060500  0.02062243008930404
  0.02969521049772699  0.03913000992061480  0.04854439415661994  0.05810802543037889
  0.06764765528216743  0.07705886138920322  0.08653444647322721  0.09649334390050776
  0.10721148739923414  0.11837544932019950  0.12915978515740281  0.13978301952616992
  0.15084624704928026  0.16150199496733061  0.17143411319462559  0.18057177317297052
  0.18980773096108905  0.19976867830619327  0.20968337320771135  0.21924233120166606
  0.22918268586328872  0.24072313402437245  0.25265790689345136  0.26364360756646460
  0.27410040650946749  0.28470101119220459  0.29450285283054217  0.30442294589549296
  0.31495087063879079  0.32647810408739325  0.33701677741910102  0.34695968661555349
  0.35627809441045111  0.36574411876410051  0.37534935063220676  0.38490531243868403
  0.39438897713695897  0.40496125372877773  0.41625182789815490  0.42788027136420115
  0.43924007551878225  0.44976012259823162  0.45934484142811027  0.46825535137988966
  0.47749823849283296  0.48738454018090765  0.49685476983326338  0.50672789233877813
  0.51691064758432359  0.52854854827975983  0.54031735758874166  0.55164329684136715
  0.56341439006377492  0.57542403617822757  0.58669637293078369  0.59670575759608435
  0.60663753398413500  0.61626412498867633  0.62615493728840754  0.63632545858079026
  0.64674288906126831  0.65763863177198867  0.66886960085905589  0.68128434861551079
  0.69288353860560603  0.70342629156437164  0.71403602433662194  0.72443898072616508
  0.73471579576720791  0.74481138272383740  0.75522293892452141  0.76640791397464680
  0.77825278173009460  0.79055866739491232  0.80169890040888370  0.81231120623185582
  0.82307432964803340  0.83370064399258104  0.84389114187639347  0.85463372897409706
  0.86625657282577895  0.87783730192494180  0.88900017066654957  0.90014076840159918
  0.91157399083548873  0.92259870029943447  0.93335948793667423  0.94440190780568045
  0.95557393738842078  0.96693539415943386  0.97993703344928340  1.00000000000000000
 -0.00843817914983816  0.02258268048801091  0.04629460345052656  0.07023592603749063
  0.09369950500255983  0.11644390680092126  0.13691265850847134  0.15637579722956321
  0.17637648429703701  0.19614178651853761  0.21556525216777214  0.23704094901078968
  0.25921719848822877  0.28116302457403625  0.30312479203088671  0.32511565703614748
  0.34707768714673448  0.36902405453725690  0.39083473643034000  0.41259446148835288
  0.43418975667458121  0.45589532142816813  0.47773614796412167  0.49957252873884844
  0.52140686238421963  0.54364037895494244  0.56631203989554824  0.59135117946597404
  0.61686634209409685  0.64326591766713459  0.66230520193180931  0.67662078499740042
  0.68684782241726272  0.69043120521551915  0.69178561411996009  0.69572906276129787
  0.70063206745041384  0.70549402373381032  0.71029113249634235  0.71503462983630062
  0.71978744625116120  0.72454428611904176  0.72927425244977728  0.73402414847892528
  0.73889491374644212  0.74381593137892688  0.74867873860676681  0.75349506778092179
  0.75834696470078433  0.76322742131187904  0.76809771748500100  0.77291612982203362
  0.77777276979026355  0.78266771936567736  0.78758897500097258  0.79258613139836209
  0.79763237862909520  0.80264057309269365  0.80761448485969844  0.81259377412495903
  0.81764823515909213  0.82267988206146447  0.82768536664125703  0.83274301355435509
  0.83778131182376603  0.84272994328230744  0.84773442328963100  0.85278332260720824
  0.85787680215873408  0.86301709089871526  0.86820941388571893  0.87340353221518419
  0.87857998178790697  0.88376160235480317  0.88890838847579889  0.89405263031102111
  0.89925575103071531  0.90447654338061378  0.90970042324784750  0.91490676470086330
  0.92012388093247632  0.92540746602254098  0.93070251978519081  0.93602629776423074
  0.94124253044529982  0.94650165875343728  0.95181521568786265  0.95712551688550251
  0.96239313076082078  0.96772060421119932  0.97310846365951220  0.97851144808277346
  0.98392838546689798  0.98931251004323451  0.99464882670710120  1.00000000000000000
 -0.00277845047792162  0.01064173714586048  0.02120857619901118  0.03123469554913334
  0.04156583187911948  0.05343867538209574  0.06543004860921499  0.07642105031189501
  0.08717282383592398  0.09842721703451789  0.10915352432054025  0.11963559672864081
  0.13015349897948902  0.14140533092610322  0.15153728489239501  0.16170191073537851
  0.17224241813058411  0.18300474936826258  0.19367722588160799  0.20446216232737172
  0.21583089737349567  0.22749598434209237  0.23874303224297069  0.24933541164666498
  0.25986387028090768  0.27011522914050007  0.27962529866374219  0.28830406234338057
  0.29688324222383555  0.30533909431001177  0.31461991063545025  0.32496639964494400
  0.33603914878134766  0.34751335000684369  0.35809267568396635  0.36799549452865576
  0.37808447207330859  0.38814820610878159  0.39765937815350311  0.40697421680111673
  0.41681907895812709  0.42768477465913701  0.43899948746145956  0.45053981030524615
  0.46163213533354347  0.47180848538917652  0.48179567998877143  0.49194918126712467
  0.50197621831361983  0.51178297435176290  0.52212337084220706  0.53332675482714476
  0.54424043758907481  0.55435653767013482  0.56432933425677312  0.57455468740252169
  0.58490309570534560  0.59521598518564744  0.60566060734442673  0.61677435687897453
  0.62789389921792094  0.63875735200908479  0.64906282279665084  0.65875533417003940
  0.66823669147369269  0.67767949958346341  0.68727540297250600  0.69645243436636084
  0.70569448873243690  0.71505226225529372  0.72496795763100663  0.73563770664779615
  0.74647806327969635  0.75751041089372950  0.76956455054404116  0.78284217195321870
  0.79634321989070889  0.80778900720473401  0.81868980571970362  0.83021637292971118
  0.84201531710804267  0.85381387257729446  0.86483294431675972  0.87558890775208575
  0.88600699497148361  0.89606249175290642  0.90567299769805698  0.91522352024623643
  0.92480201095219083  0.93453486605957592  0.94415688092595706  0.95398812893027518
  0.96397320093981498  0.97473144684446322  0.98643651969434676  1.00000000000000000
 -0.00238214115132818  0.00908868857468499  0.01912801909936683  0.02936166761468638
  0.04010865762739636  0.04959433244697777  0.05893744910777744  0.06830829750554054
  0.07828144071872896  0.08819489572562338  0.09719858228456342  0.10625852970196611
  0.11469218345215770  0.12333684126934741  0.13258172603487720  0.14285851146184203
  0.15432241829475721  0.16642070812177107  0.17809722543374404  0.18945276912671485
  0.20066396132403699  0.21189026357930538  0.22312031181376155  0.23441491072843493
  0.24608754103892899  0.25727522810750925  0.26791583588803408  0.27798396985250295
  0.28828764044898209  0.29870124240492535  0.30886092742673632  0.31850340163846153
  0.32815134971303223  0.33804520742602906  0.34756586654779492  0.35742253008154595
  0.36728892556307507  0.37729270823136202  0.38715441195836342  0.39732031794664230
  0.40851972643052037  0.42070869101591996  0.43298949072654541  0.44570254354035538
  0.45780296582216523  0.46849616851153947  0.47877609726686321  0.48899814173982237
  0.49910814792688257  0.50882955522051188  0.51825042293189205  0.52853789130964524
  0.53949669477949214  0.55097202488471864  0.56195042648807347  0.57287724585125743
  0.58365384706136236  0.59434461629390101  0.60540342880466758  0.61611941292361483
  0.62656188751984954  0.63671350911743041  0.64756203227475140  0.65784247424186615
  0.66769404071495297  0.67656846627087175  0.68581756256600601  0.69549101103887090
  0.70570161255124242  0.71660403215106794  0.72815008259952874  0.74032363635324738
  0.75227227489238135  0.76328825617893392  0.77404921669395066  0.78406537982406477
  0.79410522588651844  0.80454760037531914  0.81492448560465636  0.82553955361577358
  0.83625462074986301  0.84769370266549826  0.85945104175562759  0.87178006879521297
  0.88356762914121045  0.89570953319321323  0.90664201882162643  0.91790062714591791
  0.92825936740737647  0.93879275380123495  0.94871075579476172  0.95852934838258741
  0.96866666122775846  0.97862284659441157  0.98963615399642668  1.00000000000000000
 -0.00206121135536849  0.00828244390142043  0.01692290983215842  0.02584530252065370
  0.03469885699838839  0.04357359961279966  0.05284892670841265  0.06244236912606628
  0.07172576587266882  0.08076735870503146  0.09015892328689216  0.10007018411749448
  0.11033531291450291  0.12054732062878828  0.13061362415205782  0.14121527162315473
  0.15304104719185405  0.16585985237105089  0.17897638328665397  0.19154795975974051
  0.20323541920554383  0.21357741496770680  0.22282670939315005  0.23197245006302716
  0.24136228164704548  0.25140085451391525  0.26189875537061430  0.27245951965210868
  0.28354307208580565  0.29476202740717750  0.30713613647198829  0.31981948811715794
  0.33189052848258149  0.34407088448841577  0.35544337983026686  0.36642444585566325
  0.37726644868092735  0.38754972959469602  0.39759099606521825  0.40751827085674724
  0.41806031866765314  0.42972666314889008  0.44208514988592096  0.45516919717532001
  0.46760911421523521  0.47951680214596498  0.49019978305737355  0.50058790844341483
  0.50997756460491817  0.51946804757490739  0.52920365903762878  0.53901005841826743
  0.54921024986679745  0.55956948048788646  0.56933635582373210  0.57886791676569804
  0.58826229202733449  0.59789844937041081  0.60762550222009037  0.61708730538624312
  0.62689069057195901  0.63730152881953739  0.64757253080512078  0.65824285583171815
  0.66895760440838603  0.67987317321063123  0.69006267153122036  0.69936092939481698
  0.70854606963331279  0.71799242868389757  0.72810989430164519  0.73946910500091279
  0.75030445057941941  0.76095636429075442  0.77206818526072185  0.78369115554175262
  0.79546128015644957  0.80682064193326086  0.81788705729744826  0.82912116154631244
  0.84018601914258895  0.85122454798416824  0.86271277109729527  0.87419014334417910
  0.88534396384560121  0.89591290808083945  0.90713399957223795  0.91825051157027615
  0.92949707055226460  0.94067119093418927  0.95091514895084228  0.96154240131822866
  0.97166112957703199  0.98150090779224619  0.99084512511306766  1.00000000000000000
 -0.00251511282892257  0.00984057452291086  0.02062983322329136  0.03145327703260424
  0.04216141686020182  0.05189746640588076  0.06172157810675235  0.07195854382516141
  0.08221361734124480  0.09214548347322199  0.10214479829899505  0.11236267980240075
  0.12225111142132887  0.13195649520630973  0.14192444885962327  0.15187934632519270
  0.16174385518380002  0.17167170111255378  0.18175422089156951  0.19184023487140744
  0.20203063419510625  0.21238901930592577  0.22303152792924244  0.23431057714810341
  0.24669484424524676  0.25869179182166391  0.27001815416096636  0.28013632485216156
  0.28995276622114968  0.30026949175402468  0.31131749538694403  0.32247819550842122
  0.33318585079431845  0.34337962109384979  0.35355943339196699  0.36404799028391627
  0.37471550339716825  0.38490567477267101  0.39488226562851958  0.40463532287351117
  0.41447992010781642  0.42421315355802058  0.43407521419190148  0.44409683563763624
  0.45418031658712960  0.46429052067822008  0.47448548848363320  0.48450319468877534
  0.49439566045741740  0.50490088024348878  0.51541564208391932  0.52665433970757314
  0.53809978365682243  0.55024227496363709  0.56216443253461279  0.57324954404368877
  0.58380071591898330  0.59387567141038211  0.60365976103803509  0.61325472095673184
  0.62289747112380178  0.63281520141883274  0.64286197030722869  0.65335817834381338
  0.66482702997375698  0.67733653099314939  0.69042055897555910  0.70296511062351175
  0.71513206256044526  0.72793933199526673  0.74027282576195741  0.75299001215679429
  0.76542331254830720  0.77607877705559336  0.78575945125580948  0.79556691069593788
  0.80598264881045756  0.81682975205661457  0.82721862207941022  0.83802271554208452
  0.84879082826235275  0.85845979012881435  0.86735842723796541  0.87670286288513199
  0.88612663629698873  0.89556339002453289  0.90556694765076862  0.91580085440387027
  0.92648024033420118  0.93715305496956658  0.94798538663695475  0.95865527414918883
  0.96886317609172401  0.97844828730573841  0.98915688610601771  1.00000000000000000
 -0.00210645462985238  0.00780605324816035  0.01694312277569924  0.02792535396939982
  0.03857543538604757  0.04930655766723838  0.05984496706521648  0.07121193080224035
  0.08225797085123633  0.09276559177693627  0.10327608079026462  0.11396599268730614
  0.12450205653148959  0.13513367416567648  0.14598297082385023  0.15671140006331902
  0.16687897340948640  0.17656715783986013  0.18613737116897480  0.19615005016153120
  0.20668986194135419  0.21774420756311191  0.22913110921903074  0.24087926788234851
  0.25265608185527560  0.26399004755613242  0.27498268456659802  0.28595817142688601
  0.29724626152753508  0.30882560487615163  0.31983407140777187  0.33016492713420087
  0.33984981212113591  0.34942253886005875  0.35897584171809682  0.36863572349227591
  0.37796152722163723  0.38784167938346942  0.39771241454583323  0.40808959394918065
  0.41818538423314744  0.42795238174862632  0.43805787446198119  0.44871895082213553
  0.46008421523143750  0.47196745957346714  0.48426280115047926  0.49624262087029170
  0.50752761479438468  0.51851304726232927  0.52951428410062207  0.54089761025468641
  0.55275372510786847  0.56477068000442454  0.57668314330456838  0.58827376871266979
  0.59939864488599748  0.60981783603719453  0.61990019924297468  0.63041982147932885
  0.64110875500456221  0.65222604369636950  0.66384106777385110  0.67560299429237392
  0.68691622970334953  0.69760029313987271  0.70798914823854386  0.71840358941368587
  0.72929816678079218  0.74111460605670132  0.75212984930943660  0.76176974644154605
  0.77119456649745544  0.78073768207327754  0.79065360524599559  0.80120942233079062
  0.81201907937137041  0.82255099110979624  0.83279704321123116  0.84263331140625330
  0.85227903582381725  0.86113548356903824  0.86939549793169157  0.87801694167754873
  0.88764506381742980  0.89725387646547117  0.90701929018442851  0.91639113153068141
  0.92798546812800264  0.93875913993494764  0.94881807459533218  0.95859630858619382
  0.96856372624531550  0.97895108756448013  0.98952091689378174  1.00000000000000000
   61.076173446331474       -1.0000000000000000     
 F F F F F F F F F F F F F F F F F F F F F F F F F F F F F F F F F F F F F F F F F F F F F F F F F F F F F F F F F F F F F F F F F F F F F F F F F F F F F F F F F F F F F F F F F F F F F F F F F F F F F F F F F F F F F F F F F F F F F F F F F F F F F F F F
  <DiscreteSampler_grid>
  grouped_processes
  1 # 1 for a reference and 2 for a running grid.
  10 # Attribute 'min_bin_probing_points' of the grid.
  1 # Attribute 'grid_mode' of the grid. 1=='default',2=='initialization'
  0.0000000000000000 # Attribute 'small_contrib_threshold' of the grid.
  0.5000000000000000 # Attribute 'damping_power' of the grid.
 # binID   n_entries weight   weight_sqr   abs_weight
    10   10   6.551947346393848E+013   9.579908410418178E+027   6.551947346393848E+013
  </DiscreteSampler_grid>
