 -0.00302212323837165  0.01010923315079078  0.02204492907793866  0.03404552626167416
  0.04523221491953617  0.05558144396292039  0.06557190589958707  0.07575135377735695
  0.08647201149638301  0.09758136975411988  0.10880817093204907  0.11997245279475507
  0.13092245726545595  0.14140070143775679  0.15126773808151281  0.16099964044261411
  0.17048777820788646  0.17974656013008231  0.18896030199168012  0.19834388060714245
  0.20780751121212923  0.21707823458430758  0.22645968661010926  0.23667700572273481
  0.24777385422995168  0.25914233899619993  0.27078667519603794  0.28283721370286280
  0.29460614718471428  0.30546243545907925  0.31579876778226007  0.32613230610684912
  0.33668906130749227  0.34748198225737814  0.35835936737629176  0.36917511421196847
  0.37986076375801808  0.39055490401268961  0.40097463937534084  0.41127576401075194
  0.42176902663652782  0.43135209667153873  0.44045603812558626  0.44930992594046143
  0.45852731141900083  0.46842006092519356  0.47860957079678523  0.48935964085562195
  0.49999770617398903  0.51032863570013232  0.52067041848615969  0.53114402394218829
  0.54122657310175704  0.55072918184854946  0.56022643149123486  0.57059975187683698
  0.58090490008633944  0.59097396952214210  0.60047942929037990  0.61003185449748953
  0.61998903976422359  0.63060215257791641  0.64199498381833364  0.65277249283668615
  0.66346138138049870  0.67469949520580086  0.68746037225744128  0.69968601961563148
  0.71101602777680784  0.72127093328695313  0.73140795183937590  0.74153571574850419
  0.75147312876976669  0.76115354594132612  0.77052256657896900  0.78111141487253632
  0.79183679951485542  0.80131907894054222  0.81102289395335547  0.82069543227267172
  0.83046662335850219  0.84028933951584328  0.85005854880423526  0.86074349398666805
  0.87233742160757799  0.88324274132593128  0.89368178611914484  0.90458598356829434
  0.91596996092097205  0.92730426114398667  0.93876872440966053  0.95084417201609206
  0.96324035940408004  0.97530617409656994  0.98761903063705703  1.00000000000000000
 -0.00071889875345102  0.00720415659704146  0.01447100628717737  0.02200531780900776
  0.03005948204764766  0.03863411652393269  0.04688937994046191  0.05502981928636808
  0.06371665763850934  0.07371277333674835  0.08381354422574364  0.09299167817161924
  0.10207979071376760  0.11176075913127750  0.12217892820794682  0.13262791389396039
  0.14278531765430871  0.15358556060333522  0.16549732043720719  0.17790212410779727
  0.19017306014867219  0.20265840802373608  0.21346220621122083  0.22359602195011644
  0.23320784621834817  0.24253758468236022  0.25192867702437188  0.26088350752540002
  0.26980599735443661  0.27923340106332345  0.28924650005268676  0.30004842025923678
  0.31141646356176728  0.32279770426702759  0.33417522961248303  0.34543934313515168
  0.35655228981910064  0.36677505038742064  0.37651213658297567  0.38539962154623092
  0.39415748463043254  0.40340005164656162  0.41323419126012140  0.42275745017225513
  0.43186201359900422  0.44115734290885633  0.45108397954976215  0.46092341991026131
  0.47044435597317630  0.47962922477949332  0.48948348952687287  0.49959396726678856
  0.50947930802240649  0.51951355003857791  0.53073472681482647  0.54219448823620198
  0.55334153985230650  0.56430195422286955  0.57502671027058172  0.58537561727215415
  0.59563180412165084  0.60629671231519366  0.61808694499543115  0.63052135801496390
  0.64289187626061939  0.65524387326736433  0.66706599941172073  0.67828901917550433
  0.68888100577618194  0.69867835100260578  0.70809245461529413  0.71757963538564051
  0.72764615637223173  0.73897778396631764  0.75089242398276190  0.76277145755966713
  0.77514649432678928  0.78738576120446768  0.79928139681795007  0.81087890924780315
  0.82254439367671728  0.83384656765626763  0.84452386823202252  0.85478164633601106
  0.86489415904989919  0.87557572435298914  0.88685563552241820  0.89771824195066219
  0.90833662175890018  0.91944636086519271  0.93130320702600800  0.94388967919026145
  0.95696516578984725  0.97021783655522364  0.98422954484675373  1.00000000000000000
 -0.00812653548554653  0.02157308827992303  0.04442893450252958  0.06756152327098067
  0.09016587607593833  0.11208582069521869  0.13208508052499954  0.15125182005100640
  0.17097772648197457  0.19061613734228558  0.21012866903737815  0.23184041695706623
  0.25417312673806391  0.27635094365125035  0.29841124448883227  0.32028611279518637
  0.34260527150549969  0.36516676363335254  0.38746633696677063  0.40975401998320615
  0.43212247468270554  0.45442403168112211  0.47662476377169760  0.49868859949192412
  0.52067610879961812  0.54338872161651564  0.56629276682935925  0.59043694479145159
  0.61508230980023904  0.64137405326359853  0.66000809715478947  0.67266230360922352
  0.68799070160695086  0.69025044673989133  0.69170197715511428  0.69533415054825565
  0.70021339348068634  0.70499510002028209  0.70973474206926301  0.71449016631048468
  0.71924082945391132  0.72392954935329290  0.72867704227181918  0.73350206008039986
  0.73833162738632319  0.74312395026458500  0.74795958990404465  0.75286710986208549
  0.75783635321900877  0.76278741251256699  0.76767532589999266  0.77252902832702286
  0.77733400508333261  0.78220278207711658  0.78716008659718228  0.79216454499143740
  0.79708335819159937  0.80196164293606498  0.80691122290796913  0.81197867586574024
  0.81706223936285627  0.82212701646154041  0.82724407359811403  0.83229886612978332
  0.83730923789146605  0.84235946332472322  0.84743767637763412  0.85253515372790045
  0.85772692821029772  0.86300240346551282  0.86826613292316535  0.87347108165306764
  0.87853826970001891  0.88362443532432045  0.88876748979567743  0.89398741274305549
  0.89922277463468026  0.90447960927999171  0.90968329522862801  0.91483454472456072
  0.91991712387617286  0.92504046501097947  0.93019238636052526  0.93537320653097977
  0.94060728492571732  0.94595889165544511  0.95135706373027706  0.95675011065553528
  0.96214039235441751  0.96757633583465341  0.97294359388438023  0.97824845525569126
  0.98357351038732077  0.98897171758112123  0.99445442646556192  1.00000000000000000
 -0.00294630321752728  0.01023922839864739  0.02189624626363697  0.03356283232791132
  0.04523663559221441  0.05706114098269448  0.06810661294079821  0.07869809988812315
  0.08915295637251849  0.09933924786167178  0.10909675599009824  0.11859682239512835
  0.12822620457396999  0.13779444052137718  0.14720390662815033  0.15690514701328967
  0.16681274673231103  0.17700408375474358  0.18698483792835818  0.19932269675748593
  0.21173013995870546  0.22401995741736516  0.23475456086131419  0.24468328353629060
  0.25440225065312810  0.26447138470796550  0.27414758943126161  0.28393812796833878
  0.29360650270551791  0.30339293425574509  0.31265183033426347  0.32232892436701432
  0.33207519634510224  0.34303948245559124  0.35368955010916814  0.36452954162285256
  0.37519768906147816  0.38543033427059847  0.39599218865489472  0.40647716839655978
  0.41739724845095555  0.42814411074571801  0.43993317152008815  0.45175714775988912
  0.46364349466984972  0.47535236471324038  0.48622873834728425  0.49725245806770674
  0.50762247695629092  0.51873715736453230  0.52969246959295135  0.54058996293551265
  0.55104585397136918  0.56080450019733552  0.57055729360366092  0.58042570643894065
  0.59054242636779486  0.60075855568650660  0.61105470608681978  0.62145973898979845
  0.63193619000998680  0.64218819031938268  0.65308059029982302  0.66426592372328763
  0.67561625350103149  0.68683847870006831  0.69799502388769596  0.70818067483026870
  0.71782258237002705  0.72719127799278083  0.73714463916664152  0.74720694796910703
  0.75713513882459216  0.76725069380165001  0.77780539574310681  0.78845806365604465
  0.79909507877893049  0.81011098231073442  0.82111668141410865  0.83104732902590595
  0.84156590257508845  0.85190979679432399  0.86393594745272473  0.87563332608500299
  0.88714977659168803  0.89820145395732376  0.90877183613102042  0.91905228139233064
  0.92954635311936651  0.94042313535655042  0.95064228090766889  0.96082616364704432
  0.97102824787651276  0.98096244531056132  0.99054310309111859  1.00000000000000000
 -0.00207196473350768  0.00780495737886380  0.01642474100619447  0.02515464171199557
  0.03392245870193910  0.04318951919554755  0.05269906896650619  0.06196158282708681
  0.07100025731307849  0.07943720762285435  0.08892146712856978  0.09951088835795420
  0.11135080650905956  0.12443297094910541  0.13774911565750181  0.15106095563334787
  0.16479185517005332  0.17866723738179638  0.19362630145168436  0.20734439886005590
  0.21905946043751895  0.23021516845605969  0.24096745983578399  0.25147713358494844
  0.26080194569831255  0.27033596438822871  0.28067644753888649  0.29157352473779252
  0.30197317635212678  0.31184399097561094  0.32240372893009156  0.33254701028026834
  0.34278948312093832  0.35331371085561170  0.36321651284491208  0.37293459774878246
  0.38231602793728769  0.39218206393265892  0.40206674150323879  0.41214783156631801
  0.42273008452432187  0.43459422248393148  0.44622184170180174  0.45809226043609969
  0.46994250925647746  0.48140205728174784  0.49239536627341562  0.50315669194993173
  0.51437863192430544  0.52525902919079903  0.53643605960271701  0.54696789657683442
  0.55708816635736180  0.56727755439244121  0.57750624572200371  0.58731520650640889
  0.59703265140307216  0.60686823389950728  0.61696609948684411  0.62693259690066172
  0.63625543606200119  0.64524841412896139  0.65473668181494693  0.66414845838262970
  0.67353217587220537  0.68271674651721426  0.69259420991606924  0.70308686200727233
  0.71348122139710424  0.72351247038946109  0.73373369798278287  0.74490287072200123
  0.75514716714311936  0.76504671583240602  0.77488153600352694  0.78537303113485435
  0.79655443218477484  0.80719347149693588  0.81770941064641645  0.82797592058744318
  0.83870788787744288  0.84979288020407096  0.86032316520309382  0.87030895394940200
  0.88079599830212774  0.89167774032824110  0.90257489348786168  0.91370851200298753
  0.92454055933056678  0.93563509159462033  0.94603487757505722  0.95674014389097450
  0.96691717128425125  0.97725266671432665  0.98834222517838721  1.00000000000000000
 -0.00274836264408959  0.01088380854780487  0.02243131477806137  0.03394088107586683
  0.04431718194576565  0.05396717915489430  0.06361417253473416  0.07300760763878744
  0.08252570523314126  0.09240175262824719  0.10203949053605528  0.11332981394138079
  0.12407775212814695  0.13656240034595901  0.14856600940391274  0.16057394518800086
  0.17225816385188086  0.18360783058004820  0.19480917500916597  0.20590148239636277
  0.21678216299675498  0.22759326168176985  0.23871396833883576  0.25031850437209696
  0.26215062861913341  0.27371888125138000  0.28497327765849334  0.29602112933185332
  0.30670804383318240  0.31705363301223122  0.32679011738180469  0.33662488392965484
  0.34605313857223535  0.35531073313472461  0.36433897607266835  0.37367272381072281
  0.38324449550580736  0.39257607209642320  0.40174579073859207  0.41069968023722503
  0.42003677788137422  0.43022665357071765  0.44114611089731537  0.45212265310241406
  0.46463100196080165  0.47698313829367150  0.48821714571092745  0.49865640911160319
  0.50892796215138381  0.51909222269511768  0.52904551701410074  0.53912139755500843
  0.54964292758297151  0.55955231731130162  0.56896762761834030  0.57814273502532831
  0.58737076584027637  0.59694527993714364  0.60706745291171227  0.61786521609400591
  0.62890359891214132  0.64003312924596334  0.65096603769157646  0.66138597603145166
  0.67162657096710521  0.68185833420907016  0.69197906558985522  0.70137818467869384
  0.71073737838007500  0.72073152467526524  0.73168616615587445  0.74294971700251278
  0.75371036000283265  0.76417369075190089  0.77595893403517779  0.78821704070794396
  0.79939447527956664  0.80958089417561863  0.81945654226209186  0.82969785656920458
  0.84026783313548992  0.85001347930634541  0.85960225413510849  0.86940463967721726
  0.87968957136813075  0.89102226528371664  0.90224254439118756  0.91327717045871026
  0.92434511481110837  0.93559837373351706  0.94710514413928071  0.95859501412137094
  0.96966424669471263  0.98021363519923743  0.99030993952534330  1.00000000000000000
 -0.00252479267147539  0.01102899905949072  0.02222563119616115  0.03298769365185862
  0.04342187782789038  0.05363694951964140  0.06347848663064941  0.07413188253408176
  0.08474609504548164  0.09523113363924110  0.10547291520696814  0.11551089110732762
  0.12576088455880416  0.13550062194059093  0.14539135066000219  0.15538190956482134
  0.16533495914372520  0.17531178917974530  0.18526197326159174  0.19619176059985924
  0.20810045889091863  0.22015436560974272  0.23275744861100855  0.24541117618791727
  0.25743721970444849  0.26901738221194321  0.28037104420132558  0.29135771822574574
  0.30112554798330582  0.31063333767454621  0.32043611080324874  0.33023324982858637
  0.34004274294230724  0.35021994718209926  0.36085711390454139  0.37140158304410315
  0.38118447508041053  0.39033397042242224  0.40018642580520597  0.41028082403809341
  0.42035446279263028  0.43020820458800602  0.44014911200151868  0.45084744049789860
  0.46140239486000417  0.47092605449455766  0.48094317040867590  0.49153170228781795
  0.50241416105124681  0.51246375467792937  0.52287710194710513  0.53489035423753462
  0.54635167140374608  0.55623612243786635  0.56565682486579694  0.57435610416781024
  0.58291622134548060  0.59153660575390121  0.60010983435226717  0.60900655367955847
  0.61826533644433246  0.62793610890209006  0.63808281592832028  0.64814432897634122
  0.65805069184367759  0.66805101034801606  0.67845749770610142  0.68992621453759839
  0.70212443002227809  0.71512567153582318  0.72751653130707694  0.73887623991807960
  0.74962172682651051  0.75989097107439874  0.77022864584755912  0.78062341094851828
  0.79136984535739840  0.80252153881149113  0.81445880123674863  0.82732720604293020
  0.84032334737712777  0.85293049571346935  0.86469349047049093  0.87569007259182718
  0.88587958703086189  0.89560904697956356  0.90543868994666432  0.91525978791217666
  0.92491223402419609  0.93452502184938724  0.94486338558799288  0.95584833922624957
  0.96642034750331796  0.97681677546506585  0.98811978212749341  1.00000000000000000
 -0.00246370126728514  0.00903330222641042  0.01912386749933926  0.02897975122882130
  0.03942200657913069  0.04989794030083054  0.06069559215963009  0.07029751848764934
  0.08022511634651637  0.09011230698744763  0.10064377612684869  0.11046290339169641
  0.11935998199938397  0.12764441239624966  0.13572823501107797  0.14439171482855265
  0.15375481848885139  0.16367973874904537  0.17418980119926181  0.18548866390387642
  0.19718864852480825  0.20897846069529305  0.22064732710589643  0.23165671062507870
  0.24181453655673435  0.25214802324336733  0.26321527694405755  0.27459000874797107
  0.28593900166128944  0.29810339778928940  0.31033707331876986  0.32131565455831623
  0.33118083001530407  0.33984836319687806  0.34820069442496615  0.35675274064701135
  0.36544233075426130  0.37466457024007904  0.38470425840077999  0.39442042103715996
  0.40537108276495404  0.41664525676570674  0.42713911460803433  0.43756479706385465
  0.44774794310631921  0.45774294895407552  0.46802742837998484  0.47849282959225492
  0.48965512680640888  0.50030417001654237  0.51010726813300877  0.51975882199295531
  0.52965876015777524  0.54057120339450704  0.55145188745898310  0.56225275976325584
  0.57355833290854685  0.58530376683643814  0.59732145653573188  0.60949391993057378
  0.62103122609035366  0.63296820484942040  0.64528834594895357  0.65867199947551969
  0.67100412106025575  0.68271102364981173  0.69460823734030219  0.70627698254504900
  0.71692395912894780  0.72663977136568114  0.73709662218845418  0.74835216827781803
  0.75936219568342977  0.76987513754237791  0.78048262643510224  0.79099314716789315
  0.80109289453677135  0.81087605719074429  0.82059133338091594  0.83020999083460867
  0.83984324579640468  0.85017958032254914  0.86133344397699374  0.87305979789450783
  0.88462041894324361  0.89611389594613466  0.90691511148244885  0.91751807882154401
  0.92767010628247204  0.93781919735797947  0.94818957101552470  0.95877746251544593
  0.96953804165185364  0.97958322307273682  0.98943616230134412  1.00000000000000000
   61.679009802631015       -1.0000000000000000     
 F F F F F F F F F F F F F F F F F F F F F F F F F F F F F F F F F F F F F F F F F F F F F F F F F F F F F F F F F F F F F F F F F F F F F F F F F F F F F F F F F F F F F F F F F F F F F F F F F F F F F F F F F F F F F F F F F F F F F F F F F F F F F F F F
  <DiscreteSampler_grid>
  grouped_processes
  1 # 1 for a reference and 2 for a running grid.
  10 # Attribute 'min_bin_probing_points' of the grid.
  1 # Attribute 'grid_mode' of the grid. 1=='default',2=='initialization'
  0.0000000000000000 # Attribute 'small_contrib_threshold' of the grid.
  0.5000000000000000 # Attribute 'damping_power' of the grid.
 # binID   n_entries weight   weight_sqr   abs_weight
    10   10   2.405676132978444E+013   1.707157248284489E+027   2.405676132978444E+013
  </DiscreteSampler_grid>
