 -0.00221495413741969  0.00811769491272616  0.01715373181681545  0.02723216563684550
  0.03790144324633126  0.04964905715112409  0.06127233395953962  0.07215491029611494
  0.08254739258098263  0.09281187129531794  0.10343578787061734  0.11476592761892217
  0.12597945441237809  0.13645263282023098  0.14688389266979252  0.15693614981535989
  0.16724276571984348  0.17745207121689874  0.18775955535670005  0.19902573090435008
  0.21045612972141442  0.22159765615850813  0.23254114351845326  0.24373307275876183
  0.25516626174741497  0.26668198780649865  0.27842279243788259  0.29053057748021477
  0.30285765773481099  0.31465201008021670  0.32484404044793935  0.33453264991971410
  0.34453496813742596  0.35459440749732007  0.36389500579222023  0.37253630606420696
  0.38215607378026684  0.39247884252550397  0.40249090368040552  0.41183899412762770
  0.42135732355046640  0.43134015829774675  0.44123828752229022  0.45060034287584877
  0.45973492892002310  0.46894045055144962  0.47805673842062224  0.48749731600065072
  0.49718539235313053  0.50751460244120261  0.51812292927073667  0.52906822942754161
  0.54018774259487756  0.55079963533970266  0.56143577768019159  0.57171406721411011
  0.58174366339493477  0.59120679675556997  0.60028165268428113  0.61028842325551147
  0.62068670399801318  0.63206898708999915  0.64397566691608166  0.65591023911553481
  0.66725019656121320  0.67752063663731787  0.68693767425899421  0.69557210462125629
  0.70418509672400831  0.71270583104312446  0.72112160793990543  0.72982384738580119
  0.73899626707143251  0.74809351165839588  0.75867196759571365  0.76986423162310968
  0.78203939856629279  0.79446464216769974  0.80674367502070399  0.81905889550393296
  0.83115889353394579  0.84324383270525882  0.85529545391009676  0.86738875946408933
  0.87921981575587715  0.89034743374339020  0.90172971767936994  0.91333562553424397
  0.92470065376393640  0.93569808495432116  0.94585945982740616  0.95594835251792021
  0.96617301056705096  0.97667316660105907  0.98828961774607282  1.00000000000000000
 -0.00055439979344891  0.00566577887479073  0.01237179462917352  0.01987495872065540
  0.02862853598069615  0.03837157862359683  0.04802935167679265  0.05702025258834729
  0.06613032751772013  0.07581533649860880  0.08584937634192347  0.09656957610762495
  0.10700993579734784  0.11620757174356099  0.12554968051381343  0.13462309554250262
  0.14419129477312237  0.15378254368085903  0.16348555621042846  0.17348794196340120
  0.18391579706177211  0.19466393839506704  0.20561792072593005  0.21639478392167488
  0.22679063689556989  0.23710428490675386  0.24797027043642525  0.25936810222860385
  0.27047782982127905  0.28088532059617921  0.29108336753106179  0.30169571901031556
  0.31236736885422134  0.32248528424134931  0.33215486067870903  0.34191080719054817
  0.35142519542728379  0.36115097369177002  0.37124065374540194  0.38190568045943069
  0.39373005382950116  0.40571758808110064  0.41800060235763209  0.43054015586298305
  0.44254085628936202  0.45394605474473665  0.46474062482648770  0.47540605669512914
  0.48607060516542111  0.49667321636529932  0.50727053893214968  0.51778107174801047
  0.52847335467865020  0.53946741090269512  0.55058130795170279  0.56201606104461255
  0.57355355990387868  0.58502868707039601  0.59645895495641144  0.60767145126996336
  0.61799728002207810  0.62777880408416042  0.63689031160693399  0.64713818771162357
  0.65675381854585790  0.66635189729760458  0.67552495339196050  0.68412858478214023
  0.69215676839597373  0.70055194678211485  0.70938641004595426  0.71862317212071480
  0.72793216418424778  0.73755654420059347  0.74736564591149401  0.75762772709117676
  0.76811584682184164  0.77854553428354512  0.78932357402467834  0.80099018376966469
  0.81319376461378612  0.82468297199160823  0.83639313262213988  0.84829736080977003
  0.86048847208350876  0.87307435981597825  0.88620242144357531  0.89910218777384032
  0.91141772401811805  0.92325989813854903  0.93499080189954908  0.94641441855485409
  0.95760048064961956  0.96931943278505239  0.98361589199850286  1.00000000000000000
 -0.00877029480099295  0.02042034369408636  0.04504711695213037  0.06970228232792056
  0.09379857362895194  0.11670075001513447  0.13792109219872756  0.15776397500244052
  0.17819276650690580  0.19873847305038325  0.21930467227188374  0.24081449318094397
  0.26322168068986873  0.28538892885340050  0.30747718509336086  0.32921463065109535
  0.35100415483275083  0.37294090339432057  0.39494276515360388  0.41701017055448342
  0.43916915774744147  0.46135829523929628  0.48346381822265266  0.50551649633026030
  0.52744419057855163  0.54984757251333194  0.57261285179286725  0.59716288896500802
  0.62215454139419601  0.64941215206728475  0.67108178391536810  0.68104504332544491
  0.68869192633195042  0.69071703891166258  0.69253898672048453  0.69719895584655933
  0.70193911722350233  0.70669953834407151  0.71141537295389845  0.71614965211951820
  0.72095199258410536  0.72573616976564936  0.73048438481913636  0.73526271624304818
  0.74009022207556308  0.74490473983338990  0.74969847936173195  0.75444850121484863
  0.75918189906315392  0.76397930752734711  0.76875916565138913  0.77351210509698454
  0.77830076111839874  0.78316880865363836  0.78810930044480154  0.79308196317322943
  0.79806290636568766  0.80298395880393847  0.80788425152937460  0.81282621933567267
  0.81775767616176853  0.82268411269005048  0.82765480765002097  0.83260769389542288
  0.83756658843885945  0.84263103760529567  0.84773118942226700  0.85274097959545236
  0.85784408385391242  0.86307580586495869  0.86832676107457607  0.87346105118486050
  0.87849309100122031  0.88356422629344933  0.88873017606163118  0.89392909144649069
  0.89909307702024399  0.90421320032679675  0.90935138289738393  0.91457393296284684
  0.91988317869022573  0.92521633589451491  0.93044534914009369  0.93568173309615399
  0.94098434660655239  0.94636357738857346  0.95170462257343169  0.95705177813176179
  0.96245188209641908  0.96782498813938855  0.97314005397946379  0.97847533256271702
  0.98387374495705504  0.98929433135041733  0.99465156512318098  1.00000000000000000
 -0.00284656806226370  0.01178336606816036  0.02183932095229370  0.03255519700137297
  0.04341167396537832  0.05584181984514967  0.06774487551560555  0.07926868031783384
  0.09131058075742947  0.10361415351869090  0.11528462916416550  0.12699351492371086
  0.13902946211472861  0.15165205147351424  0.16455670685958856  0.17668414375600017
  0.18745149561991242  0.19723934795631157  0.20695969411702048  0.21671318157901465
  0.22622746652985895  0.23573095815561337  0.24543325851816228  0.25564539128945751
  0.26599729952295115  0.27564150905681356  0.28446393806161846  0.29287440050465741
  0.30146201356751423  0.31021773043144774  0.31913356883466087  0.32836543763896886
  0.33800328206179042  0.34798252762370729  0.35757293907144877  0.36660752977758282
  0.37540662975844746  0.38501243660745010  0.39527935859114000  0.40697373042456841
  0.41905876476027415  0.43116778086676533  0.44298447231100196  0.45441794582583989
  0.46631000757602209  0.47772480324497807  0.48887220064471565  0.50003859602688661
  0.51109718278091532  0.52191962385542479  0.53253631948283942  0.54318951062379595
  0.55374861258649466  0.56401398979366180  0.57411283551701442  0.58460688123589344
  0.59543316824372616  0.60606487564103051  0.61637931420326186  0.62637632670232612
  0.63698259780533883  0.64806331278630536  0.65954262220959869  0.67151359592782911
  0.68352916978321387  0.69537762505891321  0.70730664972127821  0.71941751087067507
  0.73169238065986275  0.74408631501915323  0.75626531853176915  0.76827753972440227
  0.78003155765913679  0.79099093018144317  0.80154560263217389  0.81167155014424630
  0.82186190170401185  0.83215696388309479  0.84242626112231178  0.85275600340468527
  0.86312280132763852  0.87323461110018008  0.88254752481352849  0.89132589038863097
  0.89986840630586218  0.90846362423885985  0.91711106884452054  0.92602981368250059
  0.93512876241087273  0.94425459348291563  0.95362798593175735  0.96350323468800547
  0.97335681878102953  0.98245086304101648  0.99126932257285927  1.00000000000000000
 -0.00222265920138205  0.00786757337825317  0.01763206749728224  0.02679349237087150
  0.03600858596824836  0.04564543124043217  0.05545279028069786  0.06524870522429169
  0.07455838503756493  0.08348645983388309  0.09193244741933877  0.10063927969848334
  0.10922384307263304  0.11825947961398844  0.12724059645918079  0.13606014948177969
  0.14494314156208030  0.15495516263011067  0.16628145414899873  0.17826502063468733
  0.19171269314258407  0.20498100927047275  0.21747751147296071  0.22927471154991350
  0.24123089895335548  0.25289533887954468  0.26432685631975489  0.27566515810594072
  0.28675941439162339  0.29785580119726335  0.30935356483376342  0.32047225309334920
  0.33157274593350672  0.34180437005943526  0.35187318220944064  0.36191282506134781
  0.37248079860370581  0.38320810164211583  0.39392046281103182  0.40469501730573060
  0.41528780823579475  0.42542132288668633  0.43522084915126358  0.44547482793348681
  0.45567248673895366  0.46665220083818404  0.47695524053514504  0.48768025778250135
  0.49780465961325854  0.50812018362479194  0.51827765171849693  0.52915950731620354
  0.54054488455567606  0.55210728923680152  0.56339042555339691  0.57363347525073183
  0.58374734250256033  0.59406771330745500  0.60467253808249899  0.61551590475205487
  0.62590647758897322  0.63704742024114480  0.64825588161864922  0.65967411361442563
  0.67075663626589632  0.68152266004925244  0.69162437364215001  0.70167277355529822
  0.71155105896502768  0.72115662688010784  0.73079015482196219  0.74027774602627616
  0.75026563896293863  0.76075517053851249  0.77146224595197410  0.78161883815991839
  0.79122350970690780  0.80072177953924895  0.81033663110734278  0.82017566456564028
  0.83081492110199873  0.84266754938229982  0.85533115268441118  0.86680907230323379
  0.87811686834414204  0.88935092513713698  0.90036899976444607  0.91158623630989744
  0.92316746001386674  0.93548998649209736  0.94610570020310591  0.95721351219137263
  0.96810021348977626  0.97886206650320173  0.98941203602488048  1.00000000000000000
 -0.00211268643373131  0.00808515454516446  0.01733222438470897  0.02616179023455542
  0.03537038745826641  0.04448267431683189  0.05413238916299611  0.06375784152888379
  0.07430390047604424  0.08538417530404618  0.09631929523898515  0.10683485204591275
  0.11686879401332607  0.12675641764326878  0.13670864937143465  0.14748947398886142
  0.16001020168711511  0.17245045375507456  0.18399230164591290  0.19516571424275631
  0.20624708576410422  0.21625136153075830  0.22632029959646599  0.23595647929988370
  0.24565165833785726  0.25522761940019595  0.26476632731444116  0.27389282796269626
  0.28335502522400968  0.29327564888971724  0.30491380175417393  0.31573584639768953
  0.32636801980728530  0.33786728605570371  0.35128917017508149  0.36375764437156088
  0.37564858517436911  0.38563838789546240  0.39575428672504726  0.40618256841731981
  0.41694301418257423  0.42733045712000789  0.43735360127696055  0.44731963172143296
  0.45716795661010295  0.46646197697071623  0.47586086867661276  0.48573613053311521
  0.49716725508788273  0.50780297944422903  0.51915780173430948  0.52924206145432862
  0.53941861913101508  0.54964143197851023  0.56065416119260802  0.57123259573666274
  0.58164779496580299  0.59195832377535917  0.60135621457632027  0.61098655436626481
  0.62076386675298678  0.63151327355137765  0.64298074377160741  0.65429722533176771
  0.66579348217794865  0.67708030785720175  0.68798546645116232  0.69824783062202145
  0.70853317848529707  0.71891089962142685  0.72943890047324000  0.73966856224030952
  0.74958895575548123  0.75932467572537998  0.76902561408720993  0.77903166916718758
  0.78940956886818536  0.80117657174647372  0.81327818542557329  0.82385212684697051
  0.83403430259418565  0.84471496917087241  0.85544744859419819  0.86657456380167530
  0.87738179166458730  0.88912352015087426  0.90041047511324857  0.91155519104075633
  0.92238496397207026  0.93284653446961641  0.94301734933224934  0.95297872141741646
  0.96318554897115172  0.97428796051995692  0.98663793945597633  1.00000000000000000
 -0.00319581606626061  0.01110573486876685  0.02262213506642888  0.03342518983803434
  0.04413098046923340  0.05504943454983399  0.06613605324446073  0.07696253093699296
  0.08786797344755830  0.09879251960955884  0.10973551053790524  0.12064765272524687
  0.13134787853051358  0.14139043537455698  0.15188064278971208  0.16243706531327542
  0.17293906946809368  0.18345880024405456  0.19445827518513201  0.20522058407515018
  0.21530627772583472  0.22518130239160913  0.23576731503159429  0.24669476723570999
  0.25739080114304669  0.26762788198801585  0.27850897284129084  0.28980597631649513
  0.29911768623082596  0.30867719409900946  0.31868168352403708  0.32732639592137597
  0.33568383241980482  0.34387274664853063  0.35288254071067948  0.36323095951735862
  0.37379236711542402  0.38368694872667392  0.39394672826944427  0.40516793609974333
  0.41601977901757942  0.42601550902116408  0.43618857619440143  0.44694823773198905
  0.45788130478062850  0.46913277161406752  0.48097947875693009  0.49300394642633233
  0.50463084436858296  0.51556335374636220  0.52564415680524701  0.53479450092685010
  0.54440616963240673  0.55506187115970340  0.56585701477919226  0.57642250986100785
  0.58718491309372123  0.59844191869307040  0.60910070322172594  0.61898379693841499
  0.62885444274952285  0.63902051209880562  0.64960914936918890  0.66047713799799812
  0.67153920021044655  0.68229729712590825  0.69277526303152914  0.70305286822479363
  0.71324269972108478  0.72305027252772425  0.73316739015401999  0.74387897973864636
  0.75483554924949892  0.76545367687485844  0.77553117791480175  0.78524593518099706
  0.79502115875269508  0.80501181585725934  0.81560962755077804  0.82678696027696974
  0.83749122299839307  0.84735094461669336  0.85735395507501955  0.86783923999118606
  0.87800069455944008  0.88758988287506091  0.89747421414814488  0.90815309504271091
  0.91907680472494768  0.92978417651304202  0.94055710605857257  0.95186789837244434
  0.96370316051501637  0.97555935255203319  0.98777477963130988  1.00000000000000000
 -0.00314928740118142  0.01076036979827777  0.02225238078713471  0.03352306135623224
  0.04411270766830827  0.05447608615252706  0.06506099282771372  0.07572707265967639
  0.08663091664425311  0.09745035186284166  0.10885092358408137  0.12122263787463783
  0.13379324337119666  0.14595751323832787  0.15713164688395101  0.16811270675639106
  0.17930905661935290  0.19011628224527119  0.20038022994249424  0.21094827144556733
  0.22257175818908745  0.23483511155254383  0.24713201537801149  0.25935924729085857
  0.27138272797283947  0.28320594846227953  0.29529805545669957  0.30775648529631522
  0.32011081195270708  0.33160081244243905  0.34189952578082794  0.35152269653783907
  0.36126411211081161  0.37131793609855557  0.38171237298593225  0.39194612000366857
  0.40222244997704770  0.41345818578499444  0.42425827698050944  0.43525013678478042
  0.44639673237705374  0.45722643642562161  0.46751134699810504  0.47825031027409104
  0.48945400775603382  0.50065655206965509  0.51146596016416335  0.52150642409989689
  0.53113184182858919  0.54034040603162559  0.54915443449859269  0.55812423210089679
  0.56774302694870815  0.57850044523725319  0.58960535348565490  0.60095580831236883
  0.61130665293648812  0.62164947505558177  0.63118572859034139  0.64083978167163358
  0.65074049896988850  0.66075596331999498  0.67072046795107720  0.68115339775679973
  0.69137829692788233  0.70175075953658683  0.71151436593231199  0.72146347483191497
  0.73116144226286583  0.74183596105816596  0.75287859919143096  0.76438678605632937
  0.77576643313498572  0.78685013866163178  0.79700510116158585  0.80658287430848674
  0.81628859288852884  0.82647194484181674  0.83708037920891243  0.84803318572525044
  0.85868809623901443  0.86864746621833311  0.87803775692050978  0.88709517283584016
  0.89662475195075875  0.90595736734404342  0.91543097516128424  0.92507697194937355
  0.93433413583349689  0.94346294243431250  0.95269343500758252  0.96212997059416938
  0.97164913717794632  0.98133421330850690  0.99067141480365495  1.00000000000000000
   60.683938521326660       -1.0000000000000000     
 F F F F F F F F F F F F F F F F F F F F F F F F F F F F F F F F F F F F F F F F F F F F F F F F F F F F F F F F F F F F F F F F F F F F F F F F F F F F F F F F F F F F F F F F F F F F F F F F F F F F F F F F F F F F F F F F F F F F F F F F F F F F F F F F
  <DiscreteSampler_grid>
  grouped_processes
  1 # 1 for a reference and 2 for a running grid.
  10 # Attribute 'min_bin_probing_points' of the grid.
  1 # Attribute 'grid_mode' of the grid. 1=='default',2=='initialization'
  0.0000000000000000 # Attribute 'small_contrib_threshold' of the grid.
  0.5000000000000000 # Attribute 'damping_power' of the grid.
 # binID   n_entries weight   weight_sqr   abs_weight
    10   10   3.681237129731004E+013   2.631954582258943E+027   3.681237129731004E+013
  </DiscreteSampler_grid>
