 -0.00203470485993071  0.00816579948366332  0.01709193263236950  0.02732669824280897
  0.03823829081567885  0.04964734932239948  0.06103809746287933  0.07336987324914426
  0.08567161808912151  0.09758860067590383  0.10812973107221704  0.11811364968362795
  0.12760026366845270  0.13708470452909446  0.14663875502776164  0.15640226011904595
  0.16527805749318367  0.17525002148230961  0.18518572490001864  0.19512648503377164
  0.20486273520094256  0.21421675866031245  0.22427590118338273  0.23461383952940734
  0.24519431678929862  0.25617188649992789  0.26705305255737238  0.27775891133306391
  0.28856931340149455  0.30037378941158999  0.31238564263837520  0.32346131056708477
  0.33508095519989617  0.34726543015832573  0.35814492769445183  0.36848152386379324
  0.37885229362652750  0.38949896657282823  0.40021649244413321  0.41087444088258340
  0.42171320426890346  0.43194885850416553  0.44171512925196466  0.45083814196791810
  0.46046588312797426  0.47036873705705490  0.48051879167053069  0.48941016233492202
  0.49780458639163866  0.50683709352442785  0.51629834138215969  0.52618612336829274
  0.53614819621604093  0.54607100586359014  0.55669153440691133  0.56718997247405056
  0.57751805541098067  0.58785125190235521  0.59816348914188366  0.60885026731807190
  0.62008132160188234  0.63185971724614098  0.64418213807101665  0.65581287717511882
  0.66776545777348162  0.67946367860498680  0.69175220101712931  0.70322244197646078
  0.71402678686672105  0.72430315521078381  0.73486224601700911  0.74626055955031334
  0.75798734418234404  0.76983736638969558  0.78103720121831621  0.79173356014495566
  0.80297791542944486  0.81449866524488213  0.82592323194502038  0.83695682940507943
  0.84794910922804356  0.85871004152260189  0.86889333333242880  0.87876600712957675
  0.88890659736772903  0.89976314656251111  0.91115491582849129  0.92140708430100360
  0.93069362496133679  0.94031216332367284  0.95032519260099879  0.95981396503900518
  0.96867507086813143  0.97727589783732871  0.98840469776652529  1.00000000000000000
 -0.00084854344172854  0.00668773825518455  0.01487144320425483  0.02349757752963635
  0.03274723298586119  0.04269181092748451  0.05313402000625810  0.06348333527395764
  0.07324896415912108  0.08294713542298159  0.09263431827515264  0.10229936644791482
  0.11196339582898442  0.12174272301882004  0.13212559138022983  0.14359194762850666
  0.15461325901537573  0.16533158642470680  0.17573356142325419  0.18550502024456594
  0.19518111797819609  0.20491549516910521  0.21546872529443395  0.22692071839561043
  0.23904280111139004  0.25087125225704238  0.26134961742155410  0.27154413196474175
  0.28212241846101410  0.29286391871260642  0.30331120734763717  0.31290880601283588
  0.32214379770262414  0.33109188378659277  0.33989095144220421  0.34904510549510737
  0.35930297627843455  0.37023917550329460  0.38108964962218356  0.39171805129323645
  0.40228501381334214  0.41282554396556109  0.42363095245623250  0.43457978329763958
  0.44596989102473472  0.45761596079678818  0.46791869384732621  0.47875010809086121
  0.48892819986601627  0.49916151966738692  0.50897444950684345  0.51869677348161858
  0.52891857422680277  0.53882619026534340  0.54933685499301133  0.56014116737649222
  0.57205673922489786  0.58402175275676760  0.59577069541057637  0.60696851607057500
  0.61780861731629344  0.62840371958247498  0.63895516348539549  0.64878133226670853
  0.65813152460550273  0.66701436568261452  0.67621224311689365  0.68529905788405954
  0.69518897530525681  0.70530354618028146  0.71529937096692842  0.72561438613367035
  0.73735025246994412  0.74935975627982054  0.76043118864542358  0.77120921328152181
  0.78368719785682939  0.79494105541506099  0.80466211279256350  0.81435605307619952
  0.82432887272237398  0.83415972597235266  0.84377108883676821  0.85337799757472510
  0.86383609890890589  0.87468634563759029  0.88493101255347673  0.89503525494371594
  0.90572629564153651  0.91688464967766736  0.92747371203174989  0.93831884755075690
  0.95126151419534399  0.96550728542129649  0.98149984166480198  1.00000000000000000
 -0.00873593822855793  0.00229769007013441  0.01582772721024672  0.04062764786523308
  0.06552922177967829  0.09060291891692679  0.11447093120616286  0.13746951734510751
  0.15949852181770824  0.18139058538683669  0.20342923064512350  0.22569379142137660
  0.24816642162520242  0.27096626603623536  0.29375659957593020  0.31615701730135282
  0.33847807005781588  0.36068122498330146  0.38277469553547178  0.40480976194680451
  0.42719402737720036  0.44961533295559908  0.47203928898451886  0.49459413074862840
  0.51729898408126695  0.53988102661104231  0.56241937714973866  0.58482824745308426
  0.60728596331164875  0.62987559349761368  0.65388721293713692  0.67925085915851957
  0.68753974130664330  0.69012709263852656  0.69194553685583515  0.69560352046721607
  0.70049486802361416  0.70539609478002741  0.71017862657651321  0.71489372410277929
  0.71962728108664076  0.72435401096417107  0.72918220567782699  0.73403217527558862
  0.73881322914163094  0.74364323117465514  0.74842677346881770  0.75325838319124949
  0.75809926649790693  0.76293425738266885  0.76779106280226550  0.77274193960387405
  0.77774788523010385  0.78276095020578773  0.78770552336617006  0.79257512386351858
  0.79747365071277576  0.80241478502691577  0.80739462781100935  0.81236689922347260
  0.81723739072158275  0.82215267855788332  0.82717826878586753  0.83225328146064459
  0.83732109266267996  0.84232475294016573  0.84730423467470384  0.85229527784506642
  0.85734245417041177  0.86245632108713954  0.86751710911184554  0.87261651892588254
  0.87782130851277573  0.88311368185530137  0.88847516696089923  0.89380537934458193
  0.89907701816180363  0.90435935374286869  0.90967378421952283  0.91496992775034058
  0.92023755992657641  0.92542334948059168  0.93061255377847951  0.93583435270738757
  0.94117012113585108  0.94648001422384576  0.95176320444851448  0.95707013690528431
  0.96244018819005117  0.96783352896221397  0.97323589465299121  0.97858515189306861
  0.98397890140067090  0.98935294285572517  0.99468049541390413  1.00000000000000000
 -0.00242357147459900  0.00898113731287426  0.01821005257520682  0.02804444106872934
  0.03813147599558861  0.04866599834981517  0.05855717192593957  0.06792581238466983
  0.07733339432212752  0.08721976493697907  0.09777275450958030  0.10873285021168233
  0.11928128261976262  0.13019994997364076  0.14068965533454192  0.15130268441402162
  0.16189450434595501  0.17330409910563380  0.18454846187603649  0.19637364027885440
  0.20842282862995751  0.22013264157405371  0.23163464301256900  0.24339802316429393
  0.25468211300898908  0.26564332201225782  0.27615903025031341  0.28644333046946990
  0.29709456897880643  0.30798238268959754  0.31883927939716278  0.32993650604405905
  0.34144614230573334  0.35312167094243169  0.36463099245799385  0.37556554079461191
  0.38597013630852711  0.39616164721659047  0.40609678307061170  0.41570793679032969
  0.42526576122992404  0.43466227080420139  0.44502210431271022  0.45552101908571924
  0.46614374589976093  0.47694044639398153  0.48686790500697458  0.49616103572225156
  0.50507099201956129  0.51450223772327619  0.52461387134067061  0.53602889609918536
  0.54704006256223447  0.55812306417858815  0.56969065119000017  0.58044183135887895
  0.59075537286149304  0.60168188006845436  0.61337588538730592  0.62580121792352161
  0.63858276476129683  0.65076761289521423  0.66230406080378623  0.67326544584749093
  0.68409575829382574  0.69458258309753129  0.70511595263151883  0.71579818259508088
  0.72636000884402119  0.73603128872862111  0.74553689200518725  0.75514541170745664
  0.76455770343779939  0.77437398348925568  0.78451454206386884  0.79522668734186541
  0.80619342587505005  0.81682020642632569  0.82724410603532206  0.83800200868745067
  0.84789927220105699  0.85744780888920469  0.86707291056131386  0.87716615775784934
  0.88758163355793085  0.89822062466535857  0.90961412173013045  0.92092932987053411
  0.93212752591147696  0.94249631844986670  0.95288577371955263  0.96345965142674561
  0.97353780395938361  0.98276044470710189  0.99144480358022957  1.00000000000000000
 -0.00289728908892294  0.01071649811049120  0.02165647071586557  0.03202666188826551
  0.04217378455616081  0.05305228855461309  0.06395808839110936  0.07459982413295549
  0.08538588044909379  0.09629932968064640  0.10743903564219449  0.11870237926544711
  0.12999160536212298  0.14131960452187550  0.15325409806919954  0.16527627075087409
  0.17691444817130869  0.18803355284466164  0.19880775773127216  0.20998114608662946
  0.22141660525020504  0.23319671301255526  0.24427186931479844  0.25495834580787219
  0.26550735374189760  0.27599440685087118  0.28638866251971051  0.29763633272894058
  0.30951004124929005  0.32056296777047738  0.33065234003968291  0.34064989633725862
  0.35089598338994404  0.36070337556028276  0.37038098740350350  0.37964338738755715
  0.38901214564726033  0.39868214329771939  0.40863475004541383  0.41909427866250248
  0.42993647181688943  0.44099418080036562  0.45214980575889385  0.46237322380598328
  0.47207748725580428  0.48176659015802681  0.49116191260626146  0.50045045916227726
  0.51016926339621360  0.52045169745235931  0.53152756392515299  0.54257831290077085
  0.55309132448686071  0.56324814442017568  0.57357280652047393  0.58414736862727590
  0.59482646072041034  0.60516102210551304  0.61525962388449584  0.62542855683210186
  0.63553766749388951  0.64551123104778874  0.65566970252925505  0.66644627347023411
  0.67736697097984111  0.68835512920184572  0.69917140372689845  0.71022011098945248
  0.72079963490056609  0.73109948756716303  0.74118067387723607  0.75191877181862099
  0.76264961574599233  0.77323988565176238  0.78438153580202219  0.79540252824233815
  0.80578459317628048  0.81611424734783689  0.82658977909407405  0.83705660884749811
  0.84670729388185462  0.85608990696572584  0.86569088278868989  0.87568233320109512
  0.88547699987513684  0.89507106706175865  0.90393889087793322  0.91240232129408816
  0.92133461747842227  0.93097720210444534  0.94101346239215589  0.95149364560615601
  0.96280442483359563  0.97532639596152237  0.98796816886320660  1.00000000000000000
 -0.00276299716426075  0.01033725937416663  0.02084859656723196  0.03026657787731449
  0.03987075376434146  0.04991220105773086  0.05982794208021652  0.06866078291839843
  0.07801740593491216  0.08807651342366857  0.09853453960839544  0.10852835684021025
  0.11852829090470507  0.12905960399430125  0.13970843319055645  0.15021559273509441
  0.16068139168827514  0.17122829910352194  0.18203819620172143  0.19286379982372193
  0.20399142563733691  0.21539539129048341  0.22810995322856811  0.24044838400920379
  0.25242041748464605  0.26379492502929291  0.27466493499384487  0.28520308849823028
  0.29532156099375967  0.30553699961642355  0.31650373433598256  0.32850366935577646
  0.33998783815557421  0.35116273935532416  0.36200709666499126  0.37267201812626233
  0.38244781858250043  0.39174573642257110  0.40133924789873593  0.41140598063543887
  0.42181914240441121  0.43226325293622747  0.44305712596179564  0.45306265112755489
  0.46278943143532913  0.47260134414277694  0.48313994272051952  0.49417429811038799
  0.50452683432303413  0.51419596207984652  0.52366432601399815  0.53263127184284498
  0.54151062503287006  0.55096091642692702  0.56086568709305640  0.57151762511688864
  0.58221600725761735  0.59319074590295762  0.60433730250642204  0.61601136893960662
  0.62852804365056247  0.64128946409488863  0.65300100619115387  0.66315602796071260
  0.67330249684263366  0.68352278270480715  0.69366835916959479  0.70385767215867301
  0.71453653892823321  0.72561784856064993  0.73608983435458819  0.74616761561696088
  0.75656852565360611  0.76804305487403068  0.77893519615670692  0.79058182601694393
  0.80139171048382662  0.81211625767844575  0.82219203351557268  0.83190672311279568
  0.84194179116214141  0.85205375779762915  0.86274593872662220  0.87385891474879951
  0.88518193638129328  0.89674411910412966  0.90746206081357328  0.91814432824686376
  0.92819924661549336  0.93816543831190835  0.94824571429569737  0.95813276291379501
  0.96819882983867800  0.97847914344766962  0.98913946044247092  1.00000000000000000
 -0.00265596443159095  0.01096612345018975  0.02102193006397511  0.03162435878820875
  0.04117780940308978  0.05077057899447236  0.06047196065690220  0.07046164020837789
  0.08093431120888900  0.09185460027196400  0.10292478367883753  0.11428536979256189
  0.12590110666438853  0.13774355226543344  0.14985459737266463  0.16148027857956007
  0.17342149689331141  0.18571798779272147  0.19674824004880434  0.20726682427374218
  0.21732984386280949  0.22785433636103852  0.23873708858760911  0.24956912065987680
  0.25971785768503475  0.26959823597872734  0.27959907710142673  0.29022045270842933
  0.30092770530132357  0.31189589319452959  0.32313715017505312  0.33443936006149000
  0.34567756659944299  0.35679760227607465  0.36820500237817411  0.37872071078175445
  0.38817762528750849  0.39699809543606795  0.40599199087095178  0.41534514929189814
  0.42526943006390244  0.43459720567442534  0.44452636175229931  0.45444833864470768
  0.46460954730640375  0.47530905253728750  0.48697567207982762  0.49872922630719985
  0.50969554268488404  0.52113460524649147  0.53273875486139022  0.54482654901224725
  0.55670946800638865  0.56826188137793632  0.57956672384195074  0.59015047969338841
  0.59992321260238091  0.60911966499589798  0.61822250376657617  0.62726636530991386
  0.63586996533668683  0.64423112548102324  0.65258452772777220  0.66116919259437579
  0.67035023036371355  0.67987086258983898  0.68849626983315737  0.69987365759322673
  0.71080737225463397  0.72166979261062592  0.73244305058034220  0.74280869103995584
  0.75285808333379434  0.76319722562088177  0.77321901041211516  0.78407970696671014
  0.79482031506904083  0.80616150941918063  0.81710082261766570  0.82785329549542241
  0.83849210941058905  0.84891179995288757  0.85899562972681009  0.86854331564956588
  0.87837071939161215  0.88918222883822284  0.90023512941284156  0.91117737159584744
  0.92216283231680274  0.93377555825552883  0.94531291955043650  0.95768880326616190
  0.96748865441152088  0.97825850073366127  0.98885608807087588  1.00000000000000000
 -0.00223406661040673  0.00847106783542728  0.01777073419368996  0.02754182993342436
  0.03803613293543046  0.04910493649160859  0.06020982862621137  0.07085562767511151
  0.08165950914878561  0.09290970504458806  0.10487140424367242  0.11489060738691681
  0.12546394286632837  0.13626763787529994  0.14684103009969168  0.15654995828492024
  0.16593900880943832  0.17608261498152641  0.18625281622051970  0.19694371389209531
  0.20759660344638434  0.21925210866166306  0.23119368174210278  0.24284240440920846
  0.25434413875082218  0.26552596572284298  0.27810959659761120  0.29058431996019568
  0.30114767192082881  0.31120680101931963  0.32163017684219386  0.33223870729258470
  0.34243127137615448  0.35274953484794019  0.36254524910593261  0.37217757933956974
  0.38125709823911513  0.39107978651680692  0.40111930693109238  0.41183579172656654
  0.42326451012191174  0.43603307962573312  0.44678669002219884  0.45638084352247621
  0.46601646289158238  0.47547578432304100  0.48459470183726944  0.49379810071466390
  0.50368515423918336  0.51467798031347534  0.52572319504779641  0.53651903094639319
  0.54745446112037333  0.55874990148834425  0.56995668525052823  0.58073320698927355
  0.59188025786616150  0.60279889585984525  0.61454262772248569  0.62628967611931674
  0.63851946256778891  0.65065089471660109  0.66290631555453183  0.67437444966046078
  0.68489965207089309  0.69451350892757668  0.70404058797765701  0.71429914053531407
  0.72490477577579038  0.73565325628349754  0.74635491658877207  0.75646725706475826
  0.76620150156037459  0.77594696253331763  0.78627605803346001  0.79663493235213534
  0.80640485446447074  0.81598059467080264  0.82633476483079216  0.83705987436509244
  0.84781037810160076  0.85834212761900430  0.86860084877708910  0.87856012688285989
  0.88864777651671800  0.89839867899748194  0.90768042775796065  0.91692204849633818
  0.92619407603484394  0.93512863500864019  0.94430234271768643  0.95390261492967865
  0.96334933423337954  0.97515229591918240  0.98642744380904768  1.00000000000000000
   62.037193538763425       -1.0000000000000000     
 F F F F F F F F F F F F F F F F F F F F F F F F F F F F F F F F F F F F F F F F F F F F F F F F F F F F F F F F F F F F F F F F F F F F F F F F F F F F F F F F F F F F F F F F F F F F F F F F F F F F F F F F F F F F F F F F F F F F F F F F F F F F F F F F
  <DiscreteSampler_grid>
  grouped_processes
  1 # 1 for a reference and 2 for a running grid.
  10 # Attribute 'min_bin_probing_points' of the grid.
  1 # Attribute 'grid_mode' of the grid. 1=='default',2=='initialization'
  0.0000000000000000 # Attribute 'small_contrib_threshold' of the grid.
  0.5000000000000000 # Attribute 'damping_power' of the grid.
 # binID   n_entries weight   weight_sqr   abs_weight
    10   10   4.872967349093104E+013   5.336556399199092E+027   4.872967349093104E+013
  </DiscreteSampler_grid>
