 -0.00299791797804422  0.01144403092522018  0.02330292207135573  0.03412710537361381
  0.04472008939781032  0.05498362896078675  0.06505431040480811  0.07534890015234645
  0.08650928466218719  0.09838126096281613  0.11025284758387775  0.12204522060267103
  0.13338920490350772  0.14432568413393970  0.15480405864852476  0.16495478630347529
  0.17473388544928514  0.18455816980284992  0.19485686631450888  0.20606721980437107
  0.21725450152304576  0.22766664045426893  0.23766180640021314  0.24779247347921046
  0.25831077901511867  0.26886320707659273  0.27929842851128578  0.28950801099126372
  0.29954303228727658  0.30936305399865827  0.31867170067390327  0.32764590952706674
  0.33630940655371377  0.34478940853370094  0.35346225128978392  0.36274199542010027
  0.37181848369953097  0.38208666250167378  0.39266819956295357  0.40354808847650370
  0.41470989672980901  0.42599719121264468  0.43756954591643016  0.44843634098388990
  0.45925817453368700  0.47048786033735202  0.48211847090528015  0.49302248944995053
  0.50389748040470073  0.51469809835548597  0.52542424990021463  0.53610936577634805
  0.54672750935089798  0.55648487074580522  0.56592642945710403  0.57600072114239875
  0.58640799529159227  0.59779042851550002  0.61012061618492719  0.62238947260649313
  0.63525543967612219  0.64835382720464785  0.66121348459445572  0.67320105281154874
  0.68421936933661442  0.69487680844715627  0.70550567391141206  0.71603050947916558
  0.72693885258626956  0.73890050904849136  0.75125992030479383  0.76330191144791837
  0.77444139166141945  0.78464866275400413  0.79459133431180962  0.80405753674824465
  0.81360132652412220  0.82327712135645825  0.83345274816474191  0.84395582685934134
  0.85425643132226581  0.86368540850562836  0.87285805841293329  0.88251937561690275
  0.89294248117915875  0.90416413907838922  0.91559889128026983  0.92646302446636863
  0.93688138317866620  0.94633019446195010  0.95507162767350051  0.96370546522077427
  0.97255690261307826  0.98150551840301437  0.99069337218687281  1.00000000000000000
 -0.00040338300793778  0.00537608769930330  0.01161018523184671  0.01834902644342703
  0.02545692413860972  0.03248754150485199  0.03980116782325431  0.04819583620491863
  0.05768086759517061  0.06772350250626825  0.07771411433317334  0.08755278099194212
  0.09719252926865599  0.10666997006995239  0.11634819657339567  0.12614595263210032
  0.13592664386029035  0.14594619663979430  0.15644011491035539  0.16775541356225529
  0.17973849224716898  0.19153144823155871  0.20235296350613965  0.21209551505654650
  0.22104314385946611  0.22975567704487032  0.23885750722399973  0.24835506700153159
  0.25810799080258390  0.26823538386235812  0.27886677136477561  0.29025267873498950
  0.30210188956595091  0.31395724984045070  0.32560389245593541  0.33689763739829337
  0.34797508252930776  0.35885552741596516  0.36975544963347878  0.38089557124676465
  0.39187882764187665  0.40189173201010642  0.41102361222822442  0.42005605646145922
  0.42952999952672655  0.43940100986850500  0.44899555224200960  0.45848835396749110
  0.46924780804350508  0.47995171643297752  0.49019011419711783  0.50028473424102127
  0.51031972876164022  0.52142709104797935  0.53244536814923615  0.54373570384609815
  0.55551053055753230  0.56749911937558117  0.57882874142344043  0.59009370708679598
  0.60069656723084386  0.61099817489803321  0.62150488959741812  0.63246966699593643
  0.64432320617076766  0.65693984536850469  0.66984712841716343  0.68250650458153883
  0.69410448692855775  0.70461204797831112  0.71505614056048117  0.72499024823725866
  0.73493533582811710  0.74471951742796416  0.75446123200381021  0.76422491563182293
  0.77525123733564050  0.78773017378337207  0.79989468471138558  0.81129625390854709
  0.82227547334711326  0.83300633222501386  0.84342863994196371  0.85353655481543167
  0.86364514599981856  0.87409020546429927  0.88485300886388318  0.89527237507010626
  0.90581646368930058  0.91660074532628621  0.92765424094427318  0.93975821255021297
  0.95334001490371911  0.96784548095251621  0.98335710861510706  1.00000000000000000
 -0.00752974107006130  0.02077068026228548  0.04377898790156628  0.06692857146288957
  0.08966277314974561  0.11204534417684621  0.13156580793429837  0.15070584822928912
  0.17023573993868468  0.18941560691902243  0.20839386232549723  0.23026638204455169
  0.25224790167780203  0.27446496615773408  0.29672498446700735  0.31901718699116421
  0.34118638856789002  0.36331498233356807  0.38527275734292687  0.40718443099296880
  0.42899956409303275  0.45086872623741514  0.47278201758087052  0.49479898454894222
  0.51687456998600712  0.53965390527324097  0.56276872142212642  0.58673791828693722
  0.61136707605415697  0.63666264505113601  0.65412421179021085  0.66992779446177542
  0.68638294166300029  0.69007908580829924  0.69144647645417112  0.69448594366725946
  0.69941592305610689  0.70429308720258788  0.70915364373791234  0.71387150434205005
  0.71861262251668034  0.72341214330650472  0.72817283996627669  0.73294200830764544
  0.73773675941068584  0.74259181194995194  0.74758168067067743  0.75258614793332235
  0.75753500947550800  0.76243037521022128  0.76723649651852210  0.77200628171507513
  0.77687995799261000  0.78183437402817624  0.78680600088018826  0.79181179404653601
  0.79683211003123766  0.80184590533403066  0.80686775051586501  0.81189132952447629
  0.81688304941953127  0.82187066567896283  0.82690262906390311  0.83198105834650826
  0.83702680010085795  0.84207614315153201  0.84717983967238619  0.85228765653116412
  0.85737229116615132  0.86244300502192661  0.86750304056251548  0.87263076792248306
  0.87785268786762927  0.88310624702676011  0.88826280243831746  0.89339638310558300
  0.89857142455965611  0.90377466864349243  0.90892041279515190  0.91409302907144918
  0.91931024192427946  0.92457480577233020  0.92987871321645610  0.93523166773969468
  0.94060054092562562  0.94597307616756154  0.95135822275818349  0.95677528432274328
  0.96215873984852296  0.96751538426730044  0.97290635914429779  0.97832026538677186
  0.98375015967270751  0.98917522070018016  0.99460919821255933  1.00000000000000000
 -0.00179133219189481  0.00786346433690423  0.01648470451133750  0.02585756126789814
  0.03576229984212419  0.04539182442605424  0.05520648345987594  0.06539235136213688
  0.07692191846126548  0.08807057268452005  0.09887366905772417  0.10930705611197673
  0.11908515358841963  0.12840321033298030  0.13747561202842951  0.14680254403293738
  0.15643238550086122  0.16643073637526076  0.17648213933439602  0.18643076104994885
  0.19654318331107690  0.20697793408473866  0.21755926838356784  0.22808422813474188
  0.23829725872193047  0.24844156853070420  0.25834380534721052  0.26791304761121415
  0.27770759346471519  0.28765544105439572  0.29795773097762557  0.30863191809029761
  0.31901932109348213  0.32895571587982575  0.33810256207929690  0.34728134462429916
  0.35657303638192905  0.36573954069368042  0.37506242111996763  0.38510980748155055
  0.39538156603263036  0.40609947223296117  0.41662898423337602  0.42703670294743273
  0.43732377072108441  0.44757382400785334  0.45827291290679389  0.46911401722557922
  0.47992396341704391  0.49073484509517551  0.50171577951171120  0.51289903669172121
  0.52441487237568141  0.53616678880477608  0.54812301040195133  0.56029135119535389
  0.57252486424606630  0.58442892961595649  0.59519085446223174  0.60533530264562474
  0.61506300801522207  0.62452327636648763  0.63398908319984293  0.64357049393816546
  0.65350404823116981  0.66371029585083019  0.67412230853251665  0.68389021795402227
  0.69333994098462959  0.70302687781127893  0.71386367864460187  0.72563101093727334
  0.73703727771597227  0.74786095460895785  0.75891107084008158  0.77043566666118013
  0.78219017211043940  0.79429800761916558  0.80724024917512327  0.82051294686206278
  0.83412175295704183  0.84768526414304224  0.86118706831470260  0.87421962894478034
  0.88711777043249118  0.89909927185901584  0.91014740135422423  0.92077501003573003
  0.93084004787596453  0.94057599973307005  0.95017753802843108  0.96051043244611289
  0.97108528628539847  0.98112327662303556  0.99047890472920386  1.00000000000000000
 -0.00332552650036469  0.01146470860772304  0.02344471664933001  0.03472050158323515
  0.04594892481912806  0.05752676511440445  0.06901458740804454  0.08019275597777584
  0.09261914821901965  0.10461793204778649  0.11535545840334863  0.12533761102470739
  0.13530490885346516  0.14522545758134900  0.15470091235130132  0.16417584814113498
  0.17403363437978855  0.18385532446356162  0.19325753257992881  0.20285361875198266
  0.21237303382077094  0.22153566602171418  0.23054722937642727  0.24040075227813693
  0.25084264603216722  0.26138627536557901  0.27189333267466470  0.28280213145385080
  0.29362604118644875  0.30459209287788891  0.31590059630929507  0.32827701649972790
  0.33953009660147376  0.35021374171717168  0.36086454255756029  0.37131683093943352
  0.38115104037513842  0.39041227978995491  0.40007837541699848  0.41005676814938202
  0.41990604309615304  0.42961598728180694  0.43962918290986214  0.44989679129344701
  0.45970121342214249  0.46905417201872757  0.47844774854565536  0.48832357592481140
  0.49823863598557117  0.50756822882948416  0.51673521438416503  0.52612759195750336
  0.53587173972403956  0.54596287811603428  0.55646854148104019  0.56764593222244275
  0.57872576335528447  0.58918701760858105  0.59948098386076776  0.60975069011955818
  0.61955899822176030  0.62921544316144495  0.63904947201066042  0.64895006394140542
  0.65922106732967645  0.66983552321987949  0.68083674250716930  0.69202812920753842
  0.70278114627553345  0.71535699364725214  0.72793583580285837  0.73942864992398960
  0.75068135383359080  0.76218256506464843  0.77396762365229643  0.78572270928923138
  0.79706180255875103  0.80798295290382971  0.81903264553721478  0.83065486935132493
  0.84232789116929419  0.85351470969053067  0.86455572273070092  0.87568662492982852
  0.88506918921087729  0.89434584597449063  0.90393325189468965  0.91376657494435609
  0.92372816159102011  0.93366615116308649  0.94387821561908658  0.95487621606289530
  0.96600897529061169  0.97748679203859701  0.98856730014730321  1.00000000000000000
 -0.00248644064843660  0.00892221926346632  0.01940679777438806  0.03042739122665453
  0.04159038770533209  0.05281464269933292  0.06419771401456827  0.07589729417559973
  0.08712626364934684  0.09800595941695704  0.10840161601583476  0.11886124127920560
  0.12953322521654517  0.14007809900170481  0.15030411429218446  0.16019242580433932
  0.16948559559586820  0.18002361289344240  0.19173897548216653  0.20438157683816011
  0.21636405225689129  0.22756408560188818  0.23870581005837360  0.24921122452752947
  0.25888830930476431  0.26808374773983346  0.27748980345458896  0.28744751737284874
  0.29789837009132636  0.30891526979173722  0.32043990773938624  0.33199580523442307
  0.34316170133962842  0.35418928582333919  0.36562670422373855  0.37723707035881121
  0.38811022668118073  0.39858141780747786  0.40939260058583737  0.42017543716634381
  0.43058637361162971  0.44131458889625880  0.45223470841652968  0.46287904428386178
  0.47346834197845172  0.48435269477512127  0.49593333383700478  0.50782534984462147
  0.51949300488383265  0.53074364627507642  0.54183534070795936  0.55302041276416347
  0.56354693509452936  0.57347990682228045  0.58344207477692678  0.59431698789786092
  0.60521183309875937  0.61560990656498982  0.62555459992375850  0.63531188711355868
  0.64531066130214032  0.65555293229855471  0.66609277351572538  0.67621945257082439
  0.68603389218502320  0.69602876573836991  0.70637094804438216  0.71713880656963536
  0.72789683178396736  0.73838895231432844  0.74883406910150407  0.75945321930731446
  0.77028693210631582  0.78132340532752020  0.79252826043707025  0.80371572723522655
  0.81471560472995108  0.82554594655464497  0.83628396820687911  0.84672362259193423
  0.85651569657564786  0.86569440987057278  0.87442474388067093  0.88359274773119023
  0.89351547974653434  0.90288255899653547  0.91198349748414265  0.92123494758867663
  0.93176035871713991  0.94231714516369114  0.95265554573621358  0.96253955360100174
  0.97220996832758377  0.98140862155076491  0.99050671332954576  1.00000000000000000
 -0.00250826296115334  0.00966892233411941  0.01988203668293525  0.03032468087688584
  0.04097811804233772  0.05173827590247707  0.06229171669689176  0.07343436495606417
  0.08462512446168019  0.09621475658937945  0.10779961613214359  0.11898701670333965
  0.12998637136111596  0.14087713397104165  0.15219116396893584  0.16305770289697452
  0.17341053610159135  0.18378474780471288  0.19483694913034560  0.20651260030423446
  0.21772612377466732  0.22834028797457434  0.23897178162798799  0.24949825200126496
  0.25917017714639251  0.26915305696553515  0.27988189755571835  0.29094500303068582
  0.30140715360104464  0.31223472885232784  0.32394761662393878  0.33615783947613037
  0.34773762315233814  0.35872458031613991  0.36922955941754543  0.37970222386425623
  0.39063368186733982  0.40195522107690335  0.41305125238028023  0.42322637822771991
  0.43251065425673102  0.44142411045638341  0.45064161813917308  0.46034505756475075
  0.46982948450738704  0.47924031953172380  0.48941848017925521  0.50042496766687838
  0.51195765814939143  0.52283015853269343  0.53297398935532059  0.54291994569214230
  0.55285920777585051  0.56266711051764406  0.57231605092586357  0.58164167974833159
  0.59130870760632737  0.60103956910182621  0.60996417150303828  0.61918997618462923
  0.62913196873062338  0.63968374715041232  0.64991704238326642  0.65954550275518520
  0.66960933600207495  0.68077545221699431  0.69192885233909696  0.70305405189232761
  0.71474477101652512  0.72678878969979810  0.73889056570981682  0.75024581201307161
  0.76055878175667702  0.77090158423762334  0.78191189652023019  0.79313372763518442
  0.80424572509474279  0.81527959877224021  0.82633251838170274  0.83732679485940220
  0.84833477372432353  0.85890040859955152  0.86907861750326620  0.87910005153389847
  0.88868904214290068  0.89788344014500399  0.90686515490610131  0.91628924707183790
  0.92576330483778946  0.93515792895045102  0.94534164898623707  0.95630012157189559
  0.96738262468671044  0.97831404591966908  0.98883271574305742  1.00000000000000000
 -0.00216810503464421  0.00971968432740832  0.01957322242038546  0.02943068079522933
  0.03879245142326836  0.04832589025569409  0.05824060558161522  0.06796571807691891
  0.07772419886609658  0.08759668523319797  0.09817625690091752  0.10909474027866858
  0.12056822395117085  0.13156636117012194  0.14197479569369911  0.15316126146890846
  0.16417904427976110  0.17496025493680972  0.18606328779055112  0.19732890517891621
  0.20896149676524078  0.22097043932414820  0.23231377711062443  0.24262666840325578
  0.25239020460976491  0.26286537527177778  0.27391947531986283  0.28534740591483970
  0.29801977422241549  0.31136947975716595  0.32469216452902055  0.33748542850781688
  0.34953006894720207  0.36092305853863599  0.37173881179701684  0.38173158257410189
  0.39099942076490546  0.40012456551680015  0.40919840524710382  0.41837541736928935
  0.42762664705069642  0.43727083205174044  0.44767027494287681  0.45843078802773773
  0.46911106514163803  0.47988237915752674  0.49125088953005736  0.50197827272154960
  0.51176236956220089  0.52186853254636911  0.53287297886597840  0.54460889430875414
  0.55573198006424562  0.56660480650032685  0.57730006216635366  0.58770172336776860
  0.59828775483607377  0.60883758343118854  0.61888309792360374  0.62832694928900612
  0.63753271515733478  0.64694694323729962  0.65691583010314436  0.66694523493637037
  0.67715638456195737  0.68815580674608334  0.69970646217718480  0.71061374751921602
  0.72052650607286650  0.73025160702118064  0.74035259340525295  0.75055809224062342
  0.76100314560728599  0.77182383160112045  0.78327110335966932  0.79442284218440085
  0.80555089177449035  0.81629424289925845  0.82703509081335924  0.83789986391794380
  0.84806829450124765  0.85806454095011608  0.86807173208579302  0.87816720569506423
  0.88902690656512628  0.89955787731431669  0.90998736016036175  0.92051608359470749
  0.93068766961942961  0.94052151008483187  0.95023160247358229  0.95991032913550411
  0.96984305739589161  0.97933477843587924  0.98945974503927836  1.00000000000000000
   62.018892022243435       -1.0000000000000000     
 F F F F F F F F F F F F F F F F F F F F F F F F F F F F F F F F F F F F F F F F F F F F F F F F F F F F F F F F F F F F F F F F F F F F F F F F F F F F F F F F F F F F F F F F F F F F F F F F F F F F F F F F F F F F F F F F F F F F F F F F F F F F F F F F
  <DiscreteSampler_grid>
  grouped_processes
  1 # 1 for a reference and 2 for a running grid.
  10 # Attribute 'min_bin_probing_points' of the grid.
  1 # Attribute 'grid_mode' of the grid. 1=='default',2=='initialization'
  0.0000000000000000 # Attribute 'small_contrib_threshold' of the grid.
  0.5000000000000000 # Attribute 'damping_power' of the grid.
 # binID   n_entries weight   weight_sqr   abs_weight
    10   10   4.853556540263880E+013   4.839753234299132E+027   4.853556540263880E+013
  </DiscreteSampler_grid>
