 -0.00251134776261699  0.00972890012125643  0.02024861723772725  0.03167789283824837
  0.04293522041033775  0.05403556246771143  0.06564892014967036  0.07828470133146591
  0.09155467616702394  0.10456095025331386  0.11676694837746124  0.12839294588831374
  0.13988604214891742  0.15101667374724992  0.16126658196195340  0.17158692887707394
  0.18233103200981074  0.19294280148445592  0.20306102457464492  0.21298832722643540
  0.22317108807691718  0.23356188405469314  0.24393506013440094  0.25436808787499693
  0.26444848834023388  0.27444330394804395  0.28468629406103280  0.29521216149693397
  0.30618498300543157  0.31737170388275082  0.32885532656397870  0.33969418015274899
  0.35018516278873396  0.36181807029439006  0.37292082332084175  0.38289902679390431
  0.39293000118181953  0.40292319799198012  0.41313581476813654  0.42307226085291250
  0.43302967764298794  0.44252471650951086  0.45178844645534899  0.46111215683197426
  0.47038666698185039  0.47962548261899707  0.48921127093107736  0.49859037832807618
  0.50943549495708351  0.52053132565795657  0.53212907178713897  0.54346051059836264
  0.55416833194184412  0.56458595363567465  0.57450210756084963  0.58444350598112493
  0.59454735381229784  0.60458577395591384  0.61448677418339348  0.62439933112725210
  0.63557539002171137  0.64713106176824342  0.65856626054003420  0.66932871960675144
  0.67908005623233358  0.68859862596209409  0.69821863263364259  0.70822652586162771
  0.71834161472756963  0.72818764071379438  0.73856706732984734  0.74896324396519232
  0.75827376732637697  0.76758905976219305  0.77746119185717333  0.78829796018429321
  0.79906546204717588  0.81049032643644758  0.82257452220478755  0.83374722345863828
  0.84387716462680784  0.85367381171298851  0.86311771524426140  0.87226803194762714
  0.88106853386355743  0.88961246766468760  0.89892808949168024  0.90890482011882867
  0.91879198126477957  0.92875218488356348  0.93885345157615585  0.95017195925253917
  0.96123167641194751  0.97260841534185782  0.98532241378097118  1.00000000000000000
 -0.00002639692735232  0.00489999979735825  0.01060017432289552  0.01677707177287304
  0.02439371903079812  0.03259151972665928  0.04068779985563838  0.04955256699219024
  0.05861528145346465  0.06911460710477620  0.08083546515467786  0.09069324382717089
  0.09973111388146613  0.10893617781925703  0.11860564353807310  0.12824687338188437
  0.13693160639727450  0.14567235930521288  0.15659897445157461  0.16802594256386283
  0.17958399532262978  0.19197007136182725  0.20441832869207990  0.21568330188257087
  0.22583413705616379  0.23550650616245278  0.24485707050612596  0.25368046217997531
  0.26212559809228292  0.27104801677454582  0.28053600013029001  0.29002555334432506
  0.29961277543303239  0.30796469754211847  0.31813596055267895  0.32930743066857537
  0.34090316909485952  0.35297000287017100  0.36517600810513084  0.37723034522889043
  0.38920785369688704  0.40161358803320446  0.41486615031895113  0.42808078303261393
  0.44040236374423058  0.45134671309739144  0.46159640788792677  0.47214264521167743
  0.48293499397865192  0.49426940778734890  0.50532627148601494  0.51620488057410718
  0.52670882413512465  0.53685309604945630  0.54710393756061904  0.55802912674865335
  0.57064253844929047  0.58404717123973626  0.59612928912626451  0.60780331664381448
  0.61937851696321722  0.62992238197205574  0.64023541047380073  0.65080443999955118
  0.66233501861823818  0.67265140060377526  0.68248247261856276  0.69273831310102341
  0.70353702716857336  0.71479274131784165  0.72609185838386403  0.73694666979493639
  0.74742683393565545  0.75756080673238924  0.76733655774409304  0.77693200477001934
  0.78652773212797944  0.79701792503705327  0.80867724579601397  0.81951987683104854
  0.83019344480748758  0.83995849786332277  0.84964862639457461  0.86018297488849671
  0.87039761479104627  0.88060826917359125  0.89077747341035463  0.90120302427906873
  0.91231737098893051  0.92331686392055834  0.93420342982126547  0.94552088414602697
  0.95724164865445815  0.96918153487938641  0.98328260079990293  1.00000000000000000
 -0.00886074507735662  0.02039282436831980  0.04480427216617093  0.06941702342309806
  0.09327116989254051  0.11560178366395335  0.13649404101572074  0.15635477386996471
  0.17676249068872774  0.19733531235067456  0.21819475707538261  0.23992773431114353
  0.26224191603316105  0.28422316685153548  0.30623028305370653  0.32857582256077894
  0.35092078468813243  0.37326505420720796  0.39565884082019109  0.41804261337773085
  0.43975827073338447  0.46145734404051514  0.48311934807592438  0.50454575955338210
  0.52581084502659614  0.54852567458675305  0.57156053721833477  0.59546070739720258
  0.61925127642192135  0.64276060490071318  0.66030706315722276  0.67460386718991416
  0.68972515152491254  0.69037325585188580  0.69209509730007557  0.69603328906971795
  0.70091630795006810  0.70569119199175223  0.71046538307014540  0.71519997850355210
  0.71993439838371931  0.72470465227172609  0.72957084639133507  0.73442217695155332
  0.73924304211798875  0.74404217855754418  0.74887986807563078  0.75367508951514561
  0.75841457245261512  0.76316453821342400  0.76809573465531145  0.77307549367176676
  0.77796931700127747  0.78287619583776025  0.78786077364506513  0.79280716257382111
  0.79769224317401677  0.80262663186778849  0.80764159260350776  0.81265367628073948
  0.81760371664653431  0.82253608568704273  0.82752765291293451  0.83252099671313273
  0.83747488060930808  0.84245178327743642  0.84749209427985828  0.85261082048065517
  0.85772551582606538  0.86278639391012046  0.86785552587563075  0.87300478585838215
  0.87822706931420624  0.88335525363567646  0.88847377661020066  0.89366298737489969
  0.89893261814238390  0.90415359948176677  0.90932268772904457  0.91455281866487792
  0.91983439642446552  0.92511668444078332  0.93043542502757981  0.93572309435648515
  0.94102987078845546  0.94634233498322751  0.95167683563637906  0.95697841112027582
  0.96223239747919964  0.96758714526986966  0.97301528209425636  0.97843229284883182
  0.98385526479953744  0.98922309818000020  0.99455169042538860  1.00000000000000000
 -0.00305385218037499  0.01033824250879347  0.02194024136238306  0.03363901629560576
  0.04626394111190439  0.05938286574166722  0.07171213967046387  0.08314931540215273
  0.09406783283156304  0.10459982421055264  0.11475935664546161  0.12528135724400805
  0.13693031967441047  0.14950430877701670  0.16250279959544078  0.17569632254926135
  0.18810632070429825  0.19959057643907210  0.21056266411706434  0.22123708350056043
  0.23209051010607765  0.24244985208630437  0.25249183420824933  0.26250444013741864
  0.27246614470691161  0.28357352148461190  0.29534831279102158  0.30796649467248832
  0.32035408368699475  0.33188709220257884  0.34288438415896366  0.35355231164471973
  0.36447222271313023  0.37581090844889603  0.38784181383243849  0.40009507949871653
  0.41207118248806540  0.42397388893905380  0.43579508565201558  0.44671371308184399
  0.45760481506103146  0.46857517998375009  0.47986091036653555  0.49050454883369765
  0.50070028586697968  0.51069017064596256  0.52057160895718080  0.53034691189436700
  0.53992344301147188  0.54985683842647581  0.55962978540167718  0.57019318484019765
  0.58169259838334253  0.59280812572415598  0.60334057802751540  0.61290411843017789
  0.62256892207456094  0.63139166524564228  0.64021186384667761  0.64890854675864917
  0.65803545184663481  0.66705507867875435  0.67608245259970290  0.68485545830613037
  0.69406275507671289  0.70358298076193027  0.71272650774429525  0.72190689054107959
  0.73194913422808217  0.74283597559826664  0.75315569699937179  0.76258544029986075
  0.77217236221205499  0.78160289820817952  0.79112174460487572  0.80093466380009493
  0.81078261803669172  0.82062047950000816  0.83094210993604445  0.84138098769777603
  0.85167841191415594  0.86183414664329971  0.87182281839587339  0.88155242709116999
  0.89126261463146805  0.90092771926227688  0.91079283081143947  0.92075316406679131
  0.93085015891284051  0.94084383139151895  0.95115541186517849  0.96136246554758042
  0.97142817126429981  0.98119129496149327  0.99027989738062805  1.00000000000000000
 -0.00193083951256770  0.00784429179706877  0.01645897358731565  0.02580453444252628
  0.03560618275395436  0.04592143865431211  0.05754898065754804  0.07039409211428987
  0.08492037914187571  0.09643929214767583  0.10744644694858491  0.11833278541527470
  0.12897393101003626  0.13895794694038596  0.14886427837996483  0.15979029518694149
  0.17049020337747786  0.18168805158366103  0.19231011748520752  0.20252287121860887
  0.21228090563143781  0.22215336103509126  0.23197163042767091  0.24134494450295288
  0.25100735129782392  0.26072385641147727  0.27056710439256781  0.28086674214917218
  0.29161632991423642  0.30231567111238866  0.31308377821291228  0.32458722301328086
  0.33611902800214333  0.34714062868236245  0.35782275381637718  0.36872644144385847
  0.37922437365820344  0.38960579983877042  0.39997364310701905  0.41048493602284980
  0.42069092866946156  0.43040141279910132  0.43987992856284647  0.44927081440903016
  0.45916004163664109  0.46911099801283823  0.47957185274494396  0.49010223545721676
  0.50062970818049968  0.51123583779534332  0.52229100658301786  0.53346679898918603
  0.54483200038785529  0.55538174153902076  0.56576281510840609  0.57617775504324187
  0.58711076563174713  0.59806250103009762  0.60843362376025389  0.61819064495569287
  0.62827009132987799  0.63904758936104766  0.65020904113858069  0.66206755301127895
  0.67483670535217111  0.68811474422758223  0.70127946807840735  0.71399328749756019
  0.72623453148470862  0.73683725388893595  0.74662924955867360  0.75698858030675631
  0.76737439189374190  0.77753208686975994  0.78766814686261488  0.79871524163634300
  0.81023669317036318  0.82157237714497466  0.83300931825723756  0.84475562350903699
  0.85657565779281120  0.86809634582830109  0.87885437865136673  0.88870924935760465
  0.89822262288529342  0.90713078931245017  0.91575856561330249  0.92438905543207139
  0.93336947261991399  0.94311706064558642  0.95349389063590306  0.96362317824455301
  0.97383351757776593  0.98334221387383880  0.99202639899102918  1.00000000000000000
 -0.00189690615678878  0.00881367162539011  0.01720625672987305  0.02628908661294486
  0.03598315255237520  0.04628922034415401  0.05664837215426381  0.06767991647053295
  0.07994689944176898  0.09123416823790022  0.10188709513346009  0.11225655087514279
  0.12306323296054511  0.13298631800164032  0.14299434054826210  0.15343571065543848
  0.16469185181338605  0.17496684326886064  0.18531893674576386  0.19612932877308320
  0.20725150409206219  0.21793135430330962  0.22954677397234077  0.24282997366400150
  0.25626483653351956  0.26903343647156164  0.28061797165410968  0.29203265267514839
  0.30353713376480318  0.31448850523408445  0.32488306230537706  0.33540159765978023
  0.34608112810590685  0.35644476607272152  0.36646836561365326  0.37659711335433610
  0.38696911284356916  0.39755271106302792  0.40826005423398198  0.41862039735480111
  0.42849167552661704  0.43893100988279771  0.44963489872735524  0.46054111528649616
  0.47141260474404512  0.48293706884410453  0.49525384413950535  0.50761155788772105
  0.52000800490951959  0.53127975715279363  0.54271873307433760  0.55402986309160196
  0.56550282793608675  0.57639509948278411  0.58728004368710129  0.59803175085746052
  0.60922742980128608  0.62074215921395581  0.63109919977124174  0.64088722058635195
  0.65045487622729614  0.66007550117625724  0.66894979482259664  0.67773510493932476
  0.68722585686071769  0.69704039020058606  0.70641938307484331  0.71579074909491891
  0.72577505925588681  0.73615020594934810  0.74658158193243274  0.75702238734895300
  0.76732622918947757  0.77710195308484009  0.78645271642357739  0.79603001352953306
  0.80594348118483550  0.81602997456680826  0.82591191737693304  0.83530755594529349
  0.84445464693347982  0.85373993769486711  0.86366300994800471  0.87348726835023605
  0.88303858072815677  0.89249750451653276  0.90202417738082863  0.91175546215179037
  0.92180222329371675  0.93193099881285868  0.94213676475638564  0.95244376588657076
  0.96280852559186048  0.97472417711675519  0.98676283858857361  1.00000000000000000
 -0.00267017361770271  0.01011338248823289  0.02082579268245150  0.03050888142612213
  0.04044481738722362  0.05095583343324497  0.06140105556285433  0.07117482319179873
  0.08038177795583776  0.09018996427370041  0.10061860884774149  0.11138472619044260
  0.12249758258392432  0.13471976115887715  0.14757284674478943  0.16015557112411932
  0.17225902515347721  0.18408233774197347  0.19598601905596708  0.20800544280153929
  0.21981589861656625  0.23203220173139597  0.24426140836188087  0.25539888570515762
  0.26574202580651263  0.27665267044879416  0.28771699633857872  0.29823502167477894
  0.30823040338234647  0.31941645855525269  0.33042443003717453  0.34104567382204243
  0.35170769308154298  0.36353353729500848  0.37558758345427512  0.38756887165742576
  0.39960696979432214  0.41155049842282565  0.42271486127902019  0.43331974183906546
  0.44429465447530708  0.45556386515882147  0.46635371057853653  0.47637394510073422
  0.48638852386983639  0.49646617503500529  0.50632213273283311  0.51585849058599331
  0.52556273075967086  0.53547881399168462  0.54584175786335676  0.55694008877743184
  0.56850091106396239  0.58011309555995882  0.59154211095631459  0.60242938613592356
  0.61243203977929006  0.62170619585289844  0.63122053555051305  0.64114893025037456
  0.65098388674289720  0.66059720815214351  0.67016436124301371  0.67980829858334124
  0.68955178795165850  0.69930928063814624  0.70924179676372279  0.71937466454979726
  0.72961142534991785  0.73929661557073945  0.74873662260590967  0.75844572492633255
  0.76833044468561862  0.77894825123537825  0.78899469868875305  0.79957748753353808
  0.81041187860092812  0.82145959861609574  0.83242198539300727  0.84291560807602262
  0.85304160432395748  0.86294808374892418  0.87266897769404039  0.88172046024534878
  0.89028139380766169  0.89911157768165995  0.90840441873753597  0.91797776943161857
  0.92739751234619860  0.93675999531851717  0.94686392989278212  0.95662103978009216
  0.96657655226958084  0.97687935030969031  0.98777977911873027  1.00000000000000000
 -0.00224981814138112  0.00881000940140453  0.01938828947032433  0.03039667910982607
  0.04183736527582981  0.05289896952602551  0.06346761351165112  0.07336036720081926
  0.08330708090214817  0.09402223999184006  0.10521011249668148  0.11718888085825453
  0.12920823723699917  0.14117163150518897  0.15258894194631700  0.16322735063103891
  0.17419186814663368  0.18485533672179266  0.19552034885989830  0.20601425367621554
  0.21623578677945851  0.22620734453517052  0.23619200555364328  0.24622268950416298
  0.25670367365482460  0.26709062897852331  0.27690824761053062  0.28617772364383376
  0.29546953427317502  0.30504211198467107  0.31487881616841074  0.32453638476893065
  0.33402733180298688  0.34410764321992449  0.35404320445195026  0.36345216882816345
  0.37294816393129177  0.38316083675643525  0.39380761354026067  0.40413391019619183
  0.41408441049450423  0.42408109057274446  0.43454503819732465  0.44587677938791848
  0.45761730702146824  0.46863421856147752  0.47881670648625102  0.48921706532183251
  0.49997221705397582  0.51041153271936812  0.52031200032236091  0.52994196750061362
  0.53973265540444948  0.55006856549323102  0.56083902930143148  0.57178811487024683
  0.58264858106496042  0.59331608596530272  0.60381359489489195  0.61389234144519600
  0.62377038018180841  0.63408778381529440  0.64412880787987203  0.65438164872201154
  0.66446118191925652  0.67544327497812040  0.68726703061202055  0.69953498113767265
  0.71082646025671570  0.72138807818824580  0.73221627293882829  0.74410806819472675
  0.75507095011145187  0.76356669463363436  0.77290929232648387  0.78241884743229495
  0.79218823195414145  0.80126299992738925  0.81048204577580518  0.82103779362415297
  0.83281515395547401  0.84537311421715833  0.85803905629039934  0.86968973272299666
  0.88140869838654778  0.89168437448165061  0.90199767678519149  0.91216700250505645
  0.92309334862816295  0.93372873648258203  0.94407165857557840  0.95451283091166361
  0.96483241184791169  0.97589379698147505  0.98758982059132483  1.00000000000000000
   60.960824691204095       -1.0000000000000000     
 F F F F F F F F F F F F F F F F F F F F F F F F F F F F F F F F F F F F F F F F F F F F F F F F F F F F F F F F F F F F F F F F F F F F F F F F F F F F F F F F F F F F F F F F F F F F F F F F F F F F F F F F F F F F F F F F F F F F F F F F F F F F F F F F
  <DiscreteSampler_grid>
  grouped_processes
  1 # 1 for a reference and 2 for a running grid.
  10 # Attribute 'min_bin_probing_points' of the grid.
  1 # Attribute 'grid_mode' of the grid. 1=='default',2=='initialization'
  0.0000000000000000 # Attribute 'small_contrib_threshold' of the grid.
  0.5000000000000000 # Attribute 'damping_power' of the grid.
 # binID   n_entries weight   weight_sqr   abs_weight
    10   10   1.800778337913691E+013   9.759607921874270E+026   1.800778337913691E+013
  </DiscreteSampler_grid>
