 -0.00197724398069859  0.00814749728323792  0.01700414332159403  0.02690101637831422
  0.03658083288089212  0.04757834926885164  0.06038843880602982  0.07169053633829479
  0.08259121645550460  0.09258813986261070  0.10238398105169207  0.11264662240621676
  0.12275507929544752  0.13236628088578281  0.14177458284283123  0.15175531791788244
  0.16181824043278531  0.17190807896450894  0.18149506107201419  0.19169311205609157
  0.20400406110464547  0.21624374034852617  0.22963552764382464  0.24282074197570397
  0.25421277023116634  0.26366379496430004  0.27289628373391178  0.28158068869288239
  0.29067661102223369  0.29970518918657663  0.30927066582230867  0.31894558443693632
  0.32813936411080358  0.33744004929639732  0.34724691782853656  0.35736197031349437
  0.36749576700364273  0.37770936595356097  0.38771811692948843  0.39757158235519685
  0.40762988247562992  0.41855872410857708  0.43016651690846752  0.44150011385365290
  0.45230272344969824  0.46310608775214762  0.47408717403339234  0.48516108826817445
  0.49667233487260498  0.50886778161454371  0.52155106326005252  0.53396439754859470
  0.54555168583292635  0.55580144634168049  0.56630569860928281  0.57711933554251060
  0.58746015589137346  0.59698327439398335  0.60648414278584628  0.61667296153521256
  0.62775725256876558  0.63892159022511130  0.64922586278073269  0.65946574115360113
  0.66942213925134419  0.68054938530927966  0.69162042930271617  0.70304554395501717
  0.71485146528537502  0.72688019072319965  0.73845255516135777  0.74926848665042067
  0.75943691459195561  0.76977398080872694  0.78046219074000156  0.79135336181214577
  0.80118764757342176  0.81039689181393948  0.81923973016408680  0.82790510379057314
  0.83721142436690676  0.84603125725483175  0.85525494434181637  0.86500177912105491
  0.87502256102273357  0.88525952434602195  0.89590644347433424  0.90674481770631521
  0.91801753996944124  0.92922016851905065  0.94011642274215779  0.95204848963125666
  0.96384934065521632  0.97652919038302710  0.98823207965207982  1.00000000000000000
 -0.00120136151941971  0.00730675829482427  0.01582659148040700  0.02430627777330732
  0.03275196110692189  0.04113255804214063  0.04927264417603631  0.05744168926797816
  0.06601230817956902  0.07461367988453563  0.08345136497165405  0.09250466239328900
  0.10190149553787123  0.11207435926518088  0.12269309235964540  0.13330698632342125
  0.14391320776621927  0.15495307765192207  0.16636864532526488  0.17759495547440984
  0.18904602576245885  0.20062905969221315  0.21226041413113556  0.22386552465923651
  0.23541639173275522  0.24693290041605584  0.25864386612573415  0.27076790076792656
  0.28225447677842058  0.29324551023105955  0.30290560147944579  0.31221142536702928
  0.32178529818407248  0.33177472738341629  0.34198815031744273  0.35261797145233503
  0.36387116438566691  0.37540114360082322  0.38672930779718934  0.39781085842859859
  0.40884817647955601  0.42044384779433036  0.43253083221809696  0.44411973333571647
  0.45489363686036144  0.46510665583676392  0.47497083141705732  0.48503468275017669
  0.49541370756722702  0.50584337906203958  0.51609527690919266  0.52659324426612553
  0.53732793196088258  0.54776661404978466  0.55804853742736182  0.56835076758481162
  0.57889513544875348  0.58936462581027815  0.59961797767675273  0.60973628757841081
  0.61987616331387674  0.62945412571255588  0.63875120767302962  0.64817091205362143
  0.65770774923869524  0.66762144737807116  0.67799068278396790  0.68851371339150691
  0.69898237735319357  0.70937359548194689  0.72005886750416748  0.73031755175566493
  0.73957483338347596  0.74882839843628934  0.76042617069356389  0.77226133543392739
  0.78330221603842243  0.79362441003440654  0.80474053086254438  0.81504295377832447
  0.82509405749169240  0.83547978838668802  0.84686181211018563  0.85856736105255904
  0.87049401930415105  0.88172202091528051  0.89241822998301767  0.90376173412811478
  0.91572683302641467  0.92678024567725725  0.93722608335503943  0.94798272560605501
  0.95919982485078936  0.97075373682322730  0.98421773857777251  1.00000000000000000
 -0.00865894906993362  0.02300486947264434  0.04728031530961951  0.07173253669796037
  0.09536680532745649  0.11755374937127640  0.13827559654562632  0.15800340578411751
  0.17831634990129824  0.19876812741238883  0.21943183173195185  0.24123672368684590
  0.26385311042057380  0.28593005270472432  0.30795559320476695  0.33001067449222615
  0.35221441828207339  0.37460159381846792  0.39704636041268282  0.41950958568175478
  0.44184809224100569  0.46408919802601806  0.48611045399989194  0.50805577600658758
  0.52994544345715455  0.55285953859437098  0.57602961833048638  0.59989519106374611
  0.62432474111660696  0.65037135933373447  0.66702541066907695  0.67759918224466431
  0.68963801591948359  0.69064936805936217  0.69215266294566324  0.69684525571720346
  0.70163888057605095  0.70644763633865615  0.71121091597987252  0.71590576061794842
  0.72062373458325335  0.72529339954334715  0.72993489658350941  0.73459481878631616
  0.73928972433605977  0.74403799177432139  0.74885523533680409  0.75378091465319563
  0.75869382863754031  0.76349939393348987  0.76837151803420967  0.77330972326009706
  0.77824408416240887  0.78311428427995899  0.78793914704840384  0.79279938915234749
  0.79773061953506919  0.80275025755682006  0.80785629974717976  0.81296856562182096
  0.81791059153422163  0.82288456717155600  0.82787253208274392  0.83282650337449249
  0.83780762212791859  0.84283153785014020  0.84788805094059960  0.85294268122801853
  0.85805023103503553  0.86321168729338249  0.86832909218160470  0.87342922424583247
  0.87858651652896980  0.88379752746078843  0.88899141726098319  0.89419542174710298
  0.89942090851640044  0.90466849721049647  0.90992996610171395  0.91514843377105404
  0.92035540183383013  0.92567733778725625  0.93105672455914290  0.93640258878473881
  0.94171088179423801  0.94702670378735532  0.95233439485260196  0.95760978804704000
  0.96284977178361186  0.96811693971755874  0.97340960253933151  0.97867304928540289
  0.98393654378358852  0.98924046348797723  0.99460976648780131  1.00000000000000000
 -0.00230384640640886  0.00903991287036877  0.01803917954264780  0.02745792850612876
  0.03717118278529145  0.04715388383747261  0.05809600429757283  0.06868621114363947
  0.07948701605964731  0.08973200794778036  0.09966577629311016  0.10966240135475359
  0.11916200512852318  0.12882724537611689  0.13884976229760276  0.14899096755793786
  0.15932827015564185  0.16971121979935430  0.18012970300938896  0.19069925665066020
  0.20085309735987508  0.21078522525687751  0.22045873715907652  0.22995279507007049
  0.23922706231597773  0.24896989991346982  0.25913445053830442  0.26931926348130186
  0.27927662830028810  0.28914396688836841  0.29946341628883139  0.31049259992275108
  0.32223315702587402  0.33374835380993512  0.34445960022814154  0.35487134272216259
  0.36556382632254381  0.37611093589383032  0.38611154393868513  0.39591009974955549
  0.40543304149335119  0.41482870010407585  0.42457598750369779  0.43479036931749432
  0.44508714151589029  0.45516249062803893  0.46502096957351219  0.47471853546131254
  0.48391153834680573  0.49268779981977301  0.50186472461033882  0.51218667407525098
  0.52315912061831993  0.53338148838915111  0.54314292527402652  0.55192321481542206
  0.56180597525335152  0.57313581048006224  0.58401190503901745  0.59408824700174434
  0.60362869319317203  0.61352702814589299  0.62375194699653125  0.63359206643578048
  0.64339421785319140  0.65430721176904172  0.66534620243500042  0.67553176090210176
  0.68564704256128362  0.69693913903862348  0.70891970175805463  0.71962965664623324
  0.73002629716837353  0.74006321756484472  0.75091515628399974  0.76270026053550144
  0.77465894336679642  0.78695923011029134  0.79850808409350560  0.81034520882964944
  0.82172840530363411  0.83292547770377512  0.84393367166112465  0.85577334060445898
  0.86807051994391771  0.88001706432140336  0.89144305828316561  0.90276021080861535
  0.91452309168615709  0.92676805156633402  0.93930150475312379  0.95218496715813339
  0.96457647146659764  0.97658460723371254  0.98818644561455438  1.00000000000000000
 -0.00277265090081563  0.00939741019823411  0.02039810202016563  0.02985508712840207
  0.03977021484406857  0.04935496538759689  0.05941465010112428  0.06914600678721845
  0.07874828933506811  0.08795632086487268  0.09716440003409925  0.10633714643258166
  0.11545923815795413  0.12479814971606774  0.13520451526219748  0.14643548408475640
  0.15820189049854450  0.16958637179799896  0.17997759076562991  0.19001428253495353
  0.20039157244825301  0.21127969460891388  0.22238526434788911  0.23313811427450487
  0.24408907620118650  0.25476079377888478  0.26477017450086049  0.27470459254969093
  0.28499672250444025  0.29525952993827875  0.30507120288402356  0.31519229901968759
  0.32602627158604292  0.33750771421270936  0.34919309809275734  0.36112479707493877
  0.37255961207476807  0.38295804826191643  0.39236952019212035  0.40201969081262962
  0.41158095461728089  0.42098773355661939  0.43041037797610943  0.44013874774091044
  0.44976059787305550  0.45926105561367059  0.46896618016180919  0.47935746593210449
  0.49051678294405554  0.50131572064971208  0.51088638248151275  0.52031833732974098
  0.52955824021467224  0.53911589397424153  0.54835132097321393  0.55731532779203685
  0.56689516836201770  0.57676116078438633  0.58635942009629727  0.59598181988215271
  0.60585682136786667  0.61639402337493310  0.62723708442105086  0.63805976030176192
  0.64928761040431771  0.66071053550310932  0.67202195704619627  0.68292701666239841
  0.69398168174997754  0.70552978285514789  0.71721056206317546  0.72816767638649937
  0.73855479049825656  0.74879281222218841  0.75915775870237623  0.76997397954667934
  0.78071036678749461  0.79173404241141565  0.80312248257029994  0.81519086427571474
  0.82754694923542704  0.83864327046953957  0.84948887668703021  0.86013952325786402
  0.87066733183502731  0.88116109443320745  0.89128548354995707  0.90162313525546800
  0.91219191779015052  0.92402437482495237  0.93717157956658725  0.95035318310278560
  0.96339236476451307  0.97534331266972651  0.98739207656967976  1.00000000000000000
 -0.00215686609684554  0.00871400329399758  0.01786501339514670  0.02843240040452155
  0.03893915607125384  0.05012380917307285  0.06168286003037745  0.07337697799278402
  0.08491817482074597  0.09637178854647446  0.10777391631000895  0.11921106300863753
  0.13056596679731969  0.14154421940729089  0.15186634374195626  0.16143621565908917
  0.17132446520648736  0.18145122112151907  0.19197344076290121  0.20209935659877462
  0.21304100351321392  0.22396518707630153  0.23448417297216695  0.24402713020273756
  0.25413142414559264  0.26432038741216757  0.27472385716288072  0.28531500395804915
  0.29617116591179310  0.30917611994032951  0.31990125091587235  0.33092303505242615
  0.33974535047111620  0.34892008443898370  0.35827452814218547  0.36802642287714943
  0.37721717596839111  0.38658577643717185  0.39609893933609996  0.40673266249541651
  0.41762855249499914  0.42749959202749205  0.43698667934329682  0.44661643570625659
  0.45665588549467151  0.46673303895442053  0.47680491865882896  0.48727049534301931
  0.49795659865465863  0.50857620528031133  0.51917297656155748  0.53005566454055308
  0.54122196679031986  0.55236076402384238  0.56327511323511104  0.57409104977548231
  0.58484892000950917  0.59551078524813994  0.60586609916009593  0.61567791133583394
  0.62575316953188775  0.63601200236855615  0.64565353551308846  0.65487681382870133
  0.66432769823266036  0.67428988644699162  0.68426716010693911  0.69416095162470703
  0.70391336228612811  0.71482409350145293  0.72593659222509210  0.73717023598772180
  0.74800807827488547  0.75828408854475804  0.76925681338053542  0.78112888000548975
  0.79307098669847487  0.80472940841246010  0.81577100026726213  0.82613488459483286
  0.83668003184892037  0.84713130901527489  0.85721467911866978  0.86737217781916187
  0.87856912288070721  0.89085165191634907  0.90236182486742722  0.91254351407253609
  0.92324974255014736  0.93417986969912592  0.94459281708053799  0.95466865712100557
  0.96567365769060087  0.97766556910105706  0.98923741720290637  1.00000000000000000
 -0.00197306518655754  0.00792148771760945  0.01663861238042724  0.02634478385393684
  0.03553192646928761  0.04414847463568588  0.05278234340713715  0.06223615173230674
  0.07225905486841580  0.08167827198863274  0.09085052858553130  0.10062942284345544
  0.11126361637973084  0.12264991431693108  0.13444696238489273  0.14687115169235743
  0.16014054468679770  0.17261489371502758  0.18368673879554953  0.19406563130584659
  0.20378533098023682  0.21346241224382342  0.22250328781662554  0.23218787466091656
  0.24257304929686005  0.25321440251434729  0.26428112788811364  0.27596147849888347
  0.28795727077995575  0.29887163946569911  0.30917299160207962  0.32005525043876931
  0.33108730010924670  0.34195629015266976  0.35285045719207403  0.36397977448584656
  0.37560182403618492  0.38690530296841225  0.39763525549752732  0.40784287055609553
  0.41826450695235212  0.42871310534184537  0.43875321761738284  0.44824673162697648
  0.45767206413604022  0.46771530417276180  0.47858838828887446  0.49057618312717521
  0.50274998849033203  0.51433119657909432  0.52518192960284593  0.53614580253517441
  0.54695157339108891  0.55806708615887446  0.56985188434978062  0.58267577823777694
  0.59506514567449609  0.60689834302726020  0.61866652943340827  0.62941722999178351
  0.63986338706087009  0.65082751737851241  0.66215024819888046  0.67359855904889587
  0.68485529495947728  0.69581756819681706  0.70630636669545532  0.71655443506913419
  0.72654348834306570  0.73665667457631279  0.74681452936255643  0.75609359344349092
  0.76494145600809882  0.77383392235117654  0.78270163988970520  0.79162596855665712
  0.80088157426715789  0.81012833951767416  0.82007536270562598  0.83113306922815222
  0.84184325226876566  0.85255785082129076  0.86268175106956013  0.87243848057350026
  0.88187586114863270  0.89174509314619665  0.90233370358619913  0.91462361235103029
  0.92667649591093704  0.93851386980747731  0.94988935897318283  0.96105930558147412
  0.97173897883853688  0.98166130478230695  0.99104047820744423  1.00000000000000000
 -0.00291724288786113  0.01048013041513155  0.02274399462685489  0.03457740421717231
  0.04632138704086747  0.05750600293544395  0.06831852176919691  0.07892637954695221
  0.08919404863879772  0.09964481363314343  0.10953208560358692  0.11911962975201025
  0.12846004802107056  0.13764952280938625  0.14688169749375410  0.15646876763248094
  0.16626727922922305  0.17675750493706915  0.18779252060565074  0.19987467308632834
  0.21255359250827174  0.22461438299913894  0.23611920221121652  0.24687638247207030
  0.25733527576079013  0.26803569284367829  0.27790390979008317  0.28861085684405519
  0.29926839625015050  0.31021473651888870  0.32028460751078985  0.33052014604153623
  0.33985095092398265  0.34895914406427908  0.35760341758904923  0.36625834381656747
  0.37517404849900049  0.38443675358667162  0.39368987431176455  0.40344517954720949
  0.41336382244567027  0.42352617880930521  0.43416254343134114  0.44434229162347982
  0.45425264228912160  0.46367776829263924  0.47249612202949887  0.48130897118418464
  0.49035834410991891  0.49951447496542895  0.50879843673075476  0.51809207062034601
  0.52768369201228194  0.53746035987763419  0.54794442880558047  0.55914869252227029
  0.57079637961352514  0.58240827747623025  0.59377324018318345  0.60495662036655073
  0.61613461342280207  0.62752266801989420  0.63903412554836136  0.65023462108262364
  0.66116438518552267  0.67212235020284172  0.68315482748175405  0.69434948192569068
  0.70500428805286197  0.71562969723072867  0.72630452533889944  0.73703112036105300
  0.74800180464828203  0.75905914935972274  0.77016294590687151  0.78012421948654442
  0.78972699837268256  0.80022973685635368  0.81143864840555990  0.82286638902084930
  0.83428320985556503  0.84658739728293497  0.85819928636483755  0.86919015137758449
  0.88008823175889350  0.89083740316484739  0.90108053724837645  0.91119817815564708
  0.92187841382285363  0.93307477189043952  0.94421483687594687  0.95562089005082262
  0.96698909393228671  0.97815938115770562  0.98902349073896634  1.00000000000000000
   60.707454141427299       -1.0000000000000000     
 F F F F F F F F F F F F F F F F F F F F F F F F F F F F F F F F F F F F F F F F F F F F F F F F F F F F F F F F F F F F F F F F F F F F F F F F F F F F F F F F F F F F F F F F F F F F F F F F F F F F F F F F F F F F F F F F F F F F F F F F F F F F F F F F
  <DiscreteSampler_grid>
  grouped_processes
  1 # 1 for a reference and 2 for a running grid.
  10 # Attribute 'min_bin_probing_points' of the grid.
  1 # Attribute 'grid_mode' of the grid. 1=='default',2=='initialization'
  0.0000000000000000 # Attribute 'small_contrib_threshold' of the grid.
  0.5000000000000000 # Attribute 'damping_power' of the grid.
 # binID   n_entries weight   weight_sqr   abs_weight
    10   10   2.503116552981498E+013   1.402325115426701E+027   2.503116552981498E+013
  </DiscreteSampler_grid>
