 -0.00286900786972034  0.00981314846606360  0.02209248628999700  0.03437174977347036
  0.04568741506233242  0.05560147294909278  0.06537447239821918  0.07528961922093373
  0.08521226032757119  0.09500476317986552  0.10465526744428212  0.11496340091222397
  0.12538510650485823  0.13500154366979730  0.14428426767390251  0.15297042472111669
  0.16289283603686225  0.17355267498849308  0.18449102017081498  0.19565120436716232
  0.20700801710770075  0.21752673072102174  0.22766835007508981  0.23766730034402878
  0.24804601309713861  0.25775083138847105  0.26740118235197363  0.27710649116203900
  0.28635800746242951  0.29578482754089697  0.30525118843732629  0.31539709874687244
  0.32584203228176289  0.33611316134667985  0.34595740481247522  0.35589265807754333
  0.36625914920984520  0.37725279566879633  0.38846835427650350  0.39959119175254365
  0.41052747663185990  0.42123730637010282  0.43157368229342474  0.44165129010715676
  0.45145014635539749  0.46105245041893000  0.47088298663650219  0.48128255851471680
  0.49123429434155674  0.50104443134806154  0.51073971709833776  0.52076276838339464
  0.53081025702561579  0.54072141946333985  0.55082922777435561  0.56152129840540976
  0.57320160754315541  0.58498369351808110  0.59531516239695303  0.60512704421290642
  0.61441064266387924  0.62367315206156915  0.63259693552288576  0.64144359462242284
  0.65110668080226419  0.66089256470610724  0.67136718935232109  0.68233414820339588
  0.69507017187716902  0.70790266612545560  0.71979894731099314  0.73139444816497168
  0.74296428415116034  0.75425440782286868  0.76577448092726141  0.77806684489702937
  0.79028470158671427  0.80075930919083738  0.81071011293159090  0.82097060919853893
  0.83195441091854605  0.84264937864015743  0.85324499310663282  0.86459134622391176
  0.87627117324270032  0.88706030548269399  0.89815014664305670  0.90984329626232296
  0.92133178684457173  0.93275843851028306  0.94352848517704846  0.95436168482432426
  0.96498797895435684  0.97668543712530587  0.98839400900001850  1.00000000000000000
 -0.00116262396823902  0.00734029149305935  0.01595031655901689  0.02502534187200057
  0.03470081290688497  0.04457575884809004  0.05421407483831343  0.06373258932709355
  0.07336530261786384  0.08334952371833029  0.09346836431277543  0.10402915821728255
  0.11559451654757368  0.12682186251492955  0.13762649806085867  0.14810537346981650
  0.15890845845642626  0.16940594575042359  0.17941705633258453  0.18933427068958952
  0.19912510793813279  0.20877580729270917  0.21896876252782776  0.22951338752448688
  0.24049438308733903  0.25142856069690422  0.26202259229732155  0.27220647540022203
  0.28144232923456775  0.29096197504496613  0.30027961045104928  0.31018283276425646
  0.31988162712588075  0.32949414159006268  0.33869542490935800  0.34839398961581475
  0.35875503962391264  0.36909277386576572  0.37903009657972625  0.38911224214174250
  0.39931376520113043  0.41062169082376332  0.42103829829536810  0.43074740593444438
  0.44051461719630330  0.45016162401540782  0.45970070135182001  0.46929159186136066
  0.47891643235535863  0.48948781788262696  0.50102874310400147  0.51246930178765504
  0.52383495837761196  0.53397496097889008  0.54438975602603623  0.55491805643852898
  0.56579919232904097  0.57626682232785065  0.58723212834224259  0.59949609744522481
  0.61107584392863623  0.62140856965470692  0.63130858820079361  0.64051566365423718
  0.65005112598186254  0.65927728813426967  0.66856923095245668  0.67791923911543162
  0.68779117746016338  0.69898430460098504  0.71080634012269972  0.72247236606490417
  0.73432122822625312  0.74647112999904375  0.75845618107545765  0.77014045915771645
  0.78189974738009771  0.79312445445505275  0.80317895307180032  0.81295365681850273
  0.82326502675513913  0.83405300011690087  0.84495799643685343  0.85642726599794095
  0.86885271992316893  0.88134494745516134  0.89360017152270854  0.90546813852161234
  0.91675388598019880  0.92772759789391646  0.93841677982597216  0.94877511295693073
  0.95976492212925324  0.97209099037977731  0.98553344594664760  1.00000000000000000
 -0.00861329591130723  0.02430650688151698  0.04906572196106797  0.07419353549215429
  0.09814600939493129  0.12070827763637590  0.14151693622286668  0.16170622283526023
  0.18191294751559883  0.20221091366597416  0.22264106168337863  0.24404983855392490
  0.26583928128889478  0.28738695773151374  0.30896307516887656  0.33061178433473232
  0.35241029836656546  0.37433253538849404  0.39631244561684809  0.41830514447945721
  0.44028098626044332  0.46220310915125734  0.48402231688004743  0.50561054489639989
  0.52706033410152675  0.54972516857533293  0.57266462312798394  0.59658441848235244
  0.62110455187239533  0.64724535442951903  0.66426711217266365  0.67565479687101415
  0.68984843144289509  0.69055410299409814  0.69223311711148583  0.69669055969314786
  0.70154922579981549  0.70631890947511555  0.71106045928715311  0.71580107520417080
  0.72051633087381917  0.72526901515315823  0.73004672162622819  0.73481440632716366
  0.73964203589808564  0.74453642828642552  0.74941964314881426  0.75429962706074238
  0.75916942962633771  0.76406885898359356  0.76890868354846376  0.77377749317669398
  0.77867101499903879  0.78356671886686591  0.78843386011089855  0.79322898430340205
  0.79804653523347002  0.80294211671649751  0.80785949473154295  0.81277078401470426
  0.81771620182552174  0.82272039570712685  0.82769033699597683  0.83272604821720142
  0.83781168883225976  0.84295341057711559  0.84802354591472084  0.85300402019805943
  0.85795063413835038  0.86300402916481500  0.86813015632576906  0.87320065015409065
  0.87831325112090797  0.88350916840993821  0.88871044384544906  0.89393418263317836
  0.89917107169650468  0.90441249764427289  0.90959720982719205  0.91477015820760732
  0.91991033038304149  0.92506441667126571  0.93023631917811056  0.93548520320470185
  0.94073229636116396  0.94603598280368106  0.95141259232820363  0.95682941999137583
  0.96219448322419310  0.96751583888851600  0.97286370301862346  0.97825422003080598
  0.98365065318677603  0.98909239898015533  0.99456189756402369  1.00000000000000000
 -0.00360038216644174  0.01246773062884438  0.02495566829617092  0.03615382107009318
  0.04726051165775436  0.05813027494266597  0.06802691474674721  0.07746904020091157
  0.08772392629088288  0.09857142248793817  0.10956463140956479  0.12049038484278804
  0.13144379301925996  0.14279294725702285  0.15479001673677381  0.16649765908458336
  0.17716325578243236  0.18728687108519856  0.19823210900241259  0.20931039964328896
  0.21945374785781602  0.22952601843261491  0.24030030266478120  0.25155570525419818
  0.26243434668297266  0.27318928367187567  0.28386142508762841  0.29438683337171978
  0.30490280892559468  0.31592816741870466  0.32741552224431592  0.33885733116381855
  0.34985152013760096  0.36015204939019291  0.36984300274156157  0.37947195948538059
  0.38934176602655857  0.39941319836904238  0.40916251648137064  0.41877577655257892
  0.42833160527803565  0.43793881704792809  0.44688390075672918  0.45603517445739744
  0.46579738927066167  0.47589328360864885  0.48617241546341655  0.49614431211162552
  0.50606459351787514  0.51596457038647503  0.52551398193524890  0.53494195068374806
  0.54456787310489441  0.55367860734302232  0.56229362200012434  0.57116024875931326
  0.57997723269530588  0.58872505160095245  0.59770474108526761  0.60729222926812909
  0.61758448559472079  0.62786031732977576  0.63801233950847314  0.64973660923996035
  0.66347790977266285  0.67755296213632210  0.69158834770343269  0.70524756926060361
  0.71776419609575548  0.73000236575640465  0.74254032800717473  0.75389735304249494
  0.76449698658557330  0.77468030323645987  0.78475744575079098  0.79460553081207896
  0.80435091734635689  0.81412092608850639  0.82480510716332289  0.83566204818271717
  0.84709938023743414  0.85890010990746279  0.87088707479726490  0.88310538085989110
  0.89487482440120403  0.90505434787052486  0.91446118798702170  0.92405526498599144
  0.93365264985475926  0.94342461777937503  0.95325101441704219  0.96285822946280819
  0.97242666829728486  0.98162591666058052  0.99076961551193155  1.00000000000000000
 -0.00295045671019624  0.00912276758883273  0.02043789195727726  0.03152699001813453
  0.04299107884465524  0.05438366922122377  0.06522426866726999  0.07575135183445467
  0.08604914338542800  0.09589929487771291  0.10585898396252361  0.11564091352589807
  0.12549295151573869  0.13532407368562885  0.14544823086417999  0.15580790440990983
  0.16591444555178680  0.17569618711754137  0.18553937188166073  0.19504988638349832
  0.20400870651224345  0.21284657398988344  0.22213039297868670  0.23155960259638569
  0.24003947685311300  0.24827948138919645  0.25704995508196399  0.26684453686796944
  0.27636544489504528  0.28570176105146861  0.29581026563153878  0.30880681715847963
  0.32076547878601691  0.33253238063776791  0.34400441117674374  0.35584410526179527
  0.36740185349274623  0.37923812095742432  0.39126906783060139  0.40312039665109500
  0.41466961315397899  0.42581563005170486  0.43671737230641511  0.44765888102641604
  0.45918458936163686  0.47132663758361748  0.48286129548723233  0.49304066177066358
  0.50311526546357721  0.51315849733429364  0.52332774470067345  0.53293466733574035
  0.54214564880431393  0.55172364910134530  0.56213950517290123  0.57282203509144891
  0.58310546477514935  0.59311382051015815  0.60345878821048737  0.61436605155143054
  0.62577874377287290  0.63658856131304786  0.64714165370320009  0.65628928925587360
  0.66531109577700420  0.67454955108635295  0.68455718118592690  0.69485821734447273
  0.70521017822971266  0.71581585711559614  0.72655331381688404  0.73742338138962549
  0.74859675265331171  0.76012323649878144  0.77267783693195202  0.78612123357779617
  0.79855078618271669  0.80969673526136132  0.82051996843667208  0.83138237967083928
  0.84220239707002453  0.85357446008039417  0.86598398781654418  0.87781412661212943
  0.88856476728490741  0.89910578826435961  0.90987053937607887  0.91989809730649430
  0.92898253082893212  0.93826833520883535  0.94797040105969432  0.95792012274884253
  0.96728881756268681  0.97689836622986992  0.98810131422691616  1.00000000000000000
 -0.00242388270104538  0.00911171814854405  0.01882935789171162  0.02939694972485209
  0.04061446185232871  0.05258381162266671  0.06450114419072911  0.07597475933179643
  0.08663400763597864  0.09641632283451465  0.10597685515069892  0.11547361496487960
  0.12469091544893639  0.13495386193706474  0.14563950653783883  0.15874812072392017
  0.17246481296023511  0.18538340523729072  0.19718311026444021  0.20761354435396831
  0.21805141072130715  0.22836182431460908  0.23907060362704474  0.25015436034089589
  0.26116723388153451  0.27142919341481636  0.28102577219894292  0.29073696487668310
  0.30094589766415014  0.31120699960133885  0.32143168203445160  0.33159979204425960
  0.34227333477435434  0.35400587260387167  0.36617436100356826  0.37816047823988985
  0.38981645133438381  0.40092735561699427  0.41185316749901080  0.42303966857710534
  0.43396891077920319  0.44429979374577155  0.45419724383444288  0.46494388854075885
  0.47594111222311963  0.48630265724438593  0.49651064453992894  0.50762567581518436
  0.51932700232372875  0.53012474081321792  0.53984037651921968  0.54947223146883095
  0.55900619580528277  0.56865067427579030  0.57875451187981952  0.58958195553644877
  0.60050207395351030  0.61048477683593938  0.61970963205659613  0.62937331934268648
  0.63947573866286400  0.64924706304950419  0.65841106781905301  0.66792961909227866
  0.67834729939445693  0.68857115940823432  0.69759943374709621  0.70669803923719132
  0.71655413201082196  0.72679822652209780  0.73680588092304999  0.74712649514003726
  0.75849338923944987  0.76992357593967231  0.78103355840912969  0.79225092956263632
  0.80447494078713044  0.81592007654158505  0.82702265855551305  0.83685297610877851
  0.84601336092747126  0.85527092415686856  0.86563908022150504  0.87618347023909116
  0.88673095380766487  0.89680576035447512  0.90843700977329689  0.91947077127304488
  0.93004867328933527  0.94001228411186577  0.94994556448195744  0.95993997813938248
  0.96967937060016629  0.97940653235265795  0.98934317923690629  1.00000000000000000
 -0.00363812724585878  0.01268934653846595  0.02416848334761091  0.03512827394414593
  0.04536901254328349  0.05563304859245902  0.06519278474367936  0.07430868076694262
  0.08391363164138736  0.09446982271956081  0.10512200482589104  0.11661882276321742
  0.12777299814580928  0.13976724684567532  0.15107206730489342  0.16241324618583766
  0.17445173215636892  0.18665804775543762  0.19872875714770669  0.21042969983021745
  0.22216469339884248  0.23371520362426831  0.24502400454248435  0.25586723449313514
  0.26632342444845369  0.27687368549245561  0.28702008492901271  0.29710996544009516
  0.30677093074253414  0.31590687380570237  0.32479744317587950  0.33433873667126607
  0.34450446910948801  0.35514889938543837  0.36485982984980003  0.37450575917979451
  0.38475966966746017  0.39492549878030603  0.40544322906018793  0.41601928494557977
  0.42629711252582703  0.43622106530603810  0.44624410603399306  0.45652994103564082
  0.46702927942998629  0.47693288144744916  0.48675618333517939  0.49642056297718773
  0.50615597755792141  0.51597793386632307  0.52533839968257579  0.53460250838494450
  0.54455941700109456  0.55523068173222201  0.56602961987237055  0.57675062303538827
  0.58773967427150886  0.59882230157789040  0.60909759658400164  0.61864174949409567
  0.62827108019643907  0.63807665029241012  0.64798018182182138  0.65770540235916730
  0.66752727942501322  0.67729941640571156  0.68716876277000638  0.69692733495902148
  0.70708510864475660  0.71806971657899543  0.72929521736518621  0.74052370333149709
  0.75153567718660030  0.76239875708138627  0.77341882039316390  0.78440309355553839
  0.79513659953739935  0.80552061654434282  0.81649365224726234  0.82766198036147509
  0.83859709079671818  0.84989982294167987  0.86192006711586466  0.87500805694303474
  0.88731295187202130  0.89852677405558345  0.90953786480619336  0.91934172189773822
  0.92827294529778481  0.93746708866335704  0.94682159353824380  0.95670602232453950
  0.96725195001086028  0.97741132789353258  0.98892442378503920  1.00000000000000000
 -0.00223744061447515  0.00842649778509380  0.01817921628215532  0.02848957642848326
  0.03901851032325007  0.04901871403422574  0.05862510021270122  0.06854759692154891
  0.07858981608066354  0.08905651038405690  0.09957745096191439  0.11006908353948476
  0.12037798812642035  0.13033994094528703  0.14072706184435479  0.15162318514810832
  0.16299300574547207  0.17481072378238990  0.18671369225994627  0.19824244382871142
  0.20969042165300220  0.22146817946969174  0.23201874156684371  0.24125280729017695
  0.25016406763411159  0.25955045166641078  0.26921449005484749  0.27899124713867601
  0.28838397356695744  0.29917852020696417  0.31181114276914457  0.32327036734933901
  0.33564311590893875  0.34684161980465589  0.35769244561174868  0.36697990575315409
  0.37710765250504186  0.38725070484106672  0.39705740539709788  0.40565520287102652
  0.41407949127420535  0.42257653456508537  0.43110603129887237  0.43990665980967225
  0.44936558174339825  0.45876615396468484  0.46785859075141517  0.47660330102588577
  0.48600114045436732  0.49521962001681735  0.50429405969895991  0.51344839782296237
  0.52229394303293386  0.53344848342077200  0.54388007212016032  0.55451712330153902
  0.56521629121597472  0.57651583103947956  0.58755825370111425  0.59829683789512367
  0.60973733138111974  0.62188046843357148  0.63448805725704394  0.64733575156613143
  0.66029159556667238  0.67319038189998459  0.68603512553726420  0.69900552976071229
  0.71122119000551742  0.72201643456476605  0.73230490374097112  0.74231897354351029
  0.75244126211713347  0.76288456948781713  0.77333848383032400  0.78363546967010356
  0.79403219706363537  0.80503691919854015  0.81636725604288207  0.82762808976353630
  0.83900077350324753  0.85120032952181701  0.86266819941351103  0.87378385996858210
  0.88466873646347510  0.89529742795343670  0.90589599734711312  0.91610970804088432
  0.92592196333651722  0.93509509758755827  0.94434435926005889  0.95410858750328975
  0.96469422620041911  0.97602469163542716  0.98771815451522782  1.00000000000000000
   62.941725076335722       -1.0000000000000000     
 F F F F F F F F F F F F F F F F F F F F F F F F F F F F F F F F F F F F F F F F F F F F F F F F F F F F F F F F F F F F F F F F F F F F F F F F F F F F F F F F F F F F F F F F F F F F F F F F F F F F F F F F F F F F F F F F F F F F F F F F F F F F F F F F
  <DiscreteSampler_grid>
  grouped_processes
  1 # 1 for a reference and 2 for a running grid.
  10 # Attribute 'min_bin_probing_points' of the grid.
  1 # Attribute 'grid_mode' of the grid. 1=='default',2=='initialization'
  0.0000000000000000 # Attribute 'small_contrib_threshold' of the grid.
  0.5000000000000000 # Attribute 'damping_power' of the grid.
 # binID   n_entries weight   weight_sqr   abs_weight
    10   10   6.116344221734823E+013   6.153448549635099E+027   6.116344221734823E+013
  </DiscreteSampler_grid>
