 -0.00236360007488632  0.00839636085049647  0.01831658825911543  0.02777078358464153
  0.03757047199287960  0.04842104183950134  0.05995217376136349  0.07040840346168380
  0.08032629518887575  0.09083753629730143  0.10181809579019659  0.11185307153551004
  0.12119195852116887  0.13094120324442543  0.14072063863982226  0.15018982760387917
  0.15985028588371147  0.17101507178651193  0.18369742716760729  0.19539428526736496
  0.20625608814531479  0.21628062045204177  0.22598866361531827  0.23513812282321558
  0.24390726357464110  0.25297121274485757  0.26142547419223106  0.26981636377181467
  0.27839253038425382  0.28725759784439492  0.29638607546505291  0.30585373057423204
  0.31563107378876165  0.32561779397516866  0.33547873936309697  0.34555266277382835
  0.35551784116939639  0.36545189365027614  0.37609164011459373  0.38758964590488643
  0.39896265419462484  0.40984952892961451  0.42063852575603528  0.43157803869217531
  0.44236447362882603  0.45284799548062815  0.46324299273831121  0.47337866057616051
  0.48325790829388288  0.49305129484123267  0.50282646318618784  0.51275159625154798
  0.52332056387583703  0.53417807876196532  0.54528935963065006  0.55597078319992865
  0.56789970151373381  0.58044085124907074  0.59319335728446843  0.60542147940046520
  0.61678029624605801  0.62771411328560278  0.63824482122400306  0.64830644921432257
  0.65804676372435567  0.66782392347482189  0.67821805557453008  0.68949488841887352
  0.70172380481774210  0.71457956594401373  0.72691993922903497  0.73862366984329841
  0.74975411622643517  0.76041006204543404  0.77114680650515965  0.78177169789628587
  0.79247316296708770  0.80338184590221828  0.81434481328701946  0.82489329952747870
  0.83561333287156492  0.84599628329555909  0.85641907669697726  0.86690077210490835
  0.87724567918429508  0.88754267459585034  0.89830612608036220  0.90986467681592875
  0.92081378647773804  0.93092035346485535  0.94087984933422952  0.95141195174765181
  0.96226552246996266  0.97347945242882905  0.98546315233029191  1.00000000000000000
 -0.00023994465658123  0.00568520535902119  0.01214475095964639  0.01903957271719426
  0.02750244505008482  0.03528884102836419  0.04303898746360871  0.05199758643490371
  0.06152853248524716  0.07180352477374947  0.08298792168295163  0.09449230913442486
  0.10526665545137792  0.11508110498127488  0.12458525200922968  0.13410620882108440
  0.14413378656010473  0.15472652860825259  0.16570310536989719  0.17697868962827079
  0.18844770538125774  0.20006375159036785  0.21199440149309781  0.22406703377911849
  0.23532380975455308  0.24669110894282367  0.25708929887309728  0.26734993406190954
  0.27725938042419196  0.28699322114482212  0.29667695976845931  0.30562435262784327
  0.31438313003811363  0.32290996021272356  0.33149417483835619  0.34087027192719099
  0.35093417392315690  0.36137931854160010  0.37202290042949326  0.38314784190554557
  0.39481821524736593  0.40675386928176827  0.41874105131290068  0.43025693154740458
  0.44101929539270601  0.45055374420025840  0.45963925345195161  0.46898499121806708
  0.47860539079063563  0.48876337987276469  0.49890118686083873  0.50954362072702586
  0.52060977768682404  0.53139307389705703  0.54184663483024342  0.55150839854296163
  0.56072678415768351  0.57018098772515424  0.58030249350497598  0.59116572769995368
  0.60282581847355499  0.61567555147286179  0.62913402027710918  0.64202078755436387
  0.65386455571816915  0.66456937379211989  0.67557877807306332  0.68689877035903757
  0.69704679385202772  0.70717222649151157  0.71752264078040295  0.72794362664982448
  0.73776892036345798  0.74731291080893159  0.75742995946787928  0.76802499806632352
  0.77824200240709707  0.78837385264035009  0.79854407887270862  0.80865118519557733
  0.81902929879817010  0.83032600458312311  0.84301893537411876  0.85566467022976223
  0.86712412500175529  0.87813399700445105  0.88897784389645240  0.89950835122709394
  0.90970069243173213  0.92102327047087784  0.93381240194709259  0.94646663748669224
  0.95864295872951777  0.97132107629837194  0.98508164825639355  1.00000000000000000
 -0.00815251975291654  0.02163557773942711  0.04550081153517923  0.06984650636095381
  0.09299401912710607  0.11462889669400850  0.13467694813377251  0.15412543780869037
  0.17362210184013624  0.19327458544358189  0.21312186446443585  0.23443415042322194
  0.25618191002955448  0.27796542815433423  0.29993542306413490  0.32219761020609589
  0.34455524836918056  0.36690926713261296  0.38874562341424357  0.41050478517347472
  0.43213166165270495  0.45353748352936651  0.47482974703754310  0.49587366537388583
  0.51708222228518386  0.53911523542321582  0.56123886083445029  0.58349405070532523
  0.60587572362436704  0.62833268740160808  0.64719555039163990  0.66658983566377517
  0.68795609531294732  0.68995982088155006  0.69118786038710656  0.69352032873088332
  0.69845576253596653  0.70322062668330487  0.70799513381572599  0.71276640146768178
  0.71753912992887670  0.72229461965806940  0.72708239940370789  0.73196558257373301
  0.73689398823781127  0.74178433140393407  0.74670232039668061  0.75161256396347698
  0.75648556239125764  0.76133963137270477  0.76621293236703414  0.77111490313118558
  0.77606747783155194  0.78103489361521705  0.78598529848173826  0.79100761166521028
  0.79605544841341680  0.80105472581782444  0.80602194682624384  0.81097719506947763
  0.81588998855960326  0.82081222283102151  0.82577798381047085  0.83087725835252346
  0.83599887761758418  0.84106812926075025  0.84612680970683740  0.85120641906734296
  0.85632581956497988  0.86148888767301557  0.86667362071191667  0.87185504022516469
  0.87706434855375881  0.88230998245186043  0.88760913948465858  0.89289701787367126
  0.89815563554514388  0.90340175843056925  0.90869835572639746  0.91404211751813913
  0.91936649260753123  0.92468242987760052  0.93003383394728056  0.93531092623280199
  0.94060075691992984  0.94591609225526851  0.95128324600481451  0.95664613190716974
  0.96202113085417273  0.96748955655072566  0.97291581342487488  0.97831225023047896
  0.98371277666428991  0.98913962484575013  0.99456375537545838  1.00000000000000000
 -0.00210612299995934  0.00845652131844654  0.01695949020585133  0.02579900915973767
  0.03508352997637437  0.04453314745809706  0.05441557526874102  0.06436680267382211
  0.07526060678148608  0.08627206963030679  0.09740478957859873  0.10810354716505330
  0.11833840596158979  0.12856647098717761  0.13890807026312546  0.15003067780015097
  0.16096760137770638  0.17134257903311906  0.18124977951479038  0.19151243982076455
  0.20109103726139815  0.21038441332194449  0.21923693445510850  0.22797165796056482
  0.23710380104011614  0.24671877172136303  0.25752744810458295  0.26834014753269231
  0.27994953421882873  0.29147575067881831  0.30273836790881364  0.31336009635818668
  0.32358194759121345  0.33351410782624880  0.34333122537632166  0.35356233835073797
  0.36447318777058091  0.37568254998317774  0.38692011600857684  0.39768916879536231
  0.40829324122979488  0.41865899879312046  0.42901751742259475  0.43951064407760632
  0.45017143817512256  0.46069444284025152  0.47127250010244176  0.48168273153323360
  0.49149535327834626  0.50109084559320594  0.51070536654548071  0.52069185719575972
  0.53164509234645907  0.54299642081413801  0.55488956399056688  0.56622574618900845
  0.57731646370034351  0.58845456114285255  0.60005056892824171  0.61148186220330392
  0.62285138863939815  0.63423679470519023  0.64526349808159111  0.65559578347884395
  0.66592461136557635  0.67602506820722053  0.68550394628793287  0.69464030101779950
  0.70354613972202173  0.71238709569095038  0.72112068345223435  0.73020987364034373
  0.74017893185841699  0.75086051278392618  0.76091281047480008  0.77098895089453667
  0.78147560937525828  0.79203070645325391  0.80282322901079639  0.81410467161529776
  0.82537905253312072  0.83681304841974347  0.84763841058054934  0.85961658784330730
  0.87207735435995137  0.88375840480189671  0.89481341690465022  0.90568307769169898
  0.91664674843414040  0.92770456632923215  0.93911519023955647  0.95124076698035065
  0.96383041621559973  0.97612137120776532  0.98814000923539780  1.00000000000000000
 -0.00322195142090579  0.01024577434251153  0.02222710439874934  0.03323752487998170
  0.04451069046934383  0.05646385023737086  0.06863648444295870  0.08122515771710105
  0.09436513495987224  0.10753169038105662  0.12049021107944666  0.13330329782273911
  0.14605744294899864  0.15775574302961640  0.16959073277327039  0.17954718589339586
  0.19032050727646707  0.20069768860014356  0.21054550511635703  0.22022105937177194
  0.23037493882760654  0.24134120717922311  0.25232236963361360  0.26348739047673769
  0.27503782580926089  0.28667018173184183  0.29895229596631961  0.31111064290921020
  0.32264959053461295  0.33461745859298320  0.34684308488240984  0.35901764036453343
  0.37072236936561781  0.38135283871120368  0.39132400423797109  0.40115186849129869
  0.41136273600061801  0.42190150524171832  0.43213487883650264  0.44225759932859299
  0.45238787684695986  0.46294969541616826  0.47367011779343654  0.48437118537544266
  0.49466864639640168  0.50448111867640866  0.51397995236583971  0.52428438142887623
  0.53481589928172923  0.54573640510016630  0.55674109024844665  0.56725910734382257
  0.57701661153922634  0.58649403782163878  0.59581435427837837  0.60482439417990763
  0.61367525993807681  0.62276401929289282  0.63187536109048026  0.64072200567852888
  0.64933107717686922  0.65835871226631282  0.66798545109848884  0.67829928431858022
  0.68892529615990727  0.70043323214819342  0.71113262913345210  0.72070352451203867
  0.73009917240297406  0.73976887576183714  0.74957373377333325  0.75926664806985411
  0.76875027761095227  0.77835330621616927  0.78821539040373845  0.79798332857987242
  0.80735724608211912  0.81657019441339906  0.82554393842328955  0.83504746621291215
  0.84581041015130687  0.85698952094303960  0.86733742963125282  0.87734286407787299
  0.88772358453677980  0.89751620455692616  0.90664818819792226  0.91549926960686379
  0.92494113143997070  0.93444225449742557  0.94398136215060635  0.95342185450682915
  0.96383256770156500  0.97519805933454651  0.98733293516908072  1.00000000000000000
 -0.00208959180765082  0.00845576020050234  0.01807204042582004  0.02771110915306360
  0.03752506722131217  0.04784094479697389  0.05882133614904847  0.06924330394411964
  0.07854245400774947  0.08798741202618152  0.09789552348341278  0.10814502430224875
  0.11845645460217177  0.12908469507893480  0.14097347665368248  0.15289957662788617
  0.16386559703807937  0.17628624792115680  0.18775731124151396  0.19803278113150005
  0.20788212175925280  0.21740849285763497  0.22691194133593548  0.23604957734076534
  0.24514156349353014  0.25468590829441834  0.26448040051901095  0.27425424504125373
  0.28432471898154893  0.29374549950211643  0.30381730549649799  0.31436620901132212
  0.32611349645019605  0.33773251820645450  0.34856875844039259  0.35919958463912061
  0.36967878807276194  0.37955615419624905  0.38937325615029822  0.39931884798027900
  0.40958930271718014  0.41947066408529232  0.42974112139616444  0.43934070818074245
  0.45152516644645019  0.46273532586348110  0.47348932107740499  0.48341167890442677
  0.49296807622026440  0.50246058288325379  0.51198061130066763  0.52158891339030067
  0.53165428478536958  0.54184502808048385  0.55217718103073543  0.56234742148836403
  0.57206049328993558  0.58160633838486864  0.59149727581139255  0.60230491390996177
  0.61353580573545807  0.62515849591924522  0.63751811397830993  0.65025649316218559
  0.66292853672272167  0.67499491902836239  0.68590563036710483  0.69657601573250560
  0.70700425050243487  0.71721196528106679  0.72749280235801284  0.73797727823820503
  0.74847316792793495  0.75909235072410031  0.77004377809671420  0.78150963718278255
  0.79305724454444737  0.80385879558963591  0.81437174980803662  0.82516521439087887
  0.83612441486842626  0.84685371880421634  0.85737713994928511  0.86806712894467986
  0.87873351044624037  0.88907835767542442  0.89958856091682426  0.91086169109165283
  0.92244324306423175  0.93387986913223309  0.94585154968968488  0.95732482247050066
  0.96797746241617644  0.97847399248298816  0.98916487219678229  1.00000000000000000
 -0.00280036402031353  0.01019334865594592  0.02123601787338275  0.03285167639155992
  0.04404005910330872  0.05531314575588040  0.06631264123706190  0.07757057596427443
  0.08859149763130988  0.09962269409735607  0.11132144862785691  0.12264283213857344
  0.13259743349713729  0.14209883885494551  0.15184300769548714  0.16164870510106505
  0.17135979220281203  0.18117896649604073  0.19095024664308519  0.20093747557838823
  0.21081351519881161  0.22071838825611373  0.23108683494173460  0.24150072984393167
  0.25201212354931063  0.26279852495353750  0.27328104330811531  0.28323981458359249
  0.29312231054658039  0.30304868017941017  0.31287506314837754  0.32260058716282258
  0.33181677132340415  0.34145795673460760  0.35133502850122200  0.36108333778008250
  0.37056866469083721  0.38119125640176527  0.39267171856656857  0.40512764840263216
  0.41730440763959470  0.42847845443754679  0.43929483874315406  0.45000382813242684
  0.46067970623830734  0.47178045588767759  0.48239408057638600  0.49275911954957435
  0.50330022401432950  0.51381199478568829  0.52427715991294888  0.53508967110271100
  0.54625799049065848  0.55697591732729790  0.56712005457171566  0.57685536090891321
  0.58662367315004482  0.59574622247480902  0.60496931316514702  0.61502798317702656
  0.62503219950731559  0.63536231523719799  0.64589272388448815  0.65553616154073324
  0.66442312366872147  0.67320899643519894  0.68220700384112087  0.69128909755502610
  0.69980725151624512  0.70864510241243339  0.71860189522038975  0.72910329448390598
  0.73917678779869855  0.74956407699416061  0.76206589677249281  0.77560597610265414
  0.78858122856370549  0.80089942083551269  0.81297533420801871  0.82485183268893381
  0.83642494493371078  0.84745044507578970  0.85806193068922165  0.86873520959834294
  0.87984575679436849  0.89145753200970457  0.90272330600288042  0.91369669496970840
  0.92435999225874510  0.93514259503731345  0.94649900198776826  0.95714535705138548
  0.96823575509477899  0.97919827664421977  0.98984534180670147  1.00000000000000000
 -0.00232716361297735  0.00966051379586402  0.02028057029071480  0.03099743298033152
  0.04139323256143294  0.05043617505190297  0.05957246394552999  0.06852191642902253
  0.07723042653115816  0.08582595900841782  0.09526908369167887  0.10502442484215259
  0.11515171375154730  0.12517073080631616  0.13504794885104515  0.14498260029711640
  0.15449089118005233  0.16382809038411925  0.17331503200223389  0.18314164947032976
  0.19264714369980204  0.20212643845737704  0.21206089402300068  0.22317019626915480
  0.23435633869044270  0.24495640871706553  0.25563588115533842  0.26755168715599320
  0.27896807362138448  0.28991295631324515  0.30036516613423908  0.31085032630567649
  0.32113790383579810  0.33168287393736157  0.34219934268099311  0.35236322782314233
  0.36167050492482716  0.37071057420170089  0.38054767614606755  0.39090121474932971
  0.40203880938783360  0.41347105381481197  0.42449818967116076  0.43567637380423446
  0.44692896747829136  0.45799841211885550  0.46826700206861788  0.47828588913164083
  0.48887354833999253  0.49967736689097292  0.51067095134282159  0.52166281192931696
  0.53211066563041653  0.54205496999792235  0.55164574584318149  0.56123729581848880
  0.57116285320294613  0.58135548272395277  0.59275034214543809  0.60465010283160403
  0.61532190905999418  0.62609891757326197  0.63705801296193587  0.64786365222435560
  0.65789878895370080  0.66744002684191828  0.67715809453610665  0.68689297859391452
  0.69669503046306736  0.70699269156242439  0.71795142412018520  0.72900436569043403
  0.74013451512770279  0.75139004637572260  0.76428022945906560  0.77692904154147369
  0.78922336693163353  0.80144308170309675  0.81329785321328363  0.82508930672482594
  0.83709785773820655  0.84909176277420118  0.86005210131021403  0.87012373247298636
  0.87993081194927159  0.88978130162879598  0.89978750514441597  0.91036284518565314
  0.92164793651213117  0.93421855406681553  0.94624275544291836  0.95724315633106660
  0.96755346869009617  0.97777406863970751  0.98880393050349347  1.00000000000000000
   61.642041157448794       -1.0000000000000000     
 F F F F F F F F F F F F F F F F F F F F F F F F F F F F F F F F F F F F F F F F F F F F F F F F F F F F F F F F F F F F F F F F F F F F F F F F F F F F F F F F F F F F F F F F F F F F F F F F F F F F F F F F F F F F F F F F F F F F F F F F F F F F F F F F
  <DiscreteSampler_grid>
  grouped_processes
  1 # 1 for a reference and 2 for a running grid.
  10 # Attribute 'min_bin_probing_points' of the grid.
  1 # Attribute 'grid_mode' of the grid. 1=='default',2=='initialization'
  0.0000000000000000 # Attribute 'small_contrib_threshold' of the grid.
  0.5000000000000000 # Attribute 'damping_power' of the grid.
 # binID   n_entries weight   weight_sqr   abs_weight
    10   10   2.966474993034529E+013   3.071197754293630E+027   2.966474993034529E+013
  </DiscreteSampler_grid>
