 -0.00249522704378909  0.00877101120591996  0.01977896940364040  0.03045336115584120
  0.04102516921159672  0.05136381409324016  0.06115168846559472  0.07059079731895369
  0.08011908470814831  0.09047144177231285  0.10149866151348141  0.11110861585646323
  0.12026611402200603  0.12940251265415439  0.13887016763046883  0.14820438537235678
  0.15726066318495313  0.16588467019358280  0.17758791475429894  0.18882871214248378
  0.20094267401534105  0.21316617578967612  0.22652556007516653  0.23854089083134511
  0.25022630677099450  0.26182395648772688  0.27304218502435196  0.28437534663195402
  0.29582758316987978  0.30704607984080090  0.31784323511032070  0.32815699317317076
  0.33846091610224560  0.34831573246512471  0.35800496554905131  0.36782211176153112
  0.37774000882408920  0.38803088900227956  0.39837101411645792  0.40867100995155409
  0.41969994606751371  0.43098597302286507  0.44155708769760837  0.45141894738376631
  0.46132320273004945  0.47197639079745329  0.48309247830246305  0.49449341823175380
  0.50705928883012186  0.52022740523664557  0.53167874918960578  0.54252470973324807
  0.55380673764352517  0.56476931989948187  0.57459405759344340  0.58415312743298919
  0.59327919148731301  0.60220068686360484  0.61115347426472477  0.61985486104703746
  0.62881006789359351  0.63872004109338010  0.64873541688899272  0.65891139410334787
  0.66830023004610406  0.67796328893726954  0.68714653403582149  0.69648417753249359
  0.70604626566425122  0.71754902848052360  0.72915512636941171  0.74081469059638294
  0.75255973323184588  0.76527928575894566  0.77746377033620018  0.78930543463351843
  0.80013540862442223  0.81069298455469951  0.82015052157982538  0.82955254447151561
  0.83906889893458503  0.84828250846837638  0.85773173886335485  0.86739809591356265
  0.87773928420873837  0.88907839487248386  0.90082923092423506  0.91249057124406241
  0.92429375132316249  0.93557964831572882  0.94650673464960666  0.95737829272664265
  0.96802009445113057  0.97887455047641492  0.98947012523946931  1.00000000000000000
 -0.00036356046341870  0.00628309589879942  0.01292524456569764  0.01989801531351035
  0.02750902925954987  0.03540161677594526  0.04378217700540469  0.05274351606089311
  0.06203727596898111  0.07216185384460530  0.08265070691444690  0.09311757483809985
  0.10376989843443353  0.11409130937462424  0.12490422482840088  0.13542530342002987
  0.14529813117809987  0.15495366428212221  0.16486282598181862  0.17553793172092785
  0.18632837822378767  0.19789552147974687  0.20954506594345690  0.22040605214462461
  0.23168569235921840  0.24259373849252444  0.25348408939978423  0.26413190707021983
  0.27562194997645240  0.28745352764656135  0.29774385282951987  0.30736443603167796
  0.31706552049577358  0.32695393404868717  0.33679225980976490  0.34647650220208165
  0.35650445453171548  0.36635459223672745  0.37622549494452190  0.38609024137469100
  0.39600201432894355  0.40619581389665843  0.41668561506358620  0.42756596251840223
  0.43911928948729717  0.45127179702721976  0.46395829038927644  0.47632445100845333
  0.48710371896304644  0.49724308637051545  0.50715942382353774  0.51673291521687059
  0.52598473540113377  0.53551979058593924  0.54607223344265632  0.55779108656666621
  0.56922471231917182  0.58017116896138166  0.59062475255181746  0.60113556221965569
  0.61079919682352357  0.62008176033375506  0.62958248592395150  0.63960837382496261
  0.64957811573871693  0.65949889912151882  0.66983693647056219  0.68129164130544562
  0.69331118504638467  0.70558433295959222  0.71757811109562686  0.72898523586924546
  0.73931087663759798  0.74940340880526690  0.75993531998901265  0.77037821546743035
  0.78073069986351684  0.79120647410775757  0.80177423327384689  0.81201751368656294
  0.82245629533388231  0.83296791762928979  0.84331098520646541  0.85313061902160070
  0.86303189384143275  0.87344415951189203  0.88421927985243065  0.89526578108048660
  0.90680354023893617  0.91883233086632510  0.93085849186499547  0.94230264926884166
  0.95367349388464140  0.96705016646483621  0.98288975529116807  1.00000000000000000
 -0.00727246779092584  0.02071135396014714  0.04317672175050629  0.06588877904150142
  0.08845489718272884  0.11086722472782708  0.13048882438892442  0.14949599632153687
  0.16893969399308531  0.18832384333274871  0.20766255455690494  0.22941537200995327
  0.25150737647730909  0.27415532636405154  0.29665304273892423  0.31905691998895963
  0.34116424255312783  0.36321162328162199  0.38514242720644842  0.40689081678860645
  0.42844026452161416  0.45045233806148571  0.47263336917191667  0.49458106047099071
  0.51654088242775620  0.53858723062716041  0.56124595147810774  0.58494582769348469
  0.60928629577431637  0.63419459202236483  0.65299879067479771  0.66974315373188564
  0.68514371157604081  0.68983291917018064  0.69130380149105031  0.69413983301399185
  0.69891344386147958  0.70366407838676259  0.70845891953329332  0.71323305060794318
  0.71801099127790335  0.72280977255697221  0.72762697885909622  0.73248481898799733
  0.73735647034681384  0.74218662125232404  0.74707305369373511  0.75197129245333572
  0.75688817504895989  0.76180810930994514  0.76666252069605911  0.77159864363621289
  0.77665090480291943  0.78167726358041401  0.78663837522407520  0.79161276902708477
  0.79662353903588257  0.80163488195906707  0.80663711187269116  0.81161196434361482
  0.81659814902495886  0.82163386599703003  0.82669043920123131  0.83176755254752288
  0.83684413453558071  0.84191181213315780  0.84696166024047037  0.85205973967629445
  0.85721092861713966  0.86239745013129887  0.86755835982030882  0.87268850344008475
  0.87789091346958614  0.88313603749109393  0.88841583778054312  0.89366360125420996
  0.89895523951392797  0.90418608804851386  0.90935019091462299  0.91458059913381273
  0.91993009292723826  0.92531482696022693  0.93063535149494492  0.93590194430289797
  0.94113595363598490  0.94642646077405945  0.95174050579839109  0.95706734169797603
  0.96237004172547091  0.96769660186459094  0.97305871166623570  0.97847222969364656
  0.98386305700291643  0.98924766653937701  0.99461655108477565  1.00000000000000000
 -0.00179947682432324  0.00711500510367891  0.01505912751004004  0.02446761738062769
  0.03415480994244206  0.04450352197874369  0.05601881848733083  0.06724414175134018
  0.07830114800167527  0.08898441895996795  0.09944461542141929  0.10948766029171705
  0.11895570449065228  0.12802348456678378  0.13682606331616420  0.14588301905199641
  0.15536442751528093  0.16537290278216676  0.17578694891126970  0.18614851239807434
  0.19669615430974943  0.20764786756101822  0.22014573312892072  0.23316911168838036
  0.24572568969962405  0.25738179496802149  0.26862018506968599  0.28015326390093831
  0.29191350575037461  0.30352053524883738  0.31538274415279477  0.32741244011630233
  0.33877847998144506  0.34941904823444692  0.36004333825378826  0.37075162006818579
  0.38092684997856213  0.39047988529166439  0.40009565008855968  0.40975859368535700
  0.41963568373009508  0.42962698999472171  0.43975526846119728  0.45022115166531523
  0.46097254403285687  0.47202575807617669  0.48341835757162943  0.49476716284194444
  0.50526162738279290  0.51517700674040090  0.52521476966651059  0.53537788032044376
  0.54543072916195601  0.55519512067691301  0.56556273293537951  0.57683040391669238
  0.58834124837356450  0.59991844256401239  0.61172830528771072  0.62360409310505405
  0.63515223367677276  0.64578395407259070  0.65591847236777290  0.66585713491355114
  0.67604665657233198  0.68633467531148384  0.69635994562509984  0.70687962437620422
  0.71805926443454715  0.72983671177084009  0.74061684326974697  0.75104729594637509
  0.76231238087724185  0.77369494044960174  0.78608157192981476  0.79699167605794363
  0.80747549059611812  0.81817507447682580  0.82924778955093548  0.84038936833243161
  0.85174011001344985  0.86436049765651801  0.87576676001578213  0.88519155992682086
  0.89441079107297672  0.90354665259379097  0.91291377013259556  0.92190695720925009
  0.93066836727165103  0.93967720118039921  0.95049439705698469  0.96087218956126241
  0.97096571480806537  0.98103404504256642  0.99061332745710762  1.00000000000000000
 -0.00234567184378510  0.00868052838449236  0.01904780676240820  0.02837528212034624
  0.03829238796145186  0.04866424010735070  0.05978867355609525  0.06941702011611360
  0.07831587917486285  0.08735180994112239  0.09728034602157361  0.10756078193143000
  0.11735363174453303  0.12678010312027657  0.13643273093181149  0.14567173680874063
  0.15451935938287747  0.16403714643790809  0.17489823791830855  0.18662256704503605
  0.19800637849972230  0.20842496983715983  0.21846525039811260  0.22836764488794328
  0.23776240476431884  0.24702760217365310  0.25647231066012144  0.26642630874914042
  0.27668196650827215  0.28681457630719098  0.29726050401479270  0.30775892340970640
  0.31802924022148593  0.32807879538842261  0.33857335397199551  0.34970370158109043
  0.36216993297267147  0.37495129649346104  0.38712780443337835  0.39833129523636274
  0.40868746667544298  0.41892938386103018  0.42952383159177981  0.44027261103258702
  0.45091493835221130  0.46172804816695678  0.47263238886987147  0.48304017112222475
  0.49323982789704418  0.50363354444055841  0.51470459090119547  0.52673495145224059
  0.53878179071892107  0.55068686905019471  0.56185970044302169  0.57297373563127041
  0.58455696683806480  0.59587714486706100  0.60754147014233340  0.61835355521504587
  0.62973064850371596  0.64074476019336357  0.65209628783778761  0.66295828263077994
  0.67560787135823286  0.68769861690416134  0.69856273528797552  0.70883106573091115
  0.71875087801822446  0.72890316767388941  0.73913204074344441  0.74942283492665496
  0.75967011938220375  0.77012316714817841  0.78017193798772644  0.79005010897984596
  0.80013336075925112  0.81059023413526432  0.82140298620518026  0.83247252289330709
  0.84369577069840462  0.85481060954294741  0.86503377943297921  0.87540900320780402
  0.88553358097017421  0.89580007741560019  0.90557052826870410  0.91525215343306043
  0.92597563795044824  0.93701387939968772  0.94751472662585667  0.95738661566469385
  0.96766695016322923  0.97839786290890252  0.98932489060059836  1.00000000000000000
 -0.00170528780792722  0.00712837944699570  0.01502002629522093  0.02360291388341951
  0.03271818378642225  0.04194487813186129  0.05119390754939605  0.06073931185748893
  0.07143623083465905  0.08296405102548825  0.09465455059780349  0.10624386075471680
  0.11775294523548537  0.12856214382776918  0.13870990252582671  0.14950714963874334
  0.16112327000433127  0.17292301405834332  0.18543582723185728  0.19907778655537053
  0.21261505298374658  0.22501080178038113  0.23698124024658393  0.24889783082584629
  0.26079860191732085  0.27244736954934462  0.28347605999381315  0.29417106147044136
  0.30503571940987834  0.31496942156306174  0.32459009044115922  0.33458125673184064
  0.34474427903182220  0.35440232821749462  0.36320128648022887  0.37173370155243157
  0.38089993744674777  0.39083243305526533  0.40153594233295614  0.41310905427581657
  0.42590659048156720  0.43873575585885616  0.45094661901708188  0.46222572763633740
  0.47316174783755832  0.48397034394403649  0.49467209607635210  0.50513782313004352
  0.51520250183262506  0.52647222138263716  0.53821358485921500  0.54952142396697257
  0.55998092458651616  0.56935999242964308  0.57834555817476685  0.58795059694114316
  0.59904754609473143  0.60992003444532883  0.61941418662905512  0.62865775830856840
  0.63840299446231785  0.64896372115556566  0.65952054246376390  0.67041552628564482
  0.68353679309670112  0.69439278068054844  0.70487108205976978  0.71563209497746949
  0.72669683261375106  0.73684869102486794  0.74664857302140586  0.75615033703849588
  0.76573427780240644  0.77517688784769900  0.78456994392303792  0.79415384637634423
  0.80412492981591033  0.81359102588067223  0.82428804961518631  0.83481023344170058
  0.84501288480760839  0.85523040714560306  0.86516509622717475  0.87525465766184118
  0.88562813346447777  0.89553531050388546  0.90490516697411505  0.91416334933471810
  0.92435579004513524  0.93539887428060620  0.94660707321854143  0.95780529416741511
  0.96825514918012590  0.97878674754094785  0.98933890300566885  1.00000000000000000
 -0.00285395374717447  0.01077594614370635  0.02276720823824206  0.03368487277505625
  0.04538978926307025  0.05731436716156327  0.06826915660135548  0.07818419974505408
  0.08890715282815695  0.09973716747056172  0.11030662410801986  0.12050341468169440
  0.13086877383342227  0.14159381541628208  0.15187375099248257  0.16137757931920710
  0.17031871333383308  0.17893274527485073  0.18842246588196199  0.19803078825181097
  0.20666344132301756  0.21539784737936352  0.22490621645037934  0.23544875945619770
  0.24631237218487675  0.25709989694232460  0.26822038608536480  0.28022760637783450
  0.29296338831669888  0.30455209796523702  0.31573412888894575  0.32726178670295647
  0.33867898333028695  0.34975687602876970  0.36085411454321792  0.37153680283430879
  0.38107983794955896  0.38977966718151769  0.39884548344498361  0.40785907088833906
  0.41677979150227629  0.42537279285598306  0.43385677335769740  0.44236811616438915
  0.45115147717211079  0.45990552044812433  0.46926068222940515  0.47856536697333268
  0.48840864499487063  0.49800286172793418  0.50912846880123575  0.52016224027068003
  0.53152700054057689  0.54284910632117633  0.55457482041462525  0.56659781115713026
  0.57837638308133055  0.58952492530575540  0.60038373292962877  0.61161458079380127
  0.62340457627782608  0.63409820330634992  0.64410836594216636  0.65423256574740640
  0.66461024298516458  0.67493733882401263  0.68606146918488220  0.69874181328620288
  0.71136350762795919  0.72283860036987868  0.73357152623557631  0.74370735160719048
  0.75384484772813554  0.76400229508609796  0.77385344560923863  0.78291540887445210
  0.79199944900076658  0.80103952183860072  0.81018270155596672  0.81936407529993061
  0.82865696623607477  0.83855190233268806  0.84926654051344208  0.86097728464309797
  0.87345331639625023  0.88580166585274533  0.89754111609734843  0.90872447570951986
  0.91980941074544564  0.93050355080079716  0.94159868531529134  0.95271644672593858
  0.96422117116093276  0.97627048843396180  0.98828446724010099  1.00000000000000000
 -0.00292008670533231  0.00960429931291003  0.02142544753154573  0.03337240297047050
  0.04531267555559516  0.05677391513570016  0.06736847368051403  0.07751849481980798
  0.08748314954226584  0.09725650555113337  0.10724748090484952  0.11781658912374458
  0.12854724765590556  0.13911481019290103  0.14961160360058515  0.16021211480840067
  0.17054682110250857  0.18060700230182319  0.19167438216562763  0.20335130017781630
  0.21441772483978638  0.22491079991944629  0.23548933290898766  0.24608613505730678
  0.25669137713833667  0.26698250491573661  0.27720489136551130  0.28759989287099663
  0.29800239935914546  0.30852434597325812  0.31870153976373639  0.32832286994663451
  0.33771331703635060  0.34710137071659192  0.35685933652496915  0.36721265101281353
  0.37766312892637649  0.38807599181273994  0.39882372575301411  0.40959629111985868
  0.42033313922659260  0.43044723587289418  0.44003663109949065  0.44955761906602620
  0.45920527991324023  0.46914589064959444  0.47936075286127994  0.48969632671501029
  0.49992942854254269  0.51013703647638786  0.52019457638322997  0.53003188362882603
  0.53961097901724386  0.54937312873849020  0.55946609836147332  0.56959488882547826
  0.57929068327956834  0.58926999000239566  0.59959752692222212  0.61031175344228539
  0.62097888914546873  0.63135633462122021  0.64160024072062039  0.65229374886827651
  0.66368548163360486  0.67498842629695943  0.68684027105512968  0.69864421974744706
  0.71067858679240514  0.72334844309282398  0.73536359168782028  0.74607215526954451
  0.75646288815854101  0.76636971938227560  0.77695245552787817  0.78705453089051303
  0.79729427230405581  0.80778762865230258  0.82017422125469142  0.83251595884279694
  0.84414412010511664  0.85566221648094276  0.86743070751648232  0.88015887940878357
  0.89368590828978201  0.90617010507898410  0.91707851387534212  0.92675180760047859
  0.93574580839630273  0.94516354298978345  0.95462545535491516  0.96370891881506549
  0.97239660034337350  0.98141712226596800  0.99067759781171771  1.00000000000000000
   61.358955962280866       -1.0000000000000000     
 F F F F F F F F F F F F F F F F F F F F F F F F F F F F F F F F F F F F F F F F F F F F F F F F F F F F F F F F F F F F F F F F F F F F F F F F F F F F F F F F F F F F F F F F F F F F F F F F F F F F F F F F F F F F F F F F F F F F F F F F F F F F F F F F
  <DiscreteSampler_grid>
  grouped_processes
  1 # 1 for a reference and 2 for a running grid.
  10 # Attribute 'min_bin_probing_points' of the grid.
  1 # Attribute 'grid_mode' of the grid. 1=='default',2=='initialization'
  0.0000000000000000 # Attribute 'small_contrib_threshold' of the grid.
  0.5000000000000000 # Attribute 'damping_power' of the grid.
 # binID   n_entries weight   weight_sqr   abs_weight
    10   10   1.919082633737093E+013   1.424331391801027E+027   1.919082633737093E+013
  </DiscreteSampler_grid>
