 -0.00254217484534302  0.01007334555798035  0.02015023687059838  0.03137068861722289
  0.04234034979394440  0.05242569452237120  0.06270867403071724  0.07377828856324468
  0.08543393172838112  0.09687490338221127  0.10781591007267884  0.11817333972190090
  0.12824668127402228  0.13793961427002704  0.14769551720635518  0.15771093126040153
  0.16830807064348699  0.17940565615280132  0.19072704982892599  0.20183786317781721
  0.21253220685151375  0.22299448518843651  0.23383573086923939  0.24487138618416476
  0.25524467908205650  0.26515263004829598  0.27505693874929793  0.28513756646751853
  0.29499707012403820  0.30470696066425490  0.31435373109745418  0.32422508346003454
  0.33454339251155918  0.34504213989543364  0.35517922163319260  0.36517918414554090
  0.37579827920383202  0.38695233638451959  0.39743722501127854  0.40696676646140856
  0.41658025137667737  0.42644849423868159  0.43680806730102240  0.44741198820549477
  0.45824797178474641  0.46928713958189894  0.47978986137775781  0.48968940001027272
  0.49932011649086078  0.50847327308601620  0.51730698972241129  0.52634390818698673
  0.53613071452563932  0.54736521144767902  0.55968440769920380  0.57234864832324051
  0.58426516905245462  0.59699821675857956  0.60931354296531359  0.62130072441383866
  0.63289612576952103  0.64430630184369320  0.65572301628032470  0.66651328071834526
  0.67617611975563152  0.68531274450903312  0.69448035763799432  0.70376176184319850
  0.71368758671199750  0.72416346438840395  0.73466439664881189  0.74528819496198195
  0.75582880897207627  0.76692827612930548  0.77830459890934578  0.78977016954471035
  0.80193849142882911  0.81369866484580566  0.82505835004008643  0.83538324467419600
  0.84482719452762201  0.85424523800771412  0.86384850269413538  0.87314908429558635
  0.88297996635535503  0.89301234985847178  0.90428930569986843  0.91558748864485728
  0.92692146841626721  0.93860249422032493  0.94885183905048087  0.95856850180590103
  0.96865771971282233  0.97882531170516740  0.98902336918107803  1.00000000000000000
 -0.00098252832206502  0.00737968250657989  0.01576241152526121  0.02417194469237085
  0.03283044765357290  0.04182470751283168  0.05093964045481005  0.06014620043724046
  0.06915652511880283  0.07789954379376153  0.08718875053181345  0.09664761190484636
  0.10602428908697280  0.11582738699951307  0.12597883814042224  0.13672919198424444
  0.14743346342123001  0.15713957366469755  0.16742401141251750  0.17798652603691936
  0.18868588282494236  0.19987843279044107  0.21131220099738091  0.22258286187471996
  0.23288610178985794  0.24255052563814844  0.25234511312457170  0.26236711330038565
  0.27284663070776649  0.28413391254007070  0.29475278535803190  0.30519444969868387
  0.31565191739580739  0.32637656448913954  0.33710494094159504  0.34782705923307727
  0.35807405274269283  0.36831620920386882  0.37870727451860403  0.38915225964267036
  0.39940163334447004  0.40903049821806037  0.42006859304884198  0.43256835214645895
  0.44459875023651402  0.45618751660200907  0.46786860058195195  0.47885750518855541
  0.48885361328821419  0.49812631729211382  0.50748240164939040  0.51683887123918548
  0.52597847471923875  0.53533311122907623  0.54535393251817277  0.55694782919347019
  0.56864761685517784  0.58010495050034006  0.59144541892877567  0.60274317742265815
  0.61425086563421849  0.62574467857306226  0.63653330225757887  0.64696174975265053
  0.65738884049255164  0.66775964543956978  0.67798809616013833  0.68826005171364957
  0.69836251210951072  0.70814025095743693  0.71700418535806432  0.72579055605446585
  0.73512324254720229  0.74483669531277563  0.75435042136003749  0.76324384833701553
  0.77289696991898083  0.78352981285544776  0.79525492071621229  0.80760243644413954
  0.81995585091340173  0.83216307708416903  0.84358416635881062  0.85424889810866478
  0.86513140118205989  0.87611895228580405  0.88790025877962775  0.89956514561467837
  0.91087663342728642  0.92194894410694406  0.93309960150589943  0.94470346230427149
  0.95610603737900002  0.96852186119789796  0.98267359011417188  1.00000000000000000
 -0.00887340129198668 -0.00306886526554635  0.00768094641696900  0.03289728890954449
  0.05796585146961149  0.08287954309088288  0.10602718546628420  0.12841922923461557
  0.14884531119004601  0.16944650995166233  0.19050360745053491  0.21189968927736580
  0.23355878288719378  0.25668524970870032  0.27960980051456463  0.30224671567511363
  0.32483332929725844  0.34739914397796107  0.36993783629390214  0.39249134101938071
  0.41508020991175770  0.43767560890427681  0.46027547737668678  0.48254287465575874
  0.50472557521304151  0.52669867635157697  0.54942234388444555  0.57305030416673919
  0.59734509159548033  0.62192252585774044  0.64664995497320821  0.66605492700301316
  0.67667360589915160  0.68913927128400532  0.69055475809010558  0.69236123037707620
  0.69681119065046360  0.70168760570764399  0.70648294887383678  0.71128583390241684
  0.71605961800291373  0.72083756703881141  0.72570110838995672  0.73062148252145820
  0.73555746346709328  0.74046498859179377  0.74540873317766221  0.75038519963934147
  0.75529068616117812  0.76016396453088075  0.76507675491802940  0.77000443349516190
  0.77494736475282178  0.77985736778499892  0.78475076061784166  0.78960552954796681
  0.79453913817862631  0.79953593894409858  0.80458018517896468  0.80970358979243995
  0.81482729834783729  0.81983597729669722  0.82483379862855222  0.82992402576668745
  0.83503253791203891  0.84016685547120795  0.84528549815657317  0.85038132526497423
  0.85540070357594622  0.86044874443873187  0.86564862491452998  0.87093384186602429
  0.87624990897416399  0.88159702100873405  0.88698108804535625  0.89231592058440379
  0.89765541175359254  0.90306147964847272  0.90843119889571311  0.91374465798246796
  0.91903828264922705  0.92438890383744143  0.92976556966769319  0.93508211903011162
  0.94038097333444415  0.94566822350861546  0.95093736416353347  0.95624959070667426
  0.96163632501599017  0.96708956968505844  0.97259321708407243  0.97810077243275029
  0.98359198332219067  0.98907360094116703  0.99455413877994803  1.00000000000000000
 -0.00232508766765818  0.00896148976354673  0.01871031732339288  0.02936640527428836
  0.03928230069914333  0.04815826583446920  0.05685357058555220  0.06672682317335336
  0.07726378074575259  0.08756133985404846  0.09650745764252494  0.10525279957960740
  0.11405614597417880  0.12314556639856031  0.13241317214376161  0.14193399157890449
  0.15203801325775765  0.16249139888117486  0.17369811954267309  0.18556698702716101
  0.19738826636320378  0.20896457890953846  0.22057683945324133  0.23199935363355786
  0.24357640244419687  0.25486312621599483  0.26539034991868171  0.27654828118825103
  0.28764007884415643  0.29789374748937675  0.30719910059332739  0.31701587776949525
  0.32797298819558818  0.33971586210729526  0.35195789450223230  0.36532090965185227
  0.37834353016607708  0.38926369349546580  0.40052198509434939  0.41140352984559686
  0.42116376174886083  0.43008238872626547  0.43913163949537420  0.44951157550387294
  0.46026598706476912  0.47043676929035649  0.48067378060524629  0.49117194737831649
  0.50207093453903961  0.51311229210154619  0.52338109152422518  0.53337501956261779
  0.54297487909164688  0.55288275121462582  0.56325025072983081  0.57427942806837085
  0.58503580528692500  0.59468228333301887  0.60366944452601334  0.61318629050986417
  0.62355539432283869  0.63457370923766565  0.64588037849954416  0.65739310703946452
  0.66885448009587156  0.67987685742495008  0.69051058755680239  0.70084032084610537
  0.71096415450267925  0.72083190443686640  0.73046630175298388  0.73918873283446607
  0.74780080910157964  0.75669576772059943  0.76600290984309427  0.77519095647894964
  0.78391377772906445  0.79226687073001600  0.80178726221011620  0.81120623108897139
  0.82133185674082543  0.83187662037154808  0.84389689538825796  0.85616440990309040
  0.86819632329592444  0.87998259139199142  0.89177272969574684  0.90371162658578208
  0.91574767127525436  0.92791558104751348  0.94023217739875387  0.95164761268957287
  0.96371290792617004  0.97613004785200441  0.98805271572894826  1.00000000000000000
 -0.00290551943051517  0.01021125034424349  0.02106012709605342  0.03252932348054328
  0.04395410381340736  0.05538295059050301  0.06623757135318208  0.07683652471943359
  0.08744012391610863  0.09821356437011616  0.10881247937830220  0.11883500266017769
  0.12846073798194241  0.13794333087408645  0.14758889878594539  0.15748612764246964
  0.16726081891961347  0.17662064570158836  0.18582026112984865  0.19519581130890923
  0.20478700324609095  0.21428246935624626  0.22328258108781998  0.23219311859523026
  0.24128217355244569  0.25099985481952347  0.26181113421349755  0.27331796788363966
  0.28496982319637848  0.29628159383692326  0.30705121666376317  0.31777313466843266
  0.32819164621009694  0.33890165286525586  0.34928482366685326  0.36067904852412591
  0.37247051172019180  0.38429117342585573  0.39619404731507357  0.40794967249074154
  0.41952031772509563  0.43164372955758296  0.44401764428266316  0.45649160191455934
  0.46922335574317492  0.48027717485773097  0.48975951964126940  0.49925723903078550
  0.50933423621321072  0.51930984169317318  0.52858396579132472  0.53736297354078100
  0.54713555176990980  0.55736360181328037  0.56760731610210224  0.57767944106223035
  0.58782397325410563  0.59784127347527360  0.60761852304405306  0.61728733626488497
  0.62720496955342486  0.63763287204731789  0.64809524506364313  0.65848759535912393
  0.66929420247697091  0.68066377886379337  0.69246543825544316  0.70463881412688523
  0.71656654749296644  0.72892984014599538  0.74204221003996662  0.75388646983643426
  0.76497000293636441  0.77556951237843696  0.78645329727517133  0.79703187632497641
  0.80774332618710309  0.81860035282654786  0.82986178930871057  0.83920760339506795
  0.84868820413313173  0.85853322972424506  0.86936137100601096  0.88011393122316894
  0.89086858709653693  0.90165754625028538  0.91230459194152569  0.92200075251563163
  0.93154823965028988  0.94121559117817732  0.95112936297795603  0.96071520524717047
  0.97134764051574773  0.98126067412032292  0.99093525486588896  1.00000000000000000
 -0.00193608235821576  0.00848606190799154  0.01778564419009582  0.02733349877924229
  0.03707433584744739  0.04703104598378338  0.05781915390062078  0.06969210730080098
  0.08191686822572122  0.09304412134969045  0.10349152718701714  0.11378575432303142
  0.12333826870489883  0.13283457580457345  0.14231545176937987  0.15302942313563930
  0.16442217818603119  0.17518830804458324  0.18543552727663912  0.19555630005995001
  0.20582685620277999  0.21609247871899476  0.22641902618582763  0.23747987127739412
  0.24918762429465166  0.26105828016628596  0.27305372133630557  0.28504455348193325
  0.29659392489687109  0.30719827976040209  0.31694141750796279  0.32556084175769218
  0.33479945263555960  0.34394307522075862  0.35304220275607279  0.36233298302445094
  0.37185636675970601  0.38182859547047626  0.39240151902395765  0.40362730773352040
  0.41546882429669391  0.42739960311909203  0.43931236446068050  0.45133361030778146
  0.46275092802651596  0.47337974078876066  0.48351743561831834  0.49325945440035363
  0.50308746254599579  0.51269268945386237  0.52222467286971408  0.53210607949364308
  0.54217600330803417  0.55269974919568021  0.56375859810476836  0.57571069031537636
  0.58849365177617674  0.60092726573069521  0.61328427385445639  0.62467244893039819
  0.63645882461056025  0.64808069137132807  0.65938305959685317  0.67020874037366895
  0.68027191622066174  0.69049116795380716  0.70088543854363305  0.71150425069845702
  0.72189133839650599  0.73229708498223323  0.74305612669703858  0.75369840219495221
  0.76407981403545466  0.77483433237014243  0.78659057944777777  0.79803530444934812
  0.81039985790674629  0.81967694193697427  0.82886877344384113  0.83802194125724117
  0.84735682769837617  0.85693998674951943  0.86625021177028527  0.87614154000675804
  0.88708939552596533  0.89769579084572237  0.90785613490918116  0.91808039772737038
  0.92848936044178942  0.93921768704213004  0.94948863118513627  0.96070602979470432
  0.97120067220684081  0.98185943825211985  0.99115665849705881  1.00000000000000000
 -0.00325931837544347  0.01068715095327196  0.02271392058664053  0.03445784622033092
  0.04585169267903852  0.05700404577321957  0.06826751447118982  0.07935388653255032
  0.08938475349833334  0.09883323691051188  0.10813750474991175  0.11774910820001479
  0.12749837513443738  0.13737282196018877  0.14748252098339554  0.15858569359302954
  0.16938096707204567  0.17990380659521649  0.19042424844549588  0.19996969089787031
  0.20947648204743111  0.21897775605980566  0.22834593267582118  0.23836564574002128
  0.24852501781663960  0.25877170582471576  0.26956391422933024  0.28027612169308586
  0.29162571267252896  0.30307693665355212  0.31434033617988583  0.32540553249587173
  0.33673871193336657  0.34812058698475479  0.35964752922368726  0.37144502728967127
  0.38385889208558216  0.39669021022104151  0.40948694720725559  0.42146508142756683
  0.43244222741716787  0.44290706610244807  0.45315292061507073  0.46369381722672570
  0.47410124195999848  0.48370809298455436  0.49291102621287386  0.50247212634299077
  0.51239368404043628  0.52237578822030672  0.53226214266368621  0.54243627475819178
  0.55366293488221974  0.56501403204036327  0.57556045822088675  0.58549319021944723
  0.59488856140854252  0.60451080510653232  0.61493899001865227  0.62519050429655487
  0.63521538444490655  0.64555838530594545  0.65672755342650424  0.66851314063545964
  0.67940645151810131  0.69014655002595571  0.70099281762398002  0.71132247598249465
  0.72158004400241826  0.73208481000950798  0.74294673059734084  0.75305322624502580
  0.76235054202531460  0.77164152778533579  0.78106292404511002  0.79080028365567523
  0.80090844704136521  0.81160197111857513  0.82257197904620338  0.83426762397738929
  0.84594425144698415  0.85725019961086224  0.86767837327469344  0.87798453572059354
  0.88828980361410070  0.89819488103746348  0.90751953252536721  0.91703481489679040
  0.92698808034869773  0.93705218258063094  0.94717734576070023  0.95763906805968502
  0.96846875323171255  0.97944678170602395  0.98947227285551942  1.00000000000000000
 -0.00251017171307012  0.01041556263088085  0.01997092931756373  0.03089558523701753
  0.04113247649408480  0.05241209055073894  0.06414858507029023  0.07559461742027296
  0.08613082181935618  0.09611116489800246  0.10629233915549847  0.11616955378725244
  0.12554697867608802  0.13459065564571626  0.14339984438715214  0.15276538105032797
  0.16270018704285871  0.17338972275942666  0.18434786457473232  0.19513450142346073
  0.20553851289209352  0.21533720262726633  0.22527277924071112  0.23567303020983954
  0.24610394394348345  0.25660669246439255  0.26711155102266720  0.27949615111076392
  0.29193350586172523  0.30390485640205017  0.31585859589277943  0.32790741462925715
  0.33878920897036946  0.34883049549292922  0.35812062972049530  0.36726171173120353
  0.37659840197005290  0.38595606162662316  0.39545202551478115  0.40532520633398195
  0.41529595558066629  0.42495017100523291  0.43481605831469272  0.44448683968236130
  0.45461505871436803  0.46483799750654742  0.47468913877869739  0.48417635254602920
  0.49391410300956329  0.50385206820861062  0.51413835107994099  0.52399991802922430
  0.53322997956232698  0.54257421044923326  0.55239114845787529  0.56263336723980428
  0.57273053668137663  0.58265047811945625  0.59272855111345113  0.60289396211967228
  0.61371772957699489  0.62520654560846589  0.63704251403600975  0.64858342681484749
  0.65981240967745203  0.67116052942448878  0.68305402384302827  0.69623119322005933
  0.70844260465761788  0.71920373147085181  0.72910116324071494  0.73917163617475201
  0.74930710791098298  0.75996449418558987  0.77062394931242895  0.78112597860729793
  0.79147879454807268  0.80173463200121731  0.81266890877196885  0.82367560039576138
  0.83516718053188954  0.84761708225277577  0.85998380832837751  0.87192291909351016
  0.88356930775269804  0.89543653677335966  0.90579782727972913  0.91597223211342604
  0.92564140600703793  0.93533882357119402  0.94448632159243950  0.95415650022092746
  0.96410086818749818  0.97494773015009573  0.98688377082571554  1.00000000000000000
   61.717922149821121       -1.0000000000000000     
 F F F F F F F F F F F F F F F F F F F F F F F F F F F F F F F F F F F F F F F F F F F F F F F F F F F F F F F F F F F F F F F F F F F F F F F F F F F F F F F F F F F F F F F F F F F F F F F F F F F F F F F F F F F F F F F F F F F F F F F F F F F F F F F F
  <DiscreteSampler_grid>
  grouped_processes
  1 # 1 for a reference and 2 for a running grid.
  10 # Attribute 'min_bin_probing_points' of the grid.
  1 # Attribute 'grid_mode' of the grid. 1=='default',2=='initialization'
  0.0000000000000000 # Attribute 'small_contrib_threshold' of the grid.
  0.5000000000000000 # Attribute 'damping_power' of the grid.
 # binID   n_entries weight   weight_sqr   abs_weight
    10   10   4.723908523542166E+013   5.011456559133357E+027   4.723908523542166E+013
  </DiscreteSampler_grid>
