 -0.00278878083745226  0.01105048840430901  0.02262433150685035  0.03343566003663782
  0.04429645448630686  0.05581177394642668  0.06758429094510368  0.07893339491612711
  0.08994806959357500  0.10071676416969788  0.11172250474131305  0.12286847822964329
  0.13314167354652162  0.14287450824282563  0.15330126708873273  0.16475239813817552
  0.17567062951378240  0.18628551151381303  0.19695813179468641  0.20747543020903372
  0.21721171583100871  0.22652611197322739  0.23559871597686566  0.24522849803118740
  0.25567008965026095  0.26612393770611786  0.27637570457500815  0.28689208313426351
  0.29769020745052277  0.30869031960705823  0.31884209126551499  0.32825783333517666
  0.33756184610696599  0.34667503627487500  0.35665361518553346  0.36700466680914451
  0.37639655292566776  0.38741016641245252  0.39830859208068609  0.41031647955023498
  0.42163988460026730  0.43277137247060588  0.44313334080987099  0.45297801597295667
  0.46326652801814278  0.47344850716943837  0.48328682364020448  0.49313185292737333
  0.50358136664763120  0.51563783697429688  0.52679915325525206  0.53725734586683616
  0.54763530420576967  0.55851799315077277  0.57000562376277952  0.58119520530317970
  0.59175723294974181  0.60208237850335355  0.61275853104761946  0.62366081075508562
  0.63417166503293954  0.64464440467101214  0.65593672446107243  0.66707734533357543
  0.67727551521373608  0.68734765621545468  0.69782200374317327  0.70825448325455087
  0.71808471189582734  0.72796459831886562  0.73762904762452475  0.74712214616641015
  0.75637139227775496  0.76599241230772774  0.77538524320335156  0.78433917901701489
  0.79371821552827726  0.80340344296411204  0.81389974291701939  0.82466021806899548
  0.83492546358626474  0.84507120640291822  0.85513347633566372  0.86537848568657494
  0.87613778880990700  0.88696047424643354  0.89722803897560111  0.90724548946533490
  0.91781290585835673  0.92943158112173729  0.94207466795345196  0.95354212576280595
  0.96484215709965837  0.97706153217980463  0.98838680435911819  1.00000000000000000
 -0.00070493642109367  0.00736605530509482  0.01504688335434287  0.02292948310890612
  0.03129120382810101  0.03994214309310811  0.04855783696575607  0.05724605266475986
  0.06630848497336138  0.07540018356048411  0.08422645888223504  0.09248482189865499
  0.10081364700554012  0.10887270933434760  0.11740440101306265  0.12655156799616826
  0.13599335793568743  0.14548046996961908  0.15496647104118980  0.16418847636361378
  0.17385820810782604  0.18362490595670938  0.19374702810784591  0.20413446920408562
  0.21455007454017636  0.22490769388509432  0.23618929175313200  0.24821185564943327
  0.26024203800097018  0.27173697000406855  0.28288862311955787  0.29427099642062882
  0.30570171761148018  0.31697250991257453  0.32793611644654114  0.33851420424614037
  0.34903548386134137  0.35976468238614923  0.37024166490453231  0.38016808574149219
  0.38990090657022713  0.40029462653557596  0.41172291419330942  0.42328291395280643
  0.43472604807304382  0.44610012920109587  0.45743982886705009  0.46786638146339576
  0.47853964157805806  0.48904171990296658  0.49982560862753922  0.51076748390279580
  0.52163720032791561  0.53281043263938266  0.54430614033751767  0.55602818028786283
  0.56763767942413479  0.57857516790484997  0.58879451849371089  0.59878223337640935
  0.60849543172413112  0.61760547966114376  0.62670013001998037  0.63604898063620441
  0.64561067950383388  0.65567919676852449  0.66647098254819037  0.67819867375993148
  0.68923008839546662  0.70030901440081583  0.71079765661918837  0.72112915279236489
  0.73207270961336635  0.74298698406726871  0.75321827025510457  0.76283832771499371
  0.77254893107689815  0.78246783193830727  0.79222099203751173  0.80160114824128936
  0.81095237201717796  0.82086608087511381  0.83086484233299807  0.84200216016745633
  0.85342983696899899  0.86650503175983606  0.88054444811392152  0.89471358801303114
  0.90650850732064814  0.91804212485721137  0.93015565646028808  0.94199034495895084
  0.95354227494817556  0.96637056494826290  0.98184190916377900  1.00000000000000000
 -0.00830834374019238  0.02173725069501061  0.04565222286079747  0.06949719936365016
  0.09249646280994445  0.11469318894452464  0.13435226542820464  0.15355213910180235
  0.17337688210752128  0.19295028175773246  0.21234197879994632  0.23438797266224864
  0.25640604989285598  0.27806337036386430  0.29970961361082293  0.32134694295762156
  0.34313158621125250  0.36493392093801136  0.38660937261978795  0.40827374400016869
  0.42991785737385868  0.45168815479569802  0.47354173686085305  0.49529067972643526
  0.51709085016481648  0.53958189924418054  0.56226019472756061  0.58533202568761267
  0.60907321645306101  0.63340062286230681  0.65065305352191039  0.66715377796566555
  0.68559093808153559  0.68976339377792883  0.69116874080242274  0.69362021533827423
  0.69847555887097867  0.70323361297279596  0.70804429749289999  0.71278148566526844
  0.71749558731512753  0.72229299418253967  0.72713860130905272  0.73197043470604872
  0.73682618383632015  0.74171835078007020  0.74660195481816949  0.75149692239270249
  0.75642519439505918  0.76139059306917067  0.76638094621438724  0.77135279568055348
  0.77623852135330540  0.78116247420756968  0.78611539156939447  0.79108250096811150
  0.79609037540980188  0.80105485206419536  0.80601201715742776  0.81099080554579517
  0.81605159064671595  0.82116493154840853  0.82624298394875562  0.83129514427533779
  0.83631300489879556  0.84139087570692916  0.84651191501508571  0.85158346712180011
  0.85657707808860539  0.86155528022563099  0.86660077993554441  0.87178156924463324
  0.87699586320839695  0.88215249986844679  0.88736620010551548  0.89269176537645889
  0.89797879857256102  0.90321583938688255  0.90854278834529667  0.91399991192963048
  0.91940079865270952  0.92466704946717815  0.92993353202397588  0.93522194005255954
  0.94051562457348503  0.94582682612716540  0.95117751811000928  0.95648968672672197
  0.96180169265664761  0.96724958290634278  0.97268731320592150  0.97808765446189694
  0.98344252184420144  0.98884510500280332  0.99436398801477333  1.00000000000000000
 -0.00199993132497711  0.00840951996967566  0.01713184510971522  0.02592868384852575
  0.03439337954534293  0.04296470300210598  0.05201087317615172  0.06150282756010423
  0.07130346704645006  0.08131479053335139  0.09249002914493398  0.10497960551041320
  0.11820456670993432  0.13005201044815601  0.14190680083715942  0.15237837747063535
  0.16286822160282283  0.17293783812779936  0.18255256538139272  0.19239493262346671
  0.20306611881728326  0.21471293983440082  0.22756983820249096  0.23847001771728923
  0.24965005066292550  0.25988083243471199  0.26987716953821889  0.27911606927005667
  0.28811288274317121  0.29750083881849199  0.30756467137365268  0.31778416925834913
  0.32821731855409192  0.33892536275814222  0.34963225825282146  0.35992120301459707
  0.36966793434507011  0.37962141876476552  0.39009337489106538  0.40071341758669854
  0.41134333321222849  0.42180077107107866  0.43199077525838819  0.44255910303699714
  0.45253280935893136  0.46233464771566030  0.47269013555411465  0.48348735910696228
  0.49531120168967663  0.50709947676625378  0.51881177676750279  0.53061354357594059
  0.54180519280067385  0.55205477149757110  0.56198567631270147  0.57235807322720045
  0.58301147621482585  0.59346814828742633  0.60393968762011441  0.61453220689459409
  0.62512891285393313  0.63569326183373032  0.64622213736097089  0.65710754221816281
  0.66890935849252575  0.68153486255164364  0.69372097013636402  0.70476443637374342
  0.71498217051136093  0.72466379592190178  0.73411220215256834  0.74331869816231744
  0.75269785068813411  0.76262699435008363  0.77251240152796963  0.78279227433929788
  0.79369508534863842  0.80474815325018600  0.81545957965864402  0.82594388870018931
  0.83694905298752331  0.84960591471361069  0.86203405613444695  0.87390950750972041
  0.88571868694113831  0.89641586291389375  0.90676628451779384  0.91724809830713883
  0.92841971496780606  0.93999782592083614  0.94977495510916965  0.95970376028003901
  0.97004235469275535  0.98035360372247304  0.99036752787642468  1.00000000000000000
 -0.00260775381961197  0.01017855433673376  0.01995545097590628  0.03063514272682318
  0.04141357071145720  0.05382833311941878  0.06629141778339057  0.07841827075194502
  0.09013541234939176  0.10143408313867329  0.11199261666194045  0.12211679301289471
  0.13244328493361862  0.14231650745381294  0.15223753178342797  0.16222033622786092
  0.17200483750036244  0.18150545758527359  0.19143378775960848  0.20116084647355026
  0.21049727840536689  0.21952333036814201  0.22907863219711089  0.23993118778433398
  0.25073506946372254  0.26132103210296448  0.27188235284252033  0.28265635250782223
  0.29351214626729977  0.30462072376494675  0.31537821457829945  0.32553789927479593
  0.33551251802517795  0.34583587112071174  0.35696966258685686  0.36818022515334425
  0.37978433460582284  0.39177671362691813  0.40361251893542183  0.41484277294580002
  0.42476577855680381  0.43420373194423567  0.44364652224501194  0.45303695205027428
  0.46260276431494068  0.47238058692120494  0.48236670997589592  0.49237482868702603
  0.50248122822950547  0.51329499160306535  0.52508479802669017  0.53815757466062353
  0.55180678120791249  0.56401280370261564  0.57476884077426504  0.58481958394297096
  0.59500786344946577  0.60493825314461447  0.61394943450255157  0.62304598096090025
  0.63345531962992241  0.64428544421776524  0.65500858746629109  0.66539216091968945
  0.67583589694004975  0.68621883248021454  0.69566640929464363  0.70485972030436206
  0.71393835742678802  0.72293362058499444  0.73180129170228436  0.74080841467463965
  0.75021976907189558  0.76050969918159461  0.77168167918332553  0.78381811413122648
  0.79623625215982219  0.80833674314293225  0.82001920179913868  0.83148670957716408
  0.84213765063507018  0.85249220461808817  0.86368743906540091  0.87547285602516400
  0.88792263660988158  0.89995377660061238  0.91082450236445256  0.92122100337366875
  0.93135379949246111  0.94170805331877505  0.95183265395334249  0.96156070904327651
  0.97147133859642376  0.98147347433368648  0.99088199608499261  1.00000000000000000
 -0.00301216170654291  0.01120916756848547  0.02321369574504208  0.03473684191741388
  0.04494190635506845  0.05419566224842279  0.06355810236556436  0.07304085265533117
  0.08236663694117156  0.09119525865685443  0.10002287208289368  0.10989239757939152
  0.11910630746284244  0.12822810453113270  0.13768496878564304  0.14741079094311807
  0.15835387588681923  0.16974017677853651  0.18122554464908777  0.19193101132422327
  0.20284104522670093  0.21300056587577595  0.22300636642676527  0.23307682095990834
  0.24293327004644338  0.25233078147199139  0.26100018754129306  0.27014758219336121
  0.28008487142713945  0.29061672629611962  0.30116958368404850  0.31140568218751963
  0.32206697879045776  0.33307590654192099  0.34436224146421274  0.35645712037027993
  0.36827945346522439  0.37899170906232477  0.38930227136524626  0.39970918435694053
  0.41057887240606594  0.42155625045101525  0.43292386138123196  0.44455408188928136
  0.45658094881933142  0.46781281052080181  0.47893731829204117  0.48986337299433141
  0.50048596010330559  0.51066957776093902  0.52100779157652677  0.53134762945306890
  0.54136385979895152  0.55107184833004930  0.56079730293715879  0.57096563774895381
  0.58152941416851656  0.59223306328677938  0.60276393653310878  0.61294370761348871
  0.62271677764984101  0.63207493899299649  0.64116012352737506  0.65111815609791468
  0.66218095923083431  0.67384196395430562  0.68580355765458856  0.69757019465523240
  0.70900111686329914  0.71991741743966797  0.73040981895121404  0.74085729164539471
  0.75139581406703648  0.76213171583563522  0.77267443406357517  0.78257632200038418
  0.79225190946315804  0.80242671801917120  0.81310930722091768  0.82393502553079945
  0.83509341434892226  0.84657816566342003  0.85801403572383816  0.86912878325607790
  0.88040373206412181  0.89206809320035807  0.90315866983506687  0.91388151723934286
  0.92469968359689225  0.93539014624433425  0.94600664827733572  0.95692822975099856
  0.96758143580908917  0.97871946893436201  0.98911210062241206  1.00000000000000000
 -0.00191972411201715  0.00803125476957272  0.01604943169770387  0.02486792730192913
  0.03448106215153786  0.04402140908857449  0.05339977654380724  0.06363671036729034
  0.07551328798623759  0.08720394766403976  0.09738469476291692  0.10787007142812306
  0.11846630139691938  0.12910163637724584  0.13990418519009859  0.15127092848375978
  0.16440532537872904  0.17742504324724226  0.18956333318571331  0.20195665122405382
  0.21290124404544411  0.22391099368759271  0.23491295188726349  0.24595551515614145
  0.25601374036531094  0.26559053614132694  0.27550650972039448  0.28635135351684649
  0.29723006678548269  0.30774921535670841  0.31814573656102396  0.32815485207945755
  0.33775309900698813  0.34672100990663057  0.35583819606435035  0.36561169365034890
  0.37564710298002496  0.38522614835871238  0.39486189077424333  0.40492111467361080
  0.41502725765645526  0.42459916424977817  0.43396855079292379  0.44406260447287033
  0.45489917683287762  0.46541882221990172  0.47605252495280409  0.48647199434270555
  0.49718479467387855  0.50769148774984985  0.51848860272815633  0.52897336861558475
  0.53903303171564820  0.54898801132745623  0.55872572150861588  0.56859531756075388
  0.57829617048920390  0.58804037184560087  0.59844966639056618  0.60860974789914568
  0.61850092650719224  0.62815230287468249  0.63761583044218040  0.64745185106800018
  0.65774695468771738  0.66815197475718513  0.67867723876969888  0.69028315217260550
  0.70349098447776093  0.71694479531098665  0.72973304888440349  0.74119554046607150
  0.75201290488222250  0.76283070555812293  0.77378870816592304  0.78511670159075642
  0.79717603112705882  0.80941386447641672  0.82054506393490023  0.83084680913253983
  0.84106236802055356  0.85167907668679455  0.86228028247945676  0.87316873846358956
  0.88388195289357063  0.89480596325815653  0.90529954089687459  0.91635661667012691
  0.92733876747540966  0.93817655540265266  0.94827470869853303  0.95803542245379758
  0.96856106654920415  0.97983034723437634  0.99006633043028913  1.00000000000000000
 -0.00239731220615006  0.00951183642357751  0.01961718087131029  0.03044252591489499
  0.04163647386680576  0.05433476405687925  0.06692881692763866  0.07810049252770807
  0.08834795970820199  0.09798789092449729  0.10796458026776640  0.11838324316319535
  0.12866097301512278  0.13844962285043150  0.14783170485744809  0.15683550467157054
  0.16579732860607860  0.17447306145150210  0.18322271337973881  0.19233521024955452
  0.20201454685656248  0.21117868581205934  0.22229988141816304  0.23281564677348573
  0.24382830462463939  0.25580465059955865  0.26806153052037429  0.27992243571882702
  0.29162036424404875  0.30421289351225173  0.31707051087552829  0.33017220733346425
  0.34306798050331216  0.35544858155915299  0.36723174986191864  0.37817273027823045
  0.38856750378314647  0.39900582527488843  0.40972584490424685  0.42069370061944067
  0.43122186098113896  0.44166584548984505  0.45270180772575974  0.46414212576859520
  0.47556384725629181  0.48687265357969561  0.49822826390953345  0.51015943854553469
  0.52320043078978729  0.53681435126110066  0.54921216595165712  0.56078875150701568
  0.57221753558575139  0.58318634112778245  0.59257634854028063  0.60223239872198853
  0.61132892101662895  0.62043895948196570  0.62971142434953853  0.63942274473688843
  0.65000649593931215  0.66138574019322693  0.67246219419334929  0.68247005609746758
  0.69255079019958099  0.70254815818092242  0.71220259609051917  0.72137066816759443
  0.73048332901659940  0.74004368374275709  0.75033565960524873  0.76114139696467309
  0.77172101456547759  0.78195047428226194  0.79191389215368857  0.80176933485150836
  0.81192473267235954  0.82214736718624148  0.83205635612031825  0.84138806818255607
  0.85042814242234921  0.86002806504606277  0.87010815576382794  0.88006186014007926
  0.88978672670408621  0.89918562878209629  0.90908463147321172  0.91903731062366223
  0.92916624667318448  0.93923646673458971  0.94892303500496422  0.95881487555789657
  0.96960854376219041  0.98081196682843819  0.99070239371178936  1.00000000000000000
   62.282701462710349       -1.0000000000000000     
 F F F F F F F F F F F F F F F F F F F F F F F F F F F F F F F F F F F F F F F F F F F F F F F F F F F F F F F F F F F F F F F F F F F F F F F F F F F F F F F F F F F F F F F F F F F F F F F F F F F F F F F F F F F F F F F F F F F F F F F F F F F F F F F F
  <DiscreteSampler_grid>
  grouped_processes
  1 # 1 for a reference and 2 for a running grid.
  10 # Attribute 'min_bin_probing_points' of the grid.
  1 # Attribute 'grid_mode' of the grid. 1=='default',2=='initialization'
  0.0000000000000000 # Attribute 'small_contrib_threshold' of the grid.
  0.5000000000000000 # Attribute 'damping_power' of the grid.
 # binID   n_entries weight   weight_sqr   abs_weight
    10   10   5.491391061267143E+013   6.202594660452565E+027   5.491391061267143E+013
  </DiscreteSampler_grid>
