 -0.00374323894819062  0.01270130297314693  0.02504604093583059  0.03599751941149736
  0.04685725620007871  0.05775362737184150  0.06797023381156732  0.07767868736491738
  0.08807994940112568  0.09867686996820342  0.10923273895427717  0.11943479665840945
  0.13028293298305602  0.14080544448946847  0.15106928943582568  0.16139615630690168
  0.17217760406922167  0.18322115169540729  0.19329277857227697  0.20275268438546715
  0.21250251350505286  0.22292823779150198  0.23434789751642957  0.24580666963880479
  0.25848450532503536  0.27146222103572598  0.28432699923924160  0.29732875777890577
  0.31043709129242175  0.32321760513110009  0.33534620485439087  0.34697375048837892
  0.35848027355576839  0.37016008841757153  0.38120411343112026  0.39184450435814533
  0.40282173116755332  0.41532009151682442  0.42687322821045909  0.43804590283723832
  0.44818061494555622  0.45815527463221528  0.46791554686973125  0.47798747012359705
  0.48831735441424151  0.49868725229359562  0.50870677032615230  0.51872051443256295
  0.52969595400877789  0.54108373599287773  0.55267768098891246  0.56487122745908303
  0.57775085621524080  0.58818129785677509  0.59768080660138512  0.60704371866799756
  0.61636568315830087  0.62579055762331359  0.63556548815456049  0.64501195973535042
  0.65563392646252849  0.66636846339101286  0.67834900586443569  0.68960773908839612
  0.69998819758863262  0.71017609982805929  0.72086240406190416  0.73056614602646586
  0.74006471431943599  0.74947199676484344  0.75911392022443702  0.76928587497408796
  0.77864243445627523  0.78806483714344011  0.79797146951457132  0.80753509729499606
  0.81712396594888514  0.82671265394267046  0.83690574632941084  0.84768587045960608
  0.85752080720032464  0.86658014973252329  0.87550534681409797  0.88453177586660103
  0.89396219628519991  0.90377569238312927  0.91317671682077528  0.92276123597225157
  0.93278025252063934  0.94331700332237756  0.95357583063074780  0.96320540447157454
  0.97210142430961222  0.98094644204623727  0.98993004764147052  1.00000000000000000
 -0.00046363701285280  0.00613530438666697  0.01258281579301814  0.01941847032816051
  0.02707615192896005  0.03511059084632312  0.04344192821546024  0.05225448916850255
  0.06157822513065354  0.07165133673953883  0.08170713042810980  0.09120855878676608
  0.10024054293672302  0.10998542966668289  0.12025385981254985  0.13059518946823120
  0.14099636262889453  0.15125795881964421  0.16136637953392133  0.17158072281721853
  0.18221272059076740  0.19261431253619399  0.20232639913389858  0.21186593668643799
  0.22144444323199788  0.23093357203550852  0.24046529304571271  0.25030264552430914
  0.26133798248318868  0.27270919912917063  0.28434042805615717  0.29505302114786075
  0.30508707079598152  0.31461115342496526  0.32388377191895529  0.33342500287564292
  0.34284454295315536  0.35236983509467273  0.36207695863397416  0.37230482026254497
  0.38341746165848112  0.39481974079994453  0.40555680726043519  0.41547795140458277
  0.42516120240195543  0.43475878772067977  0.44455988202370045  0.45426390351734874
  0.46483699288774583  0.47613496959877433  0.48773894072208523  0.49913703684801847
  0.51039937722411721  0.52109971771568353  0.53081343496143518  0.54030930205281236
  0.55003681214330591  0.55969313953627298  0.57069794246700989  0.58178285848600653
  0.59460420862131691  0.60700182037506711  0.61994805833702338  0.63292939668231130
  0.64563842171682218  0.65837318693767821  0.67161974455700091  0.68485669341871758
  0.69734849540752719  0.70854754085251315  0.71872505774173645  0.72891147987075555
  0.73968457906431984  0.75092869362552273  0.76193299478820420  0.77260089109077401
  0.78354101752490946  0.79470246476339945  0.80557757673882824  0.81700835014986706
  0.82849212312436926  0.83933068493783958  0.84976286263494805  0.85982951367603233
  0.86945237265962727  0.87918795515288362  0.88940838606922223  0.90101730418303427
  0.91286776339770392  0.92564411996502927  0.93739110948046578  0.94881724421035263
  0.96019109708280304  0.97184825992937307  0.98511487314352275  1.00000000000000000
 -0.00800662625231015  0.02427755066039048  0.04826373690472083  0.07234273540605481
  0.09596897914551636  0.11898941461920806  0.13984762035485401  0.15981317285484697
  0.18042461538348326  0.20080576813579892  0.22081926610330996  0.24274916992094187
  0.26548551407031817  0.28764646517807008  0.30980706460513624  0.33196661575852215
  0.35388133193540794  0.37555051111094073  0.39725426449627088  0.41897143048490815
  0.44056691715737806  0.46219817896389426  0.48405390714129359  0.50588188980118887
  0.52766728236283622  0.54959514241539753  0.57160914186661205  0.59633026645595100
  0.62162262016756187  0.64871365073701137  0.67192993206241769  0.68396509777433068
  0.68894845635526603  0.69091331227358976  0.69324307888010794  0.69790120639760467
  0.70268420691074440  0.70732899778376346  0.71196299372969196  0.71666715319288588
  0.72138127493408299  0.72612060708243775  0.73087484602172570  0.73564954758433088
  0.74045778486689695  0.74527919859958991  0.75003777080650047  0.75480916114549301
  0.75961870195615333  0.76440967655275149  0.76916154786625957  0.77392345319406008
  0.77868471483479718  0.78349174236265562  0.78830911775341628  0.79311841277615147
  0.79799166125013221  0.80296050702997745  0.80797310123201960  0.81298373379278754
  0.81797878979328875  0.82298422439059005  0.82797902759468711  0.83301429370194779
  0.83806548538818393  0.84310871992206049  0.84817362366104931  0.85320771042551391
  0.85820680043443798  0.86325062608049319  0.86833442291219398  0.87350426499566936
  0.87871624651624836  0.88391209707150376  0.88905205850970526  0.89415091974275862
  0.89933114118518365  0.90456985041225635  0.90984484194918869  0.91507877550602135
  0.92029946590713640  0.92552133914746504  0.93075829655041975  0.93613413752724262
  0.94139225622660627  0.94662445030653664  0.95186775640319221  0.95714825506761436
  0.96249631203924779  0.96792467734812293  0.97338304461691960  0.97876564233059227
  0.98408988250218821  0.98938280634243692  0.99470472822951417  1.00000000000000000
 -0.00264244459826829  0.00987028082440483  0.02135934474314371  0.03315936691524046
  0.04604752795687891  0.05914754410401486  0.07022384288082029  0.08015262240532783
  0.08983724748296953  0.10003031721769716  0.11035144317627396  0.12010038816116016
  0.13005456817451555  0.14063435863998977  0.15138393848111001  0.16141710646781299
  0.17084093156358884  0.17972825168323497  0.18887035412980227  0.19781042523313361
  0.20759954038343528  0.21801654648823507  0.22831810502635211  0.23837930194256479
  0.24852630341191953  0.25934248666806203  0.27103359976352726  0.28185474611024830
  0.29266963737905544  0.30291974728938775  0.31264186472913763  0.32238471244676392
  0.33189762479798884  0.34173051671752264  0.35149252412107307  0.36130398892566573
  0.37128291276632303  0.38130638760846713  0.39154921357921796  0.40203455949133643
  0.41293384011271655  0.42405788292330981  0.43533305816481516  0.44687981907317631
  0.45800932647396081  0.46800453534991782  0.47783129200893537  0.48801459077465215
  0.49841530902864684  0.50840056180884263  0.51807453236424683  0.52810247339095007
  0.53865787058519221  0.54878312126737383  0.55833516763888269  0.56768207096547652
  0.57716934017616128  0.58653451654867261  0.59581333103164069  0.60520340926488025
  0.61504091043482845  0.62471683753808238  0.63453418767476566  0.64427464860016070
  0.65417108409398261  0.66444769684466776  0.67480367087161630  0.68595642358520337
  0.69759121917901590  0.70980617775410826  0.72086561710323149  0.73188731375035032
  0.74239499747338167  0.75393813822368816  0.76561479989705450  0.77768837118601530
  0.78993010639079875  0.80250451871427497  0.81499252287768353  0.82675921390290452
  0.83814608794582435  0.84929672325591998  0.86021171471980873  0.87116742854252427
  0.88242132052189515  0.89401796492220542  0.90572589590441377  0.91681503490015692
  0.92697324701526806  0.93677013210975346  0.94674253432014155  0.95645419679620880
  0.96646122168620174  0.97644566323133297  0.98746721397957504  1.00000000000000000
 -0.00313957548929885  0.01022316775065351  0.02225020034811844  0.03427430664303073
  0.04689716766185615  0.05965333339459328  0.07186866253699342  0.08337824611475360
  0.09456029430694322  0.10552809174594494  0.11629999912545456  0.12745477094096938
  0.13906925914098309  0.15092298915120864  0.16295403340076772  0.17454379874446546
  0.18574174678185804  0.19718255197320772  0.20864337351650028  0.21913741369274653
  0.22904904400793219  0.23917162329819452  0.24948509643655611  0.25956491936278026
  0.27035051710956548  0.28274160172866092  0.29441652711652677  0.30488029634086811
  0.31481741704357086  0.32478837632389318  0.33432220700311605  0.34344548754497894
  0.35255064386426777  0.36209499546587370  0.37186541520544192  0.38190520480857282
  0.39267591860275958  0.40292986607208614  0.41322582004864700  0.42440889764391193
  0.43622690360017374  0.44812140209313023  0.45966522127194220  0.47093380635589638
  0.48186756393549601  0.49303838558519231  0.50344829494057974  0.51354899080022098
  0.52324649409063273  0.53334433261889669  0.54381007521745717  0.55460060203485895
  0.56524680222566037  0.57554283547609653  0.58624674805050414  0.59664671067163666
  0.60669035166196184  0.61654566933039079  0.62675802302469530  0.63740126822321386
  0.64810133693267036  0.65879206422488912  0.67026823466135732  0.67986767969083495
  0.68975490050308830  0.69874037469867978  0.70807952227666848  0.71727467749866158
  0.72685651789217720  0.73762401137002132  0.74863334935068415  0.75952653786143909
  0.76980048726562578  0.77960746869521480  0.78928445051229601  0.79937720103522680
  0.80924131651177633  0.81914737319347652  0.82882958472594825  0.83883400656643314
  0.84949639934407528  0.86052510141930305  0.87145917878925461  0.88140500939547162
  0.89059391432828561  0.89952034253804569  0.90915434019796748  0.91913119816192179
  0.92910681250181315  0.93859618707791881  0.94860191589990739  0.95877963556753809
  0.96896646032242473  0.97904074324319801  0.98921939363558176  1.00000000000000000
 -0.00300286360460950  0.01013537757084913  0.02216138692577845  0.03370588402907870
  0.04591951510539283  0.05803354423940250  0.06917185514175817  0.07977109248996303
  0.08985065893972957  0.09971442863468358  0.10954851213324472  0.11930839567883340
  0.12923927117061015  0.13843408268115198  0.14748092232294546  0.15765881784567740
  0.16806607517610678  0.17808519406119841  0.18768586377930205  0.19794753102604257
  0.20860266088297122  0.21895753805722204  0.22894765170490716  0.23933211285406225
  0.24998217590661187  0.26022335607351588  0.27078555212737615  0.28185560949240401
  0.29331738279878938  0.30421265614789883  0.31423532629714734  0.32461152711767227
  0.33425809891414654  0.34393095314193173  0.35352606170572948  0.36333321008862324
  0.37362744593006553  0.38407161909481191  0.39406353852218245  0.40390517312434809
  0.41345493668732852  0.42300821929304816  0.43247351677873264  0.44199842802558087
  0.45112896108354772  0.46002379179425174  0.46849115958723375  0.47689252764596884
  0.48616638838715209  0.49633283060129041  0.50678785240671587  0.51730490770145732
  0.52873756057409749  0.54064933322552333  0.55221843349185729  0.56353665682727438
  0.57492685735916516  0.58649641742432390  0.59790926272550304  0.60890864057633365
  0.61973058698594996  0.63104229840540549  0.64287670548741704  0.65462990056474724
  0.66580094052938144  0.67683807616000591  0.68789829040012440  0.69913707636221512
  0.71081197028639043  0.72290583006977693  0.73474096647990594  0.74563362889668261
  0.75663180645394823  0.76745770233163813  0.77797363492759242  0.78794129715262828
  0.79910768187763970  0.81086623963098259  0.82102781007730607  0.83054932238064505
  0.83992267740634585  0.84936396817886861  0.85870732258762839  0.86782523835745495
  0.87747977472253402  0.88787172155275096  0.89872287576516419  0.90985550548659133
  0.92158780359673798  0.93469767238730883  0.94653823937405102  0.95782864231834297
  0.96820241832635134  0.97888964981434423  0.98939879229910110  1.00000000000000000
 -0.00207031491954848  0.00743993053866979  0.01607612290441985  0.02522375261698061
  0.03442330170371934  0.04408255341717826  0.05328736790602154  0.06295055973915743
  0.07268174153228628  0.08312653009079314  0.09491262298572162  0.10672672912219727
  0.11640648674623183  0.12661098094861786  0.13788858672822596  0.14930813882638544
  0.16080106138277930  0.17281903926176020  0.18628889614746816  0.19905118634750008
  0.21048815166304863  0.22073507774549153  0.23112860750489506  0.24129830286030068
  0.25175890153472813  0.26184006411292249  0.27177410070693231  0.28234097409855979
  0.29302846890570011  0.30422541551623633  0.31500826778316637  0.32464200388441955
  0.33473096925804979  0.34537528961712882  0.35653474656212586  0.36716539045842894
  0.37793970493693202  0.38821694046810340  0.39773540073700026  0.40634142107755344
  0.41497939992974953  0.42431599156666661  0.43361710872954917  0.44340208740509285
  0.45347120670878266  0.46404698555144647  0.47489730659118046  0.48591810375179634
  0.49747749647940631  0.50919786031127290  0.52064569235203972  0.53257403004285908
  0.54440836955519789  0.55690867453119508  0.56803155327080435  0.57894989314689149
  0.59080416496240684  0.60289646380527295  0.61430201610873159  0.62494157680634843
  0.63536015535464407  0.64508866350143901  0.65448083198143725  0.66390478662640240
  0.67417118163241763  0.68435655164769382  0.69498693656967769  0.70562918898007188
  0.71651907894561739  0.72776787924499686  0.73926798576181330  0.75108704847171437
  0.76215290719918327  0.77283619542438275  0.78273447479367897  0.79243833675844055
  0.80175189097285304  0.81142004799887646  0.82177714130101653  0.83288980123810685
  0.84340953819466091  0.85429307704671076  0.86337314778269669  0.87357131899495455
  0.88336760446963092  0.89317367038929907  0.90305623541481483  0.91215734442921459
  0.92126442954103493  0.93103309002940815  0.94111888016466194  0.95234010789103385
  0.96380652597189764  0.97583356841366531  0.98809314910838530  1.00000000000000000
 -0.00256573365022442  0.00975590101287581  0.02004875235629136  0.03061728749283511
  0.04094525916087373  0.05083015582457740  0.06110197127808556  0.07155557068792491
  0.08217111786587397  0.09195731793356207  0.10192784173680887  0.10996878333313030
  0.11843142978583678  0.12745048546837179  0.13665388714023663  0.14568211218498639
  0.15509938870831738  0.16457570927345544  0.17462401903003533  0.18527774744944450
  0.19662738674225183  0.20839111042820901  0.22012276181283191  0.23167514910536011
  0.24321652114203388  0.25431670394394551  0.26518323929756088  0.27633467173295728
  0.28797251155008058  0.30007001354063134  0.31251238742816401  0.32457550458211515
  0.33679796877702961  0.34931874515858224  0.36205635189718222  0.37494971086321366
  0.38655007928068880  0.39788370195442740  0.40844196564498092  0.41889557073642986
  0.42959372327706224  0.44075794018159964  0.45178101410743809  0.46305624843443816
  0.47513424847762015  0.48643313639209002  0.49627982515164826  0.50606853740400681
  0.51648550491866618  0.52699312764663153  0.53667818511888876  0.54635537338293172
  0.55590420428796850  0.56510894236912890  0.57401292279297866  0.58350253473845315
  0.59414354149572779  0.60553766257476604  0.61685128228489572  0.62772294752349289
  0.63920744890858583  0.65037554251915641  0.66157897614187577  0.67288133424060792
  0.68393814794231389  0.69480293533443327  0.70580555680445445  0.71728072626413797
  0.72906634518756819  0.74061473145168755  0.75219543130715449  0.76397651582101556
  0.77535298511421979  0.78623378443192116  0.79738244170081862  0.80914322993322496
  0.81963916578507046  0.82945543227298224  0.83890469826346070  0.84847243121936811
  0.85781557401403108  0.86628979533814465  0.87487842537543548  0.88400559510846555
  0.89340145675762406  0.90277114223550603  0.91178946547729389  0.92075260205805975
  0.92955172523118046  0.93851682467595787  0.94801569860439427  0.95789503940120557
  0.96781453389699712  0.97815703716945157  0.98879760301314779  1.00000000000000000
   61.772441035727340       -1.0000000000000000     
 F F F F F F F F F F F F F F F F F F F F F F F F F F F F F F F F F F F F F F F F F F F F F F F F F F F F F F F F F F F F F F F F F F F F F F F F F F F F F F F F F F F F F F F F F F F F F F F F F F F F F F F F F F F F F F F F F F F F F F F F F F F F F F F F
  <DiscreteSampler_grid>
  grouped_processes
  1 # 1 for a reference and 2 for a running grid.
  10 # Attribute 'min_bin_probing_points' of the grid.
  1 # Attribute 'grid_mode' of the grid. 1=='default',2=='initialization'
  0.0000000000000000 # Attribute 'small_contrib_threshold' of the grid.
  0.5000000000000000 # Attribute 'damping_power' of the grid.
 # binID   n_entries weight   weight_sqr   abs_weight
    10   10   4.314697203975488E+013   6.684661275034086E+027   4.314697203975488E+013
  </DiscreteSampler_grid>
