 -0.00299322904345544  0.01057885548579090  0.02218803176576822  0.03336180360962852
  0.04449492881923837  0.05537473900267208  0.06609351724954124  0.07680172077174502
  0.08816973006583334  0.10039115203042991  0.11304288810036964  0.12588623071497798
  0.13898120418406604  0.15214054586329223  0.16449539937449512  0.17617384533755684
  0.18760276406595322  0.19937444612900324  0.21082897516525428  0.22057028058526018
  0.23021633268048422  0.24065836601313617  0.25077010833194796  0.26092307333481007
  0.27108539278213956  0.28288950333505175  0.29574656608988009  0.30644512166097687
  0.31789321916794067  0.32845966969085999  0.33865989789999462  0.34848619299890848
  0.35871669765330516  0.36905658100444688  0.37925653400294274  0.38946076157888443
  0.39905258376415037  0.40945455262208286  0.41971516039597423  0.43108464687580689
  0.44215971240030710  0.45276239728817058  0.46281203304681234  0.47259420392783491
  0.48217579441655267  0.49072134239666432  0.49940924937074099  0.50899113857220024
  0.51896659906699938  0.52929135827898910  0.53969847714081276  0.55099420551548195
  0.56246000692703735  0.57319086189892365  0.58407247350997404  0.59560807267584726
  0.60768566436923444  0.62032562667582769  0.63302164446275055  0.64454848676340781
  0.65492954617728949  0.66389571403953351  0.67240602018001527  0.68086876183041023
  0.68954802040467977  0.69824164184034609  0.70683242374066957  0.71625362323709962
  0.72539378938750743  0.73376286041461669  0.74218758147768182  0.75068010164602894
  0.76212328059726897  0.77389155331725834  0.78532977186844344  0.79657131742415022
  0.80678165035064553  0.81655420788238986  0.82651919741527946  0.83716465185228950
  0.84847374570981049  0.85875090627131900  0.86905615144766091  0.87890316440803140
  0.88892962649302798  0.89948307221083179  0.91023624908006062  0.92068842358615777
  0.93078502701180177  0.94073496110313526  0.95062291931742149  0.96017822556808707
  0.96933080506950653  0.97845803820033439  0.98931054861804901  1.00000000000000000
 -0.00026143569211255  0.00606388986509294  0.01245246733756227  0.01878699767302830
  0.02594674870557694  0.03371523678662511  0.04142202490652504  0.05250402935952635
  0.06320006577178405  0.07387163037790132  0.08452556052239191  0.09486351431532720
  0.10422303868945351  0.11314488291609076  0.12194171932713063  0.13134752354412224
  0.14155766344270929  0.15238029405690026  0.16382221450738885  0.17514687399348539
  0.18635387532766493  0.19719321768023379  0.20780393827000454  0.21804582846418083
  0.22797338300158818  0.23795701487374951  0.24789634747807607  0.25827117895476026
  0.26855326523278633  0.27901365519612475  0.29012207421103559  0.30155674283563894
  0.31282527008314576  0.32316547089481001  0.33289661379761970  0.34245549035044348
  0.35201484401525474  0.36172735904445641  0.37154342978060279  0.38171972769616336
  0.39240156655698771  0.40369566339107715  0.41534779319142756  0.42698982855216250
  0.43807709371771503  0.44830881055901523  0.45794326679793801  0.46715844308581461
  0.47641946071923658  0.48634662855670230  0.49677301223670289  0.50706377996785557
  0.51711846462335154  0.52740200720592312  0.53819713078788101  0.54901114512968874
  0.55930297350354641  0.56911860138460180  0.57888312577649381  0.58889206717498932
  0.59902087825283246  0.60926312741451327  0.61957220739618335  0.63012245530182698
  0.64098436132649328  0.65189771504645022  0.66286952439446978  0.67391068220605599
  0.68542770493227412  0.69745289569790037  0.70955516514369743  0.72177128086277653
  0.73413707590675936  0.74684408593334461  0.75943826077840426  0.77131935763526271
  0.78287791187227085  0.79459243546342539  0.80668178604986951  0.81855473773906706
  0.82955210994524919  0.84031252465475725  0.85057074719633530  0.86038062649416491
  0.87022037614907510  0.88099076531291221  0.89246257472243395  0.90351778055149068
  0.91433651724734555  0.92589652801999511  0.93763894751157173  0.94860690432334838
  0.95974416238204974  0.97183808730422561  0.98509863334104764  1.00000000000000000
 -0.00869902960192505  0.02169643593521404  0.04568345167905741  0.06967295831001763
  0.09299023052094885  0.11517000020052030  0.13573461883864107  0.15519455898047793
  0.17541805492383933  0.19561035104953478  0.21547882518960471  0.23732832545181654
  0.26049823384618054  0.28318970156796580  0.30583398883960061  0.32850385182607628
  0.35122784834920084  0.37402416000289407  0.39678742004868633  0.41953680693000184
  0.44244395175081636  0.46525523813097286  0.48779255503690699  0.51018243501039651
  0.53244468738584516  0.55575909639658128  0.57936812323357856  0.60391885844936288
  0.62884787383251539  0.65553048037857120  0.67226969974913253  0.68050105054836496
  0.69000505308993176  0.69096459933316290  0.69307110185036513  0.69800125764475385
  0.70270616838366240  0.70739110553243767  0.71214419033756948  0.71691517078205036
  0.72172561468315033  0.72660292243934443  0.73148778001461801  0.73632995699020354
  0.74113236949736228  0.74595127887431523  0.75085882468971143  0.75571634121459696
  0.76052884211080063  0.76539425027691499  0.77023985353261160  0.77511549003211466
  0.78000832712757018  0.78487760683522823  0.78970986173321378  0.79457211037156239
  0.79950479882816639  0.80446298498658197  0.80943125710529062  0.81432368314131065
  0.81924628337151872  0.82424519152322173  0.82923295478182690  0.83420727777447667
  0.83927174129640469  0.84430603921159209  0.84933488894259235  0.85437446157368313
  0.85939295150002770  0.86439076096350309  0.86942516215243448  0.87448799285802625
  0.87957658161206353  0.88469527656380786  0.88986847683749426  0.89509946983792787
  0.90040439002351058  0.90562844612616533  0.91076182887815682  0.91588989734817805
  0.92110114933106124  0.92635362570786084  0.93153488379863225  0.93667037664072017
  0.94178416562893430  0.94692495546177924  0.95210161177157848  0.95733922692410567
  0.96261994730984424  0.96800930457320977  0.97339504401837251  0.97874182693225842
  0.98411553167119348  0.98949954943082530  0.99478713247236683  1.00000000000000000
 -0.00289103202332334  0.01098630319649029  0.02125386117676999  0.03210029282108445
  0.04261416609791082  0.05398399511617118  0.06720712035200499  0.08078173231309579
  0.09167054093726952  0.10114537834811589  0.11088038325759494  0.12084105993397726
  0.13078431273145269  0.14052939794089542  0.15052517954748204  0.16169372825578981
  0.17228178372137268  0.18294495225941221  0.19316518151924109  0.20276730016021072
  0.21260768808257421  0.22274994513273902  0.23310478567714393  0.24386858657093474
  0.25500653087683750  0.26769343769466147  0.27791750322937947  0.28775808022857974
  0.29751996953330750  0.30793808008754986  0.31810371030003520  0.32767840329773140
  0.33707084839753509  0.34682860929653891  0.35693577078708127  0.36762540742467342
  0.37883430057941697  0.38986060771604136  0.40046121337445717  0.41045143112119697
  0.42046538352641588  0.43068396101792550  0.44100461261800589  0.45135072736771042
  0.46148149267093408  0.47148921925997300  0.48146357933785811  0.49115919473816905
  0.50079280274879467  0.51061943164926438  0.52121004613985400  0.53342594990687009
  0.54644928604219312  0.55905224181917734  0.57127127603257455  0.58343432960840935
  0.59580841470314738  0.60850721659575036  0.61965552004987801  0.63082154235503374
  0.64196675585969742  0.65298879207588645  0.66388885657756913  0.67442390016718512
  0.68468396972422430  0.69471687220027845  0.70493159045394838  0.71530045717436841
  0.72547741428603840  0.73531990801783520  0.74508426649072212  0.75491493266601739
  0.76476763988886376  0.77457220284049422  0.78402835935344251  0.79411803836370354
  0.80438921568585287  0.81453031545448540  0.82511683408215630  0.83583728792872436
  0.84752209520551547  0.85861881560605846  0.86915307807162379  0.87974688770149301
  0.89045039065188913  0.90064201194279092  0.91000746593287007  0.91903463710363498
  0.92886551873958501  0.93892059846062292  0.94906912718073178  0.95966638911077362
  0.97043089788444448  0.98104487958493514  0.99043417213497653  1.00000000000000000
 -0.00237162857139742  0.00901600301537998  0.01838822933136429  0.02814015194974047
  0.03802921127989931  0.04758863792953632  0.05714794502742102  0.06807285324881844
  0.07966981006054616  0.09349984001924533  0.10640575079110509  0.11898062200371577
  0.13043628444736463  0.14115407647609912  0.15187824467202946  0.16278193883599681
  0.17386019705766007  0.18454671302811776  0.19463464420217491  0.20447393436553088
  0.21448499460595136  0.22539283684800274  0.23694302944753795  0.24838299813772366
  0.25964789593676946  0.27122390458936330  0.28331084428949194  0.29514268744235500
  0.30602288062904642  0.31685269172420977  0.32785001552382798  0.33901126665113368
  0.34975540004794048  0.36016294471044807  0.37053268090543023  0.38104639902267862
  0.39150465506421922  0.40186846859684483  0.41232120715203319  0.42367343476633218
  0.43553269597720856  0.44679153199853555  0.45747823258028730  0.46827253199743651
  0.47920546634948724  0.48989846484088090  0.50032821824166052  0.51153279572527643
  0.52280786576311289  0.53411089710681481  0.54542482551244509  0.55686653315423040
  0.56866241945389662  0.58124338076033610  0.59407693934243755  0.60612983505193474
  0.61749954322305800  0.62774688423268821  0.63717020535217250  0.64628123639688251
  0.65496525586917742  0.66317885696698486  0.67116527468126852  0.67964997647207781
  0.68887637562937099  0.69778361581768533  0.70635556952232226  0.71554540572789771
  0.72526746477596671  0.73470400398564095  0.74356763283121807  0.75306138159856528
  0.76343413411190530  0.77356268089268654  0.78338392394990797  0.79343150520795369
  0.80419122490491368  0.81462795069057303  0.82441790787135871  0.83413568555490891
  0.84389887260951435  0.85367880287570619  0.86358468322937632  0.87373486037275738
  0.88417925062130531  0.89468981096583833  0.90510071137853254  0.91588964565199560
  0.92646693470285368  0.93659649640660758  0.94748926608650108  0.95849852458189533
  0.96920391840767839  0.97974758589940081  0.99000714499853681  1.00000000000000000
 -0.00273384871001160  0.00967023459692225  0.01989919652988426  0.03002664592712709
  0.04089436630051997  0.05235450792882849  0.06369218496237540  0.07473033948084558
  0.08635121607479157  0.09889756447191388  0.11150864068548419  0.12367224998896274
  0.13572069619281149  0.14800476541101221  0.16049047529586005  0.17205017911442955
  0.18234675111662765  0.19289516690138497  0.20376895137349166  0.21481479800636721
  0.22612089837303967  0.23836124863691530  0.25079103759199478  0.26210667619294836
  0.27298348270740219  0.28427841206484328  0.29587419429469347  0.30724273456843781
  0.31815444462055004  0.32874995529091700  0.33966743519072590  0.35083962384877321
  0.36113254172611686  0.37159054567527960  0.38215412209684713  0.39504988558368015
  0.40565750088498048  0.41759645940563400  0.43036976159521040  0.44139240693119969
  0.45071595343178672  0.45965466034664348  0.46957146325087873  0.47959439016352418
  0.48873099976332657  0.49798152601202711  0.50726842589049048  0.51689486728613332
  0.52625319051868669  0.53503378138447133  0.54361903290783009  0.55245850300352473
  0.56155589591065547  0.57091805153786446  0.58041463502548529  0.59091304363192410
  0.60164723796041741  0.61282125504779150  0.62426237616384617  0.63549464122077182
  0.64684515311184054  0.65876190983639316  0.66970161196467815  0.67963083657223589
  0.68903276066683194  0.69825659843565624  0.70750277184086108  0.71655886785673262
  0.72558612941213607  0.73493415940305939  0.74448080208335776  0.75379160772712595
  0.76317037468555005  0.77341196720393690  0.78357955610673058  0.79348803920447408
  0.80299880040001248  0.81264105666124042  0.82275837851701761  0.83289590283997450
  0.84283338003768304  0.85297661626812860  0.86334497441449154  0.87371618283515762
  0.88428617834959511  0.89525471256446265  0.90598282256250640  0.91687138276431757
  0.92745122088880994  0.93800381555510004  0.94831068639488780  0.95801839758455631
  0.96807664045996900  0.97822191738323061  0.98886067870721372  1.00000000000000000
 -0.00342231796508359  0.01222207873095804  0.02428048616372690  0.03550790230576742
  0.04635659046127796  0.05729366713102516  0.06754058000620328  0.07731216424688490
  0.08658593514722014  0.09505175075552376  0.10339796076784961  0.11234040172405756
  0.12156582900469004  0.13199763269868123  0.14171812120478960  0.15327986110079328
  0.16526711278452838  0.17774580506568163  0.19017902093108771  0.20264542997177135
  0.21517717590476607  0.22753779140164063  0.23894676888145397  0.24966680961738880
  0.25978549752339780  0.26964721368396372  0.27951042361673223  0.28954483414257154
  0.29998709814053415  0.31049843916059566  0.32200697132991923  0.33228903465508230
  0.34348792058148792  0.35438842306280355  0.36486686224341491  0.37530026597979105
  0.38575419534679506  0.39600532013522427  0.40562175942633372  0.41536599923390877
  0.42566170524667990  0.43632701189595680  0.44669322911132853  0.45694746830163618
  0.46773613187423968  0.47854380685855591  0.48915300926592414  0.49895741877638450
  0.50791166332375648  0.51656894498475903  0.52483210950078074  0.53312718103250933
  0.54193488414439916  0.55112274576048825  0.56037373964675063  0.57024644705686001
  0.58045826584899096  0.59040765608915380  0.60040605179354789  0.61051242376143799
  0.62070954356942376  0.63069002627207760  0.64036225001601188  0.65004314328070645
  0.66004170639445747  0.67048964469567507  0.68112226414510502  0.69145540043788856
  0.70185155931931398  0.71255417469795901  0.72386701787268826  0.73511242736282256
  0.74670937593525100  0.75946377455745373  0.77227948008380298  0.78398955813043902
  0.79522135390965376  0.80610864063712340  0.81647947406432431  0.82774987523031818
  0.83822644348393649  0.84880238937193109  0.85936078102359581  0.86966900427207383
  0.87989047840480739  0.88960386480818698  0.89975802228584378  0.91048593712741144
  0.92207897215993062  0.93353011536453345  0.94459876879277371  0.95525738416615891
  0.96613625827042360  0.97770291977207380  0.98841848568210933  1.00000000000000000
 -0.00283917557461321  0.01054424934547621  0.02264914481643518  0.03451674238120477
  0.04669217674347872  0.05959483405918366  0.07218935865581562  0.08389751365515813
  0.09465812169739389  0.10503519543052146  0.11536423698344825  0.12519321058425567
  0.13454401222298015  0.14397653550291462  0.15324095163017012  0.16219898104748415
  0.17105790157728062  0.18006793161703971  0.18899664748810990  0.19774906666785155
  0.20665169319899823  0.21634346993344969  0.22655811853065441  0.23649887996378788
  0.24613326103794822  0.25620008889956764  0.26715292993709050  0.27813708067442594
  0.28977606160171215  0.30212814636637769  0.31506209464375506  0.32711513089426014
  0.33828114223778105  0.34790266170936612  0.35732775418064827  0.36611678068035064
  0.37545639916671569  0.38497077866583768  0.39523383758740654  0.40627709212139523
  0.41839627684324232  0.43009849441621434  0.44221723349485859  0.45521664435601594
  0.46735991865840959  0.47905374051332406  0.49039711266971886  0.50063846387764444
  0.51068835101403487  0.52047884749397522  0.52976150924711241  0.53896456016932615
  0.54792582905792009  0.55725614911130739  0.56706443174578314  0.57734159869935398
  0.58799893952740589  0.59952103024491266  0.60966745177413462  0.62018108591402632
  0.63028647872004828  0.64165718703703167  0.65209351212752042  0.66268034865966841
  0.67263907612411655  0.68285003993448989  0.69290766730697939  0.70263829594347305
  0.71244003761769037  0.72244026070333289  0.73194184614225688  0.74174044099067393
  0.75205403836653140  0.76331090349169617  0.77421610763093462  0.78459671851382728
  0.79442266581887033  0.80414146316905688  0.81347306408592457  0.82287352975409911
  0.83299773446186054  0.84372670764750535  0.85454572612702617  0.86483694460624894
  0.87481310209456642  0.88496971918519429  0.89584758038149481  0.90689443209139231
  0.91780630622991788  0.92903609774824425  0.94071552042208317  0.95208144031068886
  0.96293268822096934  0.97419897198779937  0.98629269950529641  1.00000000000000000
   60.133932142832947       -1.0000000000000000     
 F F F F F F F F F F F F F F F F F F F F F F F F F F F F F F F F F F F F F F F F F F F F F F F F F F F F F F F F F F F F F F F F F F F F F F F F F F F F F F F F F F F F F F F F F F F F F F F F F F F F F F F F F F F F F F F F F F F F F F F F F F F F F F F F
  <DiscreteSampler_grid>
  grouped_processes
  1 # 1 for a reference and 2 for a running grid.
  10 # Attribute 'min_bin_probing_points' of the grid.
  1 # Attribute 'grid_mode' of the grid. 1=='default',2=='initialization'
  0.0000000000000000 # Attribute 'small_contrib_threshold' of the grid.
  0.5000000000000000 # Attribute 'damping_power' of the grid.
 # binID   n_entries weight   weight_sqr   abs_weight
    10   10   4.649380741579302E+013   5.438732461859852E+027   4.649380741579302E+013
  </DiscreteSampler_grid>
