 -0.00275123548675859  0.01031851554118084  0.02175063047405447  0.03246811587355492
  0.04310790167831216  0.05273574194684362  0.06202859078880783  0.07087205610179297
  0.07987306275117802  0.08898334200191339  0.09792883723636618  0.10700043194588339
  0.11622946920573082  0.12558618156665691  0.13484683551764284  0.14426363080056878
  0.15388373049980855  0.16379531872753378  0.17403426028966268  0.18451984783710990
  0.19490826425803756  0.20504417171576306  0.21516908812610058  0.22552397854430487
  0.23612385009044873  0.24706224046630004  0.25817482032991079  0.26935271324427823
  0.28080448063867092  0.29259770343804020  0.30458455350941810  0.31538468523219260
  0.32561287420686919  0.33608615769525219  0.34728540691987658  0.35767809139656409
  0.36713884924304491  0.37719460200508231  0.38856260633598422  0.39941119461349550
  0.40917248420522379  0.41914677740481676  0.43002257131137583  0.44044691219702009
  0.45039248866586301  0.46090048135263184  0.47278610752429329  0.48505883422014068
  0.49643812121710484  0.50847560688380544  0.52043785548343446  0.53137052922948713
  0.54177761606748898  0.55205814042349699  0.56243381975795192  0.57234377670875181
  0.58203446527832159  0.59139843221926847  0.60035471232001603  0.60941961130340871
  0.61869803151275982  0.62877960540370303  0.63979886077863046  0.65067887572048067
  0.66220674932770207  0.67319307856145505  0.68428212671974309  0.69541130707595755
  0.70680178942020122  0.71883467099842713  0.73059107655941291  0.74197541234433251
  0.75235117341051061  0.76254652457317618  0.77298938806898010  0.78375512923179047
  0.79497771415220031  0.80623012047429377  0.81862605421974821  0.83144098693246515
  0.84222761154206616  0.85230438937882957  0.86304312278555129  0.87372528514411230
  0.88453949657800934  0.89494723432532142  0.90718356981085413  0.91933134943771877
  0.93079699294787932  0.94147973732227663  0.95092199865730465  0.96007965982967680
  0.96929271008350459  0.97880337263705564  0.98909232484839493  1.00000000000000000
 -0.00097426342933100  0.00688341322005823  0.01523266646114909  0.02416749404032657
  0.03386913055534811  0.04404604104879226  0.05442603594540276  0.06487320775919843
  0.07393299975608131  0.08316984556023987  0.09207543468789861  0.10153165911652072
  0.11092349672221535  0.12045838795904439  0.13060976851048825  0.14285010647587529
  0.15336680826222485  0.16361250064865016  0.17340909370103721  0.18323252704213941
  0.19331243421898617  0.20400457759901267  0.21461350917900784  0.22484824818776306
  0.23454978756341091  0.24418896471009333  0.25466439814860387  0.26531350720065794
  0.27560508868118377  0.28562322367466464  0.29600383915050260  0.30676311632796233
  0.31729396632062978  0.32754202804369825  0.33821151115908371  0.34886761019611173
  0.35937086824146774  0.36986699614775970  0.38032709690824118  0.39073352150429480
  0.40070050289453429  0.41039604045314365  0.42020247559309487  0.43016873723106147
  0.44048747468305083  0.45027403980534575  0.46017389331038505  0.47048385700090195
  0.48107650002745650  0.49116707356079248  0.50119241425373229  0.51161417548104482
  0.52185547503173413  0.53194974022941155  0.54186428153841792  0.55223828187655188
  0.56260327781767405  0.57263424482428560  0.58289156668949960  0.59351670937074563
  0.60468054348487354  0.61625077507126125  0.62841953541695916  0.64170461605064666
  0.65415973572809394  0.66589245625940907  0.67772776450158267  0.68955890017371213
  0.70105465483035501  0.71304088439730062  0.72566635340600283  0.73834269173441669
  0.75062434787516541  0.76224736589086750  0.77304309135632265  0.78362754540729540
  0.79376404321630789  0.80394465428662032  0.81431299477244257  0.82456899015996454
  0.83547229247906951  0.84571876461804696  0.85620314444699275  0.86656710317104235
  0.87652792318956518  0.88619090427951464  0.89577519764084124  0.90534971560627309
  0.91505886981416218  0.92502961281590512  0.93511811850265780  0.94555762723012682
  0.95641348632194711  0.96819080216656650  0.98235180619318874  1.00000000000000000
 -0.00823878909942821  0.01823299060279083  0.04227722728076038  0.06645351095232714
  0.09056312324929792  0.11459067794604767  0.13540606668369140  0.15525402417968379
  0.17565421483181617  0.19576490969673732  0.21560978147854795  0.23701650676625283
  0.25873337606188701  0.28088515922063634  0.30309432306918443  0.32536736251187892
  0.34766053096335209  0.36996328480440854  0.39230957293668628  0.41462234454843722
  0.43688258507166838  0.45907924571652392  0.48124917679600371  0.50330507709002426
  0.52508437921588191  0.54610141082975305  0.56819149667176683  0.59157919490793398
  0.61571685824247824  0.64039208621907462  0.66374862738189067  0.68411845450860398
  0.68747507500040483  0.69056963539531435  0.69220455102995349  0.69633985212908667
  0.70118336116976776  0.70590477999448398  0.71058377817991214  0.71531898647607550
  0.72014395876537740  0.72498134188817254  0.72976587635346557  0.73447834725227201
  0.73924479615814120  0.74399434350418381  0.74875615221864655  0.75358495467888664
  0.75848137982230168  0.76341737969230583  0.76830550538710907  0.77313076227193667
  0.77800642227064809  0.78296292877097950  0.78793265288905689  0.79289269046090638
  0.79781455767213838  0.80272007186933447  0.80766479913849998  0.81268195119608244
  0.81773005303516588  0.82273535734123382  0.82774874771740570  0.83278916017585780
  0.83785913487993757  0.84290844410579047  0.84796036235899153  0.85301284251557241
  0.85805757740918831  0.86316522581694777  0.86830582671981060  0.87341663642534795
  0.87860024166260331  0.88381497058288128  0.88898735661020800  0.89413168659729203
  0.89935240616318990  0.90453675211775919  0.90965693434134620  0.91483672728166165
  0.92002798559925325  0.92521987870547784  0.93046620259941193  0.93579422726836914
  0.94110111578004596  0.94636236375216165  0.95162818179165132  0.95698030888526275
  0.96236928170543612  0.96772162108332638  0.97303150177379327  0.97836149391863858
  0.98370797631631690  0.98910451434327618  0.99455446269236814  1.00000000000000000
 -0.00258215388984302  0.01024843009255369  0.02060112925166378  0.03143673111116454
  0.04233229803120718  0.05381651299085490  0.06565138221603171  0.07720292155516044
  0.08848196302448595  0.09886590739778719  0.10901292064164025  0.11879116946034531
  0.12878758678520805  0.13892350518066493  0.15027633260493806  0.16170592447605842
  0.17231008770745143  0.18232650612065213  0.19255470254382509  0.20266245471915426
  0.21258682702463350  0.22210392753313121  0.23193012982612207  0.24082468961821563
  0.24952322544410765  0.25879945922314246  0.26826600738750372  0.27857317227254214
  0.28835074750985784  0.29845564632460930  0.30904702861788463  0.32040405243355191
  0.33175954722704121  0.34209498771333141  0.35216282133846666  0.36275790158544136
  0.37322658514335827  0.38296714983802088  0.39229666430009247  0.40196121508089844
  0.41287402835333492  0.42509101895169565  0.43849983794052949  0.45178509501238368
  0.46518780417003269  0.47790690258961599  0.48897161065731037  0.49977811954925139
  0.51026268065697089  0.52143593982718306  0.53239880184407862  0.54342176344664228
  0.55552464112836530  0.56679699801884975  0.57795317250351597  0.58930277350453208
  0.60061098292025228  0.61187096334940672  0.62308735937656334  0.63417788346231152
  0.64523350072004504  0.65650255695621895  0.66799477010773090  0.67934347844031928
  0.69023003116913650  0.70055052390539696  0.71072033765986042  0.72095541098003391
  0.73096107676204947  0.74068462850013195  0.75027268705611849  0.75996431920423402
  0.76963900152019937  0.77879352962015946  0.78725456615988854  0.79602132114133473
  0.80532416360557413  0.81498820846062026  0.82503383572880451  0.83555454264858520
  0.84679016703512888  0.85793892262741722  0.86905425177813578  0.88054718641457141
  0.89212154528301735  0.90365930350310208  0.91479672792208255  0.92575714192446179
  0.93613280867685789  0.94655876037630282  0.95677065538508377  0.96604548922616928
  0.97455741982869415  0.98295609564455666  0.99134174687806509  1.00000000000000000
 -0.00242438456693878  0.00931641982649196  0.01969003692397287  0.03088085154354821
  0.04234999404354202  0.05295807001250013  0.06266046407214766  0.07248807319483939
  0.08260468794437993  0.09226680576984791  0.10229453275018711  0.11296739101355742
  0.12350102902478124  0.13445704599577760  0.14544604616765328  0.15678718862807556
  0.16800818532155343  0.17900415833731131  0.18966069323273807  0.19958979240340205
  0.20948870112247941  0.21950676682142509  0.22949207613912528  0.23952871445701379
  0.24973958418624029  0.26038992534130190  0.27097655490196476  0.28076709404648503
  0.29064977097306555  0.30064440871667042  0.31062553078310906  0.32046341935771822
  0.33041362967619348  0.34083028870566456  0.35090756482990632  0.36009293468889697
  0.36885551940487121  0.37801074502194587  0.38792526739149658  0.39817022479527298
  0.40826956593560182  0.41808824277267181  0.42812327686910839  0.43851407193261432
  0.44888803226887281  0.45872952169831221  0.46809746144772840  0.47785482237259197
  0.48933085744750698  0.50134296953292101  0.51399323619977111  0.52709551855743697
  0.53995576205192042  0.55075240823897309  0.56073815990283371  0.57056628573855905
  0.58003884885056778  0.58994483993833979  0.60007465986211661  0.61163469192761710
  0.62288329762868788  0.63360018079415847  0.64439406091066076  0.65564081583091860
  0.66715517009897374  0.67850947357231672  0.68999719527483960  0.70175500511697775
  0.71333469100181079  0.72481271232099331  0.73618746662126477  0.74729953932425319
  0.75809274970952212  0.76872655146992452  0.77959521421458766  0.79060651240607283
  0.80165480115525722  0.81227942362127636  0.82251162005422929  0.83276297467567706
  0.84287510096362506  0.85247846085462453  0.86166247079826075  0.87067201173190722
  0.88007757372546247  0.89015648448880413  0.90043572138941053  0.91055166671458199
  0.92080849688711974  0.93160599343463002  0.94311570475017592  0.95542064464555965
  0.96781501371756351  0.97930596528704539  0.98989853771401182  1.00000000000000000
 -0.00276617578900886  0.00984237164239700  0.02137428791947174  0.03283115457112395
  0.04482226956440315  0.05718134249944339  0.06912377847029491  0.08026532943063808
  0.09129909007757234  0.10190527184803357  0.11154557779907653  0.12047689394383100
  0.12968893574354851  0.13948643796122726  0.14988702810603974  0.16033850621136728
  0.17117973161343120  0.18272294695981461  0.19416097382530401  0.20550006039530280
  0.21695917047317534  0.22826447944302147  0.23960127852046825  0.25090097044670562
  0.26190383064960504  0.27269394017303072  0.28338871011568983  0.29370868847321041
  0.30413727759090931  0.31448356137648581  0.32532493306861587  0.33612038630400221
  0.34722135662214221  0.35827659446817639  0.36981073651269802  0.38100513642270084
  0.39300246755375773  0.40363514013385687  0.41442409614709086  0.42506855165302976
  0.43599315412482359  0.44679418389584086  0.45745121898363611  0.46811889618036384
  0.47844657600743096  0.48869621741033575  0.49921548916734321  0.51031661474587131
  0.52119026513819233  0.53148346420704329  0.54123515586457971  0.55093321981549082
  0.56084211792640604  0.57138700315155744  0.58225350525092456  0.59316549746897673
  0.60413971283040258  0.61368994289003032  0.62381767172555858  0.63415106580016511
  0.64485583404315516  0.65467955954457269  0.66475393671827598  0.67649201278781645
  0.68913817923496434  0.70023282786424579  0.71051379348227939  0.71997646836594986
  0.72966429802137389  0.73978718138828081  0.75120850047805166  0.76341610310236230
  0.77539660910210062  0.78673277256814511  0.79749528369991785  0.80818649911448681
  0.81842074832184386  0.82798917925773563  0.83709545030475474  0.84583084377281714
  0.85452974874428300  0.86325971768184540  0.87233366928034384  0.88155441938878742
  0.89058546598527111  0.89989079519582249  0.90981910238556896  0.92033585209829005
  0.93114664641396439  0.94128627922457242  0.95086570370673762  0.96045201842514860
  0.97046259556378067  0.98058272815603154  0.99035022773360315  1.00000000000000000
 -0.00276650265625859  0.01094262073513489  0.02179436660450602  0.03211668601542692
  0.04220053440701758  0.05252988807522471  0.06361559390020577  0.07404824155303315
  0.08445717607923169  0.09454677985970394  0.10529793185454280  0.11688963244906918
  0.12764142245906285  0.13800969280471184  0.14868964645769206  0.16002463158377683
  0.17065220006454521  0.18165196516982496  0.19294699257338591  0.20471813550102333
  0.21537203653954298  0.22523292387446195  0.23476867947259852  0.24445681002705419
  0.25549094865140404  0.26634627277305234  0.27662974861500655  0.28704735591146030
  0.29788607496869274  0.30916340955162158  0.31988874206154533  0.33054047714205842
  0.34192683984990929  0.35414446792093274  0.36722414926436636  0.37891472601490461
  0.38910171399272686  0.39864749214314243  0.40711573879985619  0.41641251018870212
  0.42559573997698347  0.43471562674984759  0.44395007553387916  0.45309965759374027
  0.46288172137806144  0.47341232109859577  0.48459584912758635  0.49629132939760623
  0.50773578213689652  0.51918095022656707  0.53160952014981488  0.54343960108475342
  0.55393697229458394  0.56380980724644125  0.57309358286248846  0.58267258868085092
  0.59168655761146682  0.60041254479546236  0.60951809784983435  0.61885449804623782
  0.62860931571962575  0.63879635331197238  0.64920591892600865  0.65965834309744897
  0.66969994249225495  0.67964849001392191  0.68984598803587194  0.70027757075993136
  0.71098263423187580  0.72181827375413765  0.73276996924885740  0.74344405179729245
  0.75322480546745629  0.76354063893815405  0.77370769210738777  0.78433523966315244
  0.79532954210315132  0.80655438852196915  0.81781495458718967  0.82897387526410560
  0.83973515695612122  0.84998527898484166  0.86004615304674836  0.86997282974914769
  0.88052111643375586  0.89176342216333360  0.90319970967654861  0.91420507549465013
  0.92493927341237658  0.93570031130967890  0.94666583822542516  0.95766925024782856
  0.96761957746562610  0.97817361225590804  0.98818614771659263  1.00000000000000000
 -0.00192719614433007  0.00763807287281918  0.01618238119897666  0.02571417968148088
  0.03496514301322044  0.04411481560410247  0.05333922350135997  0.06333550409402162
  0.07399729537458143  0.08416203725698883  0.09323298992391696  0.10222321639478021
  0.11174687404726973  0.12200521826166341  0.13248909459403260  0.14284743615635753
  0.15272683266718148  0.16230514329931867  0.17154228458022436  0.18048241036522170
  0.18992906114218897  0.19989393024142788  0.21069614082722060  0.22193346429391467
  0.23328723896239492  0.24420870389013719  0.25512155449045698  0.26603337022527040
  0.27650317167995153  0.28736454707459291  0.29809377256697200  0.31037990575805896
  0.32129415462447836  0.33200918613197983  0.34192888104033908  0.35160787788513415
  0.36190954131249881  0.37282530570405825  0.38416853829410708  0.39620367374505050
  0.40851968990681098  0.42046953617509331  0.43196571321882882  0.44317981063691825
  0.45455895594933104  0.46661915270667270  0.47851091639069654  0.49004564761921782
  0.50102856824317232  0.51182077361827660  0.52215034210293554  0.53201028600701983
  0.54206140906069322  0.55290373394246728  0.56436144864140259  0.57577107210765810
  0.58704672353342224  0.59850441647844266  0.60936006798515929  0.61915302512474391
  0.62830681062693816  0.63732110034354283  0.64653011786686065  0.65598189983594546
  0.66586430596435719  0.67578775413703995  0.68506636184544378  0.69416924806206848
  0.70344839438482554  0.71317184017343960  0.72330418287937914  0.73421397307593594
  0.74572893514134597  0.75688510961788169  0.76755087609840378  0.77791649327217338
  0.78800753312190575  0.79780040368748673  0.80735525485173176  0.81744084546171392
  0.82817653672102609  0.83908047076597603  0.84992594992632087  0.86131217709990837
  0.87393027357043374  0.88634544196334208  0.89813978060877375  0.90967670694098079
  0.92115173155316299  0.93356478417315691  0.94647954973583082  0.95834382219598713
  0.96912626354397691  0.97940338375427771  0.98952038918853602  1.00000000000000000
   60.813395066505535       -1.0000000000000000     
 F F F F F F F F F F F F F F F F F F F F F F F F F F F F F F F F F F F F F F F F F F F F F F F F F F F F F F F F F F F F F F F F F F F F F F F F F F F F F F F F F F F F F F F F F F F F F F F F F F F F F F F F F F F F F F F F F F F F F F F F F F F F F F F F
  <DiscreteSampler_grid>
  grouped_processes
  1 # 1 for a reference and 2 for a running grid.
  10 # Attribute 'min_bin_probing_points' of the grid.
  1 # Attribute 'grid_mode' of the grid. 1=='default',2=='initialization'
  0.0000000000000000 # Attribute 'small_contrib_threshold' of the grid.
  0.5000000000000000 # Attribute 'damping_power' of the grid.
 # binID   n_entries weight   weight_sqr   abs_weight
    10   10   3.476053137492898E+013   4.353840727668811E+027   3.476053137492898E+013
  </DiscreteSampler_grid>
