 -0.00222398528050320  0.00916527355294327  0.01920070894938261  0.03006518683567053
  0.04097460507370120  0.05354504513651145  0.06591030040758659  0.07768102533504410
  0.08826613375906357  0.09804875143207535  0.10733114700162714  0.11632742196714067
  0.12542465256086929  0.13473777642062568  0.14454879399294843  0.15418401005030413
  0.16360447843700593  0.17339222170248517  0.18401264115678589  0.19455847246255814
  0.20564318070116550  0.21705451578758786  0.22935979467400197  0.24170977268809657
  0.25453094672100862  0.26733056627858781  0.27836055477833055  0.28859191066968709
  0.29857535523468531  0.30861913102006405  0.31788179085677931  0.32634537827905252
  0.33465720398787163  0.34371925931282110  0.35282842827005756  0.36263698331842392
  0.37186262119374647  0.38092123469178579  0.38992890571535127  0.39945380029333127
  0.40940091026871767  0.41948298484821916  0.42968721518212072  0.44054935630845449
  0.45250851140373544  0.46470882928735563  0.47647471724860979  0.48825634431350307
  0.50000272135004398  0.50974554893033763  0.52026023111454212  0.53082631051148577
  0.54181558510874051  0.55287366334397126  0.56453629724302801  0.57658210697183687
  0.58901021578911394  0.60106905821836898  0.61248527479408532  0.62354098776653577
  0.63443872665346346  0.64540525002673932  0.65633184625104646  0.66693647470898876
  0.67676569170764289  0.68610321076942038  0.69554234829045680  0.70489266824809071
  0.71392667686295941  0.72250061506020324  0.73082099996242122  0.74127242921318548
  0.75166585874655967  0.76213347433503320  0.77279140954809766  0.78427062047007690
  0.79608391621290309  0.80735280558615563  0.81749007328943590  0.82676945523727641
  0.83587875746390050  0.84568157927504028  0.85553359802946405  0.86576420952272681
  0.87553751488436582  0.88642900347820397  0.89788341160368457  0.90987932468754784
  0.92248393221498926  0.93518327838254212  0.94774896644961371  0.95927942895918716
  0.96957736584600174  0.97944865872470277  0.98957677070531058  1.00000000000000000
 -0.00099595151082757  0.00645638083728830  0.01427724266293178  0.02253039273076823
  0.03131384080155988  0.04081455930755648  0.05118194430157585  0.06161243174581216
  0.07221321739094463  0.08300611590247217  0.09391042948429063  0.10485511248886561
  0.11481115641202390  0.12458098516518798  0.13360798031400958  0.14278333374304369
  0.15234192531271873  0.16275089781678309  0.17266161308501135  0.18250955682833592
  0.19282551827249061  0.20315821608554629  0.21283516994144133  0.22256639196842665
  0.23311442621418060  0.24582331948519581  0.25799573179520940  0.26939821141157899
  0.27990192841645400  0.29000282872842770  0.29942067747503065  0.30885047484278710
  0.31844510420283928  0.32799084034129594  0.33752785733241364  0.34729403623981187
  0.35768563857776742  0.36809628805869848  0.37781974136606322  0.38719019923978693
  0.39746891754377828  0.40861728970958339  0.41845608200032675  0.42748845937348823
  0.43664525046330882  0.44664235041222078  0.45718096118464729  0.46766931441945248
  0.47775513290901611  0.48736610080126613  0.49683431064215122  0.50656254458602445
  0.51672739614080732  0.52731199865365252  0.53773878141936493  0.54827771971435435
  0.55864107253337569  0.56903509730980817  0.57932132792804369  0.58934296921822016
  0.59900401388521840  0.60894154308706649  0.61892890237279918  0.62889088377409930
  0.63863903654576526  0.64879965086663927  0.65909625531642424  0.66926548163260891
  0.68003480237764435  0.69186446519340716  0.70509396658394385  0.71689542677908324
  0.72737887400763901  0.73765320839301007  0.74769077347001645  0.75793417299255017
  0.76815285071380657  0.77893081437208733  0.79031257498241836  0.80239446338841325
  0.81499216977053823  0.82757809825157702  0.84023215540816742  0.85211569189841019
  0.86314790111622464  0.87392052159905131  0.88548248622051806  0.89664874230571268
  0.90728114401631743  0.91821233752057652  0.92993764263743528  0.94222063222132046
  0.95462463990907953  0.96722985010004836  0.98171882467831040  1.00000000000000000
 -0.00791069800981891  0.01722228537976214  0.03985954864427774  0.06262729698324965
  0.08555717619954892  0.10868871877718293  0.12877314432617373  0.14781292214058722
  0.16736936541624675  0.18689577274937955  0.20639176653035327  0.22726486913046728
  0.24871358878212119  0.27159529191399612  0.29426454373371519  0.31672579775170112
  0.33919234444168067  0.36165958785074881  0.38404606701691829  0.40638865785621098
  0.42861416012547138  0.45098381851695712  0.47348655991732624  0.49608686429507975
  0.51870944406323261  0.54101861763850523  0.56397822179291823  0.58889622636639971
  0.61429151168729423  0.64036956358714259  0.66128006977225040  0.67843351758891424
  0.68591123132385701  0.69035416114575843  0.69177009662577427  0.69557258779198350
  0.70042911986091538  0.70520505083219587  0.70995482794384046  0.71465283666835966
  0.71935852384672672  0.72421077427866420  0.72905735735101274  0.73384631958139157
  0.73862173453431512  0.74347768212764720  0.74838340547930771  0.75327140180609309
  0.75810969328451971  0.76298596862729096  0.76787587038063243  0.77269985944477737
  0.77750926855071123  0.78238441528283287  0.78727491540567351  0.79213274589213989
  0.79701101016878373  0.80198546507325763  0.80697674224350302  0.81198892060609429
  0.81700451392925844  0.82200336558022025  0.82692907015550443  0.83185981704130052
  0.83683814451350180  0.84188125603565800  0.84692709033890601  0.85192392150741669
  0.85700106129281362  0.86208145752794718  0.86721266694126897  0.87238465239376561
  0.87758656316995065  0.88277531043192214  0.88793657228668965  0.89306557276899146
  0.89827225541763067  0.90353269527762259  0.90878968719669595  0.91409076546742174
  0.91945621541533440  0.92485193736224258  0.93020674726403396  0.93552711041483538
  0.94083245573976204  0.94618292139430304  0.95155713016733656  0.95693451314782307
  0.96232756808708431  0.96772041073680592  0.97313962684839062  0.97857871601378010
  0.98400818293286163  0.98935617397031494  0.99467217931676621  1.00000000000000000
 -0.00299143502916171  0.01010729395349209  0.02172869932151556  0.03311148792757498
  0.04348724203559769  0.05305967838785847  0.06248404404157115  0.07179233779562300
  0.08142909593087741  0.09135718164403983  0.10124224598376502  0.11236436453800595
  0.12307560932536864  0.13498169842567362  0.14659119242608670  0.15783217299617125
  0.16850028722580138  0.17883223869641529  0.18874193864636607  0.19839706873379351
  0.20813035608491445  0.21808544880035266  0.22805162801829493  0.23816585496848630
  0.24889054691655840  0.26081336927929483  0.27276528045717163  0.28400559240239326
  0.29357970352119794  0.30215115323628178  0.31057568519564216  0.31879723799090887
  0.32693318886457973  0.33574411586806752  0.34503713823380472  0.35461419816944217
  0.36544337298193119  0.37707009188819562  0.38922579179680467  0.40079636410937242
  0.41186711004364068  0.42294382619609155  0.43357843480257369  0.44393015734161423
  0.45434957383506308  0.46551730652894796  0.47658153386339636  0.48772268153735032
  0.49887038202006945  0.50975580680569543  0.52055719922574994  0.53114123595648399
  0.54164902549245530  0.55209312717624048  0.56257253687199571  0.57322119137953276
  0.58397574761642790  0.59517515477560312  0.60488121942478301  0.61459641416560651
  0.62422739297818775  0.63466680851027080  0.64606342520517990  0.65782621627740268
  0.66929963840262563  0.68020898256904649  0.69065511367854038  0.70051538595311835
  0.71034959590666225  0.71957817188594597  0.72917853721734738  0.73860572942650693
  0.74883750380820391  0.75986435983460821  0.77070029351807545  0.78074938276453476
  0.79055161178840061  0.80095555114556982  0.81137647221595521  0.82107898304897498
  0.83090701276159873  0.84161652211790039  0.85348204780921288  0.86539778281988311
  0.87711141270278181  0.88929607034065672  0.90146243475540300  0.91343062022651877
  0.92629472299393045  0.93848709572935374  0.94937240190817862  0.95957863226763240
  0.96936004112157870  0.97926604948089735  0.98925251893160548  1.00000000000000000
 -0.00387625398309113  0.01321714902738059  0.02810061013610854  0.04167132352014261
  0.05426720324985266  0.06547698621804288  0.07596712560799637  0.08686066032344532
  0.09790138902387187  0.10882225001640361  0.11992442338688077  0.13168198364027459
  0.14377531757154455  0.15439684957294222  0.16416902420391927  0.17394380681544599
  0.18424692072672202  0.19496208068411647  0.20545591749823783  0.21591033077879773
  0.22673675740796753  0.23782507159355082  0.24990975506566276  0.26063614145421615
  0.27167871742535554  0.28176478080033823  0.29172711801445117  0.30114167025593158
  0.31059092879645334  0.31973702378950158  0.32906208029134476  0.33795009469651255
  0.34686352821394661  0.35613762848386504  0.36543570237038658  0.37473556840821792
  0.38401510849714426  0.39338514151958376  0.40335768469389649  0.41389304527729509
  0.42448034094788345  0.43515867679093956  0.44571693836871046  0.45636906382763121
  0.46750439605828298  0.47893271415239314  0.49012624921039405  0.50117948204328810
  0.51233972378583403  0.52322595088022561  0.53356869523119099  0.54377400170320189
  0.55403479277443790  0.56401042754705466  0.57362461806700260  0.58360570783722943
  0.59480658408112119  0.60619941931623500  0.61710113054385340  0.62793704540853279
  0.63910992575212144  0.65032186444669104  0.66082863197926622  0.67038173697626502
  0.67932403857487389  0.68820357275410859  0.69703139222770738  0.70620202762309514
  0.71594826065538286  0.72605803621569687  0.73618026909573664  0.74564392269149393
  0.75481910226743587  0.76407089091918612  0.77319492723832739  0.78387252196938328
  0.79447818924142888  0.80711664945616035  0.81949276182511255  0.83204245879856353
  0.84360426157054935  0.85501544968680887  0.86673376043215389  0.87823045992424698
  0.88856591202857893  0.89876200736219358  0.90910262363409478  0.91940181369697760
  0.92983066199971198  0.94033350028151630  0.95137573087749661  0.96225462037463960
  0.97233431751867372  0.98180870514767471  0.99079583463067711  1.00000000000000000
 -0.00240812544336956  0.00953437838429957  0.01904748967519812  0.02973770262440709
  0.03933219696929479  0.05035693851851965  0.06109286712423669  0.07170693900888857
  0.08228888426887453  0.09356545484926769  0.10439497641741005  0.11450718239877758
  0.12412433364057775  0.13397040506001739  0.14435904640390598  0.15468112474629528
  0.16570516081218331  0.17775605069411771  0.18960297835515555  0.20076933742554917
  0.21188598027650452  0.22371832785096044  0.23471359336586292  0.24522917126639063
  0.25574851340866711  0.26581536033671682  0.27559724940718289  0.28578936421047807
  0.29693122596822985  0.30911827711474194  0.32043790681203821  0.33141056756045356
  0.34163429134736778  0.35129701436254956  0.36078631763482100  0.37027376670861811
  0.38013280312536840  0.39007499881878044  0.40149520042346587  0.41393857835525782
  0.42611585599652818  0.43795746463768620  0.44926488103824197  0.45927464776853250
  0.46844777604207383  0.47740001831528972  0.48677756227130187  0.49602027787504649
  0.50531513450509569  0.51475479001459945  0.52497258536784797  0.53689673757829659
  0.54895585982400930  0.56087504716599201  0.57124484019604305  0.58129415581253940
  0.59141600227900515  0.60171936259507142  0.61216692723658650  0.62325171818048741
  0.63543921740606091  0.64726116216680818  0.65806540440048178  0.66842278689845869
  0.67836792810879021  0.68814617900441089  0.69778012070114381  0.70743110032242240
  0.71648097809776490  0.72555224365917992  0.73526389504363765  0.74566347248975173
  0.75655237309253609  0.76812808337213545  0.78021241067949443  0.79301171343025767
  0.80380635190086291  0.81486833788500712  0.82536856117885604  0.83590966225708851
  0.84603794948699795  0.85615472809544579  0.86602761000575823  0.87642966976619807
  0.88639084369206900  0.89558677994134461  0.90429026528486722  0.91315321798147919
  0.92274123684919807  0.93425122651568282  0.94578234433673936  0.95789797770162954
  0.96878335562511686  0.97962603565855400  0.98949041274922878  1.00000000000000000
 -0.00264817243054269  0.01024249297994876  0.02109004658715356  0.03147879446185996
  0.04168698979708887  0.05195543265810904  0.06217874052440801  0.07250065685333577
  0.08318505228986189  0.09417776049475583  0.10435378318946967  0.11349352924706782
  0.12262315366123878  0.13226206433838938  0.14223233929588283  0.15211829807483068
  0.16238830749579181  0.17353562497773051  0.18527613872403689  0.19591605830182462
  0.20632091008986947  0.21676484557001685  0.22670548184716302  0.23632404509000138
  0.24601740788234128  0.25662711671156996  0.26786447429924631  0.27905703910089252
  0.29019942700255802  0.30161636008183129  0.31331903759477692  0.32501022628569792
  0.33655243204364055  0.34777216089897084  0.35823689479007259  0.36830968802664865
  0.37864573637159682  0.38939604357326074  0.39983152299171554  0.41029492121382921
  0.42085710114373376  0.43165340959505794  0.44236278208647695  0.45319272737340771
  0.46451680210464186  0.47623492642399906  0.48819326469563173  0.50012644556757191
  0.51152982216169895  0.52242179362636010  0.53342366973812660  0.54498290902479329
  0.55710756784329685  0.56973684736150354  0.58132283240318738  0.59261340566748755
  0.60386296778905668  0.61530606200030569  0.62623727763632320  0.63643045311021240
  0.64630363876195351  0.65616388838447770  0.66611087446066042  0.67595416368102101
  0.68551351739492172  0.69458640280213479  0.70322785578880065  0.71185930961175792
  0.72061352505327336  0.72942057856329778  0.73828832949387768  0.74670125976536306
  0.75667968720949674  0.76744117117736388  0.77699741473477701  0.78677674605769210
  0.79621794976843052  0.80553210574253908  0.81457733554678713  0.82339656629860891
  0.83231437988090284  0.84202734293939230  0.85269552107602919  0.86447439408053606
  0.87656993330972577  0.88800135360159138  0.89941093840574127  0.91039349715918783
  0.92156706229632279  0.93238363020722759  0.94332481149925906  0.95438401774690995
  0.96587724537582231  0.97713465928783083  0.98855687881951360  1.00000000000000000
 -0.00259347688976037  0.00890987228124820  0.01938736222433710  0.03050906809238147
  0.04225551458976284  0.05421702965535053  0.06627984365321440  0.07820003879927277
  0.09019526966571169  0.10179900266778794  0.11245402566661418  0.12281346021692163
  0.13262974548535034  0.14245266431967885  0.15173448469324705  0.16100311379920640
  0.17153981880171992  0.18248622400246256  0.19383452657892275  0.20466182740913832
  0.21654272164976435  0.22865916433608655  0.23831711721196458  0.24737424754318527
  0.25530973382013950  0.26360880007823739  0.27313659538609608  0.28272029124073889
  0.29219985187875008  0.30190937460041556  0.31178075273311284  0.32269161486245979
  0.33440774703013587  0.34571761490869657  0.35726167441472745  0.37018131335295884
  0.38248078444246236  0.39332261075400471  0.40321910437847291  0.41274883050336386
  0.42202637348115235  0.43193836340525738  0.44194429718093070  0.45274467392129586
  0.46496351771854832  0.47741144012873105  0.48872659188287715  0.49914475073256026
  0.50945418248653629  0.51954263325591299  0.52982293517841728  0.54024886840148001
  0.55113989681191489  0.56183576946727221  0.57100583203149913  0.57920793329818743
  0.58716557111280476  0.59521132565312684  0.60386702939553560  0.61345972532341253
  0.62388172451017088  0.63509981725021691  0.64710355368198413  0.65838694675290055
  0.66966062065566745  0.68107816939894450  0.69188019129843270  0.70146771702885291
  0.71092279762867705  0.72030359733959493  0.73011538525634367  0.73975328445920840
  0.74946876592983591  0.75966725992146777  0.77052058324692807  0.78167139267871000
  0.79334331606615260  0.80547462043918705  0.81752982950589204  0.82924518291972971
  0.84021576127442354  0.85079720119042124  0.86161701960930015  0.87246416402936577
  0.88348856235611994  0.89465358954331398  0.90630090853031786  0.91775636123691173
  0.92995443886987239  0.94082468752877402  0.95077521923366681  0.96014513341799090
  0.97100134489270662  0.98120632683918074  0.99084279445944001  1.00000000000000000
   61.864970087331926       -1.0000000000000000     
 F F F F F F F F F F F F F F F F F F F F F F F F F F F F F F F F F F F F F F F F F F F F F F F F F F F F F F F F F F F F F F F F F F F F F F F F F F F F F F F F F F F F F F F F F F F F F F F F F F F F F F F F F F F F F F F F F F F F F F F F F F F F F F F F
  <DiscreteSampler_grid>
  grouped_processes
  1 # 1 for a reference and 2 for a running grid.
  10 # Attribute 'min_bin_probing_points' of the grid.
  1 # Attribute 'grid_mode' of the grid. 1=='default',2=='initialization'
  0.0000000000000000 # Attribute 'small_contrib_threshold' of the grid.
  0.5000000000000000 # Attribute 'damping_power' of the grid.
 # binID   n_entries weight   weight_sqr   abs_weight
    10   10   1.539715399307442E+013   6.337848629489300E+026   1.539715399307442E+013
  </DiscreteSampler_grid>
