 -0.00274180478895418  0.01044699334372173  0.02147188511068832  0.03207009470142799
  0.04257988854775926  0.05234991078789104  0.06249592079819229  0.07224285788534572
  0.08180981834093640  0.09057116499252876  0.09918021176946791  0.10806396543727391
  0.11813094183660107  0.12842252118447409  0.13914168275961222  0.15064765723701987
  0.16269419092262968  0.17450007395824288  0.18522999873637797  0.19524532974092498
  0.20486038855587405  0.21537319126295701  0.22624361096671058  0.23657743611483670
  0.24669503851723312  0.25756288992063703  0.26901225593211747  0.28060884500938177
  0.29194886481035054  0.30246188397784796  0.31284200554766606  0.32217091453704239
  0.33184532086324575  0.34035397336131801  0.34915336411292097  0.35824328806496775
  0.36704655244126427  0.37551188042162353  0.38391639310379960  0.39251643317026558
  0.40229916935814541  0.41263215794650265  0.42327508358145377  0.43373201892806790
  0.44368434457188755  0.45319769739422250  0.46272821940598902  0.47268564071523023
  0.48352292889146159  0.49510568812614214  0.50699645720045261  0.51868832571957546
  0.52976069915639190  0.54064575066899456  0.55194598274719830  0.56368168715759326
  0.57577485011261342  0.58809779831152165  0.60150345535242511  0.61413926839070410
  0.62648614404734615  0.63875182365091787  0.65098195619323118  0.66347444785650511
  0.67606353161689148  0.68768572582186194  0.69891848425631586  0.70963099393268259
  0.72035416773785443  0.73052861332366548  0.73980318563939129  0.74900120108385571
  0.75911426979837049  0.76891149668421721  0.77888602085856329  0.78886624080231205
  0.79957309908249463  0.81030548678971182  0.82067517264975287  0.83072577452168750
  0.84126199925463796  0.85224218367111659  0.86318966985972667  0.87321074572878377
  0.88316185731262975  0.89277006311440632  0.90229214580874240  0.91225686293222918
  0.92257675507578008  0.93411527101537661  0.94448503645522097  0.95601286182033096
  0.96650157233172673  0.97688801721238483  0.98798859876210821  1.00000000000000000
 -0.00116309652860519  0.00763525930541858  0.01617452204502584  0.02512587701167261
  0.03481672865638256  0.04515458469018371  0.05597331151998201  0.06726998192488910
  0.07831018309414765  0.08930268021690012  0.09982313532464840  0.10922004496048182
  0.11834117720036620  0.12745743083303807  0.13672803395306243  0.14655693758087110
  0.15649699350208124  0.16610433613462666  0.17535344475919221  0.18455839320189146
  0.19421840200493937  0.20439703584597332  0.21461710975877960  0.22475968514767691
  0.23521516179894703  0.24612026595959449  0.25712754574572205  0.26800165269090248
  0.27874504155138424  0.28939704401414196  0.30012776764743365  0.31066788788505662
  0.32185865869019742  0.33316265142577417  0.34343856245555787  0.35419482346100567
  0.36579617680327353  0.37748043801022352  0.38727414503203100  0.39744549877739149
  0.40825694254974837  0.41982050309106017  0.43126130822139602  0.44451877400398837
  0.45740479218918761  0.46926128793956962  0.48062328643413921  0.49192172556617969
  0.50354108677591924  0.51417433423981596  0.52415134332392466  0.53348206119386876
  0.54304005682969070  0.55288017113447141  0.56339608003412855  0.57462128603884099
  0.58691305158944818  0.59989652925181358  0.61148258064622929  0.62178741155527595
  0.63187851501727066  0.64197922453654588  0.65193963129187915  0.66118903946873253
  0.67005185631803044  0.67900826734518493  0.68809955307095572  0.69732064780515290
  0.70670766334707413  0.71672625252708799  0.72691890748980315  0.73694824026711059
  0.74718330678885880  0.75845329233890690  0.77012829997650034  0.78217750358821325
  0.79425985561429446  0.80609791949111442  0.81762060855159124  0.82821482961490245
  0.83830223414722371  0.84727873032032652  0.85614207622729688  0.86468260646920436
  0.87319572499606624  0.88255868957587280  0.89277955999978009  0.90386046671926734
  0.91618641162800707  0.92866519161672256  0.94115643823011241  0.95138157545210567
  0.96225062856044019  0.97331367636493304  0.98557610282483932  1.00000000000000000
 -0.00855683383623731  0.01752498491548328  0.04110006253533011  0.06478782238411634
  0.08827347606760315  0.11142027109347624  0.13200283208803604  0.15109917168193407
  0.17070939039780070  0.19029830475949736  0.20974421637643217  0.23103807603804327
  0.25347726898376505  0.27617476536623459  0.29885594997679549  0.32138450761883136
  0.34368322075090024  0.36569511323921633  0.38785661966371338  0.41008296525476845
  0.43264771892484000  0.45521441058799128  0.47775752786912090  0.50023851967119892
  0.52267044849190591  0.54490537344560230  0.56728247609075844  0.59216982363534920
  0.61743442874307375  0.64386232538917432  0.66416120411418533  0.67874725771369881
  0.68750474277967089  0.69054729334748255  0.69204936143471341  0.69652948015990657
  0.70141885729789322  0.70628037486127149  0.71111048537033916  0.71595105078740129
  0.72070590183034844  0.72534112661965588  0.72997964005524663  0.73475341328689425
  0.73960046497085785  0.74440689832174989  0.74919683931262482  0.75400001918413395
  0.75883246043932207  0.76364953876205754  0.76851459898137764  0.77345184591852911
  0.77840915425172108  0.78330063582286202  0.78814257354149930  0.79293218599132309
  0.79777744516357463  0.80266813694630668  0.80758319923750654  0.81253204817971492
  0.81759108924517987  0.82268634540518026  0.82776769668359185  0.83284245698620984
  0.83785169167216722  0.84286105891948659  0.84796951790155306  0.85302686365299119
  0.85807634590920923  0.86323590169712716  0.86847409397869668  0.87363801695566712
  0.87879626320456650  0.88390547854324009  0.88893242169532127  0.89395338978781436
  0.89909413541854744  0.90431232676381257  0.90950344225787272  0.91472392866591390
  0.91999134278822337  0.92527505984339475  0.93049412184496849  0.93570388833200102
  0.94092096533737368  0.94619252768201290  0.95151452342375487  0.95692165627651193
  0.96238917458292139  0.96779891115384875  0.97317258973451604  0.97852607741079678
  0.98387740510168298  0.98927866473716763  0.99464373370127490  1.00000000000000000
 -0.00258866007573462  0.01012169436672913  0.02046287774584207  0.03063060450068594
  0.04091743127054794  0.05212497618335689  0.06389970242899352  0.07542999465180990
  0.08703652414946682  0.09855091418344956  0.11006251258798927  0.12124260983120576
  0.13200057181606215  0.14247316820940384  0.15273233083198118  0.16270484408301178
  0.17226183563689756  0.18165985125020104  0.19148604180085554  0.20175418309092596
  0.21228045735276679  0.22333656533199742  0.23475708731119488  0.24669599338319884
  0.25815840994331507  0.26948894210203239  0.28058048339496250  0.29094567188501136
  0.30083074153499700  0.31088433687934230  0.32138740740000321  0.33142612103818542
  0.34126371896433211  0.35114185300199957  0.36134560720795039  0.37148049009439765
  0.38223759967023924  0.39343116530245464  0.40459492082660703  0.41559763740210104
  0.42667789392318523  0.43788498952488814  0.44931965468535628  0.46075350088357525
  0.47210154446171826  0.48360599186825132  0.49553561305761129  0.50634596464531623
  0.51622483644432249  0.52610862420667059  0.53618345799916090  0.54653408840339857
  0.55670427744573836  0.56650297652793780  0.57633354510970791  0.58648469480605436
  0.59705970177974621  0.60798445736125328  0.61899236749054953  0.63031573034646293
  0.64179555412906808  0.65247949189125520  0.66187707575084365  0.67121640648079794
  0.68087978134703009  0.69122153758348104  0.70153014688319093  0.71196180645501961
  0.72307544860685335  0.73371975371240983  0.74380410961057430  0.75348446081659193
  0.76269412039650986  0.77200864119708235  0.78149587781047558  0.79206818870576334
  0.80372623467511151  0.81616470924057927  0.82853239867737094  0.83966791592305301
  0.85009223079618002  0.86026556003807086  0.87054421370472224  0.88040628384828301
  0.88968586185569221  0.89913450734339884  0.90912814661413843  0.91871612352514775
  0.92779077982478497  0.93694860351258924  0.94760451560283998  0.95843986623579869
  0.96913191155410050  0.97928387176541054  0.98987999378189417  1.00000000000000000
 -0.00304762283160219  0.01152000616837761  0.02292795307303889  0.03313103778551008
  0.04296778402704872  0.05292722416871087  0.06288700468690579  0.07323518688389770
  0.08369384537460814  0.09459012423553702  0.10510136008382338  0.11600346961179987
  0.12730405424345842  0.13832452084780833  0.14865472668526389  0.15875678756332756
  0.16876344790490527  0.17839007004862445  0.18751348214139771  0.19693259177861763
  0.20656653896028762  0.21657141364915300  0.22664559407765636  0.23678921383778340
  0.24736590032081235  0.25760260197942336  0.26707618146129769  0.27655924501209278
  0.28675438505495598  0.29777204780346356  0.30968701231040080  0.32120816708280375
  0.33231682132865886  0.34225641350946995  0.35158723639770650  0.36135303847931960
  0.37147778709986945  0.38150186237679518  0.39130420068945260  0.40175883223799097
  0.41327039232575535  0.42471107791515922  0.43567618137951586  0.44607273719218660
  0.45572589984291734  0.46497404995283476  0.47416219611015714  0.48385173090610489
  0.49333747845874282  0.50244639482781095  0.51153149070384574  0.52131782048685738
  0.53166189881169956  0.54197728753942387  0.55246411192247502  0.56268222952592395
  0.57242158292433987  0.58210277926936194  0.59249556941416592  0.60313546853451694
  0.61404297909556882  0.62536950132794733  0.63728797391916581  0.64950653438507200
  0.66184540396812364  0.67436685963130494  0.68669838475407541  0.69833303955006409
  0.70993202463483052  0.72114530591088122  0.73204184816966744  0.74116494972044822
  0.75025229750283595  0.76020725219028951  0.77073962371328075  0.78184930799677521
  0.79252424069230976  0.80285626886280526  0.81318079685177769  0.82379069687076989
  0.83467263957999072  0.84494895687005767  0.85556747891420770  0.86692077904135090
  0.87809630683152384  0.88883752266488025  0.90002459466051610  0.91155514454213793
  0.92291554782719054  0.93384455484991369  0.94454355862509620  0.95555651329822899
  0.96700391628093052  0.97834573590856455  0.98934697984865339  1.00000000000000000
 -0.00241670128847271  0.00967761392575098  0.02031477872873303  0.02956990191714334
  0.03870363539385910  0.04823166635414743  0.05840558700810577  0.06893632254110839
  0.07901400563406097  0.08930147148591820  0.09973873677760578  0.10955188238506205
  0.11934716456115448  0.12822038828088894  0.13730195838603632  0.14621171024877833
  0.15516033988061084  0.16393776254697287  0.17323730742252103  0.18367196747559064
  0.19599603068615004  0.20919011055617504  0.21966887153841402  0.23009195041598210
  0.24086188727290872  0.25198811300540075  0.26286884648421305  0.27346448732572326
  0.28438247056304766  0.29469156322200485  0.30510003196505120  0.31513519506650728
  0.32451107103682503  0.33397439719634753  0.34408560741777755  0.35339495250401037
  0.36408334312074964  0.37520624310262435  0.38657315950262588  0.39762011296061667
  0.40863504230964071  0.41975879828120660  0.43017970199722866  0.44068422616470249
  0.45119902483693686  0.46175948935088490  0.47223300119291300  0.48304398843881330
  0.49486558361359850  0.50584295569604976  0.51629229461434201  0.52698235818210371
  0.53729103534294587  0.54748064103299188  0.55757415480941486  0.56845400453512307
  0.58024590472022619  0.59261008362482526  0.60477566702421170  0.61631874416388732
  0.62790869676569361  0.63976184026629479  0.65083953063396460  0.66069395879287018
  0.67064156103944073  0.68107992101080972  0.69193078967230215  0.70297976302191167
  0.71407484889913864  0.72600942844707672  0.73738854235178364  0.74872558208324325
  0.75951376752578204  0.77045539827705356  0.78088329901575049  0.79124904742366509
  0.80163546429520527  0.81160569394715454  0.82127646793898335  0.83078907841347938
  0.84149737716559203  0.85256520150206150  0.86262816702202982  0.87186966742030514
  0.88128512396685910  0.89085720867760532  0.90034938364878148  0.90987904528776908
  0.91939150890945731  0.92953505098887745  0.94028418836376537  0.95203836257885177
  0.96394193140628681  0.97599785087205182  0.98786168636748495  1.00000000000000000
 -0.00284201596327752  0.00949523116529703  0.02134006271672272  0.03314673818775212
  0.04531933534119060  0.05759137919712712  0.06991184823687265  0.08170981850803229
  0.09215548960096155  0.10179130403422010  0.11114518930030050  0.12036099764694858
  0.12950109361712078  0.13853652548002859  0.14797009988032575  0.15805614961001857
  0.16822302095993413  0.17874362620679421  0.18928366891633663  0.20048684858699925
  0.21077436973693731  0.21987809391614893  0.22949029464229934  0.23958799936326697
  0.24956488970835039  0.25928686374127635  0.26901059550299333  0.27904893685157400
  0.28940135853211429  0.30006277036340240  0.31133436177132745  0.32174083137623138
  0.33209681640805777  0.34290960444237173  0.35441771133381778  0.36625837282519541
  0.37830079547976853  0.39055429692141602  0.40094059771061130  0.41047095932898281
  0.41981463889936821  0.42951533586110435  0.44009370409951976  0.45034841667783310
  0.46033370490287562  0.47047925351180403  0.48113453735141953  0.49272112340408392
  0.50412828314088121  0.51504667343210342  0.52683904690931149  0.53845213460739194
  0.54857515573520355  0.55811744329943236  0.56831638679592278  0.58004469971600026
  0.59121136427257648  0.60199348430076438  0.61256878952834704  0.62340378510152272
  0.63411930124218963  0.64470633563519053  0.65470194344234633  0.66455637563233472
  0.67481878484270974  0.68560951020568883  0.69645220747575265  0.70705007928029040
  0.71834578881313682  0.72935979204765344  0.73961586120580858  0.74977464440247765
  0.76075508085563726  0.77098972605325844  0.78128919094570048  0.79136145234179511
  0.80225472338141657  0.81303091044384335  0.82341991235557577  0.83319164919595734
  0.84223117930818348  0.85122806966922671  0.86118339511192854  0.87157693202159370
  0.88170436112126838  0.89173285163255711  0.90194471778897556  0.91282480587834391
  0.92458557545678688  0.93671895147539064  0.94787527274528671  0.95886149310243896
  0.97038030801951813  0.98156879046698342  0.99075669493556751  1.00000000000000000
 -0.00272625550934086  0.01029802828397976  0.02096415950547076  0.03121143880906667
  0.04169956938181580  0.05188389785625905  0.06268050673957729  0.07358904559351583
  0.08441614371445672  0.09445790700340816  0.10457762822982743  0.11464962643780731
  0.12464617125313164  0.13519846298611038  0.14631210573313516  0.15864169827006794
  0.17083534986345916  0.18167571938549398  0.19129329121336403  0.19972739604960971
  0.20895304306685131  0.21871314932263275  0.22855474808780910  0.23845781888487655
  0.24781071109329994  0.25765484124064286  0.26781862420721086  0.27861213986055078
  0.28966506170675943  0.30033028407424289  0.31051639427974553  0.32020063447497593
  0.32964407844940902  0.33947911898393496  0.34966072631932049  0.36022464335289406
  0.37114191576653632  0.38252491476326034  0.39387795709612172  0.40459909644686420
  0.41490012652386665  0.42606816159808542  0.43701476897026698  0.44705274962505143
  0.45692910181485374  0.46782065113328680  0.47922741330836449  0.49032713906051123
  0.50170033291912297  0.51400733335159976  0.52600523928035670  0.53660720468385104
  0.54764623913012100  0.55872104312197191  0.57105011243854897  0.58290360355929927
  0.59410908828753306  0.60508364086607602  0.61627455913136853  0.62770956307323744
  0.63952316274808074  0.65174989857763665  0.66368782890127065  0.67450000473223670
  0.68449865320328551  0.69390041662939861  0.70317082394463615  0.71238793018763835
  0.72172600505291107  0.73076159405353236  0.73986196771753943  0.74955186618235947
  0.75951674154561710  0.76859639966391002  0.77806543917426496  0.78827150851621797
  0.79944822243738234  0.81042495106746359  0.82025166005185024  0.82978472756600297
  0.83964927129511246  0.84962365603378409  0.85918275017469503  0.86881449612376982
  0.87943720268862802  0.89117446378073328  0.90269550494307094  0.91409530532758188
  0.92515816777581050  0.93684887619625512  0.94815498132689979  0.95934664534410630
  0.97005630413314337  0.98022700297843590  0.99033439706213822  1.00000000000000000
   61.682327597032995       -1.0000000000000000     
 F F F F F F F F F F F F F F F F F F F F F F F F F F F F F F F F F F F F F F F F F F F F F F F F F F F F F F F F F F F F F F F F F F F F F F F F F F F F F F F F F F F F F F F F F F F F F F F F F F F F F F F F F F F F F F F F F F F F F F F F F F F F F F F F
  <DiscreteSampler_grid>
  grouped_processes
  1 # 1 for a reference and 2 for a running grid.
  10 # Attribute 'min_bin_probing_points' of the grid.
  1 # Attribute 'grid_mode' of the grid. 1=='default',2=='initialization'
  0.0000000000000000 # Attribute 'small_contrib_threshold' of the grid.
  0.5000000000000000 # Attribute 'damping_power' of the grid.
 # binID   n_entries weight   weight_sqr   abs_weight
    10   10   2.896833267451199E+013   1.734440446834178E+027   2.896833267451199E+013
  </DiscreteSampler_grid>
