 -0.00317710143784907  0.01085937681546782  0.02248927987232779  0.03357504082372739
  0.04474735892098100  0.05605162669852280  0.06657939154283959  0.07643538247562190
  0.08599241687820357  0.09572029043863768  0.10542543799620414  0.11473525298555681
  0.12380615790777842  0.13328117798410899  0.14321960832964956  0.15330391589301787
  0.16304997957340314  0.17339253049089112  0.18433187802961107  0.19564984225578580
  0.20702708714088508  0.21805554128560964  0.22888263864050137  0.23993675519449092
  0.25127918164290525  0.26328587727576214  0.27542556004024388  0.28662438313725253
  0.29749960042667734  0.30782009745644662  0.31900445317275139  0.33008674505768276
  0.34000538054570112  0.34996983549565913  0.35949249392135907  0.36915299669312929
  0.37959713363381453  0.38917399833441096  0.39907344645977100  0.40990843692654727
  0.42083172415307879  0.43094755481692143  0.43972203909160595  0.44812694814641030
  0.45691685068014387  0.46640181323474827  0.47563457766512668  0.48511503869949801
  0.49550274661419802  0.50655693652014921  0.51782045898900741  0.52825150919976971
  0.53798258691880407  0.54847300339730820  0.55902834698860127  0.56901058947653438
  0.57854114491602093  0.58836813899422291  0.59912125736210120  0.61012981794523546
  0.62116531480190373  0.63219216201683159  0.64344375490662209  0.65474746392584415
  0.66574855818821721  0.67666844244649071  0.68776744933248890  0.69956155497053607
  0.71205871024854372  0.72450660724972082  0.73780117671269219  0.75076943211530178
  0.76099711578161200  0.77049805709705488  0.77965632922538608  0.78905481436035718
  0.79834453614527534  0.80804795203589030  0.81825492422493018  0.82809235880600840
  0.83761871775024554  0.84687257163145513  0.85631757976546352  0.86624850701363842
  0.87643147785698805  0.88620222227080658  0.89548695322447813  0.90500168290589844
  0.91515129581157928  0.92543012251236756  0.93583021238993436  0.94702747103032903
  0.95916002224303154  0.97253612247159771  0.98628459400284785  1.00000000000000000
 -0.00074810577255566  0.00624844348994267  0.01430934189491213  0.02255136999343374
  0.03184834799162175  0.04181731063922426  0.05196288954378690  0.06227025724382174
  0.07240477796483093  0.08222222715217554  0.09221085831217711  0.10225700349084663
  0.11257628886230202  0.12275133813301982  0.13428475324349581  0.14619009782925463
  0.15841020112435694  0.17063919369776237  0.18213882297850217  0.19271956831654780
  0.20245487971700685  0.21212812899988798  0.22190489121958559  0.23138142181706273
  0.24031478363057113  0.24916995396607669  0.25948778029555436  0.27007734194619443
  0.28041030677042866  0.29057600629171498  0.30090442243333360  0.31124118485232599
  0.32158947861534298  0.33182419432666221  0.34187017106208639  0.35202792304536534
  0.36285202660022670  0.37434376168297190  0.38551048843297109  0.39630388491334889
  0.40681402831523039  0.41738919713343786  0.42804786257643490  0.43916566535940843
  0.45095817387198750  0.46325705002041800  0.47570159601753931  0.48711073524095477
  0.49742208749752442  0.50715957080756624  0.51689156150181015  0.52666835606476770
  0.53600743244216753  0.54499716460850955  0.55352188398813096  0.56240214385268927
  0.57190537376517947  0.58178432105855538  0.59203919410768990  0.60245454189238712
  0.61398923730521404  0.62519932285946112  0.63578601455024408  0.64594161519251792
  0.65626529626363139  0.66673357971418534  0.67738326967059781  0.68866441906866760
  0.70027065129461763  0.71217246758570218  0.72431336558553971  0.73590310282565763
  0.74715848233810633  0.75725992043303147  0.76688447050138475  0.77631048993264695
  0.78561489638659388  0.79523821330253108  0.80447959503256106  0.81351616264143278
  0.82300089953035083  0.83282940430491781  0.84320435542715255  0.85374442499216241
  0.86435819091246813  0.87452994221395997  0.88413217771742436  0.89362266579563465
  0.90357173428037341  0.91389596189942157  0.92471129256115825  0.93639693449396000
  0.94877815559505529  0.96318239579858489  0.98021583177659943  1.00000000000000000
 -0.00882479692882524 -0.00257654118166883  0.00956305435996021  0.03522011892302165
  0.06046119036140717  0.08540330550651984  0.10874079400487929  0.13142449127936762
  0.15202574076997541  0.17275191435195006  0.19362348420103989  0.21487564991808386
  0.23651230481990054  0.25972582106076147  0.28278702477404061  0.30567820402146378
  0.32835261026716200  0.35096162297192496  0.37370816472942608  0.39650724964635548
  0.41942919005320783  0.44240471632089651  0.46541774281632431  0.48824469643716156
  0.51094962444039793  0.53335524545710189  0.55655571513280344  0.58035011322825458
  0.60460513572665420  0.62897665587249685  0.65372121820252116  0.67115303845960095
  0.67992881965073027  0.68998169526662800  0.69092489984104888  0.69291592121926915
  0.69790243858076384  0.70267142603187782  0.70744321954993139  0.71224373744693481
  0.71706744375816311  0.72187622591046430  0.72664340007127404  0.73141706133751017
  0.73625409342925663  0.74115826716483801  0.74612829426252236  0.75105888411114896
  0.75596631240730416  0.76085893255637060  0.76574369706335288  0.77065180856423665
  0.77558176658202571  0.78050247224625791  0.78540080136427015  0.79032136779581597
  0.79530270805270453  0.80030737645011829  0.80529010788285926  0.81033858326084141
  0.81542672018836493  0.82048591002192561  0.82554811971741893  0.83058862934812761
  0.83559661287758613  0.84062627421533276  0.84571802696282905  0.85088242135277192
  0.85608721228189921  0.86121759038784729  0.86631824019894554  0.87146805605911393
  0.87668740057666916  0.88195121400256205  0.88722002617148976  0.89256633412247421
  0.89794047824232937  0.90321582822060775  0.90836703030212462  0.91352640322811896
  0.91879805857676278  0.92415471797590609  0.92955149907075096  0.93494922172600292
  0.94024105479327824  0.94547866483516796  0.95076911843512790  0.95613792686100707
  0.96149620561114546  0.96687136942372165  0.97234564903412335  0.97781975318788661
  0.98326757476100468  0.98877620474193373  0.99437432682598292  1.00000000000000000
 -0.00240468697477198  0.00911810354869337  0.01846102832521603  0.02757999306466704
  0.03642045555304549  0.04540016859973545  0.05480406046692224  0.06401759250251271
  0.07269620192810132  0.08160455388866232  0.09195341167353906  0.10370035205467526
  0.11491532460192021  0.12555833493595100  0.13550831496923599  0.14526401530190547
  0.15510890516240691  0.16518763675406056  0.17574440469836181  0.18609527355756600
  0.19590075901054396  0.20513379365330306  0.21466288854004184  0.22485062021171556
  0.23543870929358390  0.24594247924890456  0.25631029414009254  0.26693984704886464
  0.27806276510337569  0.28913132471134484  0.29951644922122506  0.31000666856365011
  0.32122366217521170  0.33321638989165053  0.34548127261806971  0.35806389814610640
  0.37071459989284233  0.38212059580840529  0.39286106309022811  0.40379850827358926
  0.41393589208745496  0.42370861662638098  0.43283310168648731  0.44242650878640222
  0.45290487669584428  0.46401870863463157  0.47560415733034034  0.48657435446228631
  0.49824092258547664  0.50988365810405833  0.52166441941456720  0.53263027446753108
  0.54316175714913328  0.55313597718343999  0.56282886328363557  0.57222600640314358
  0.58165527195422240  0.59155663101433187  0.60216680407023770  0.61341028441239642
  0.62544063070042311  0.63745986149099132  0.64907822527650105  0.66023939484146255
  0.67092455959311825  0.68219328206115781  0.69379554580624758  0.70687314469346541
  0.71876604491185359  0.73036503962770272  0.74146206052340313  0.75179852493689137
  0.76156915053886043  0.77143025480506122  0.78203119455404280  0.79222530028241644
  0.80232236314493499  0.81264931661450091  0.82394818453515584  0.83493446938860949
  0.84510678871182909  0.85516492196128913  0.86512910220454609  0.87527282319611543
  0.88484567238441358  0.89437094567915565  0.90415825176812548  0.91420966900291523
  0.92564792325924716  0.93841401923390244  0.95015605612865639  0.96121801266886153
  0.97106108314074879  0.98129835817180477  0.99061896855975451  1.00000000000000000
 -0.00248550843608360  0.00897843718504798  0.01948200088737069  0.02976559113932858
  0.04033976227505732  0.05088656574851512  0.06112167386065409  0.07169198094054863
  0.08176176455447558  0.09336897304911795  0.10526865623457388  0.11767922886175203
  0.12919478794247910  0.13987640197716178  0.14994431639372846  0.15993772041381921
  0.17041577683637760  0.18116156444633452  0.19257476308873955  0.20437827393284766
  0.21573442355537287  0.22683809867782548  0.23736973012127041  0.24756832062736323
  0.25745788813938353  0.26685154774387454  0.27624596077933727  0.28602863548976187
  0.29621074400043296  0.30627339922409352  0.31631387384214399  0.32665075477194405
  0.33688039195720060  0.34676197149765109  0.35621557033405588  0.36509281675248811
  0.37398485460698921  0.38263852612929627  0.39147163570367366  0.40051332199277012
  0.41004510322875887  0.42037361550903241  0.43156866710902581  0.44220478170892952
  0.45291621388923153  0.46399484961191884  0.47572511443431126  0.48656752740955234
  0.49614921965624298  0.50648370289136302  0.51704127297033897  0.52809610007485985
  0.53873176688142510  0.55017649999856688  0.56249096833592860  0.57523465591407608
  0.58879796017402219  0.60196688622589611  0.61484063378037435  0.62671851184797311
  0.63718171211764529  0.64740640209665701  0.65784396171146498  0.66891619630045818
  0.67972620777971438  0.69113578946798360  0.70271325628380810  0.71465707630988951
  0.72658702454905155  0.73851167394956840  0.75030231236295519  0.76170291022966774
  0.77209949703760217  0.78127110879295047  0.79012633331063331  0.79922920782968143
  0.80878937114952498  0.81848528469326309  0.82836084542351474  0.83875510833875278
  0.84894330620728886  0.85879428691467974  0.86872452494945884  0.87916418529534635
  0.89183895518348444  0.90285413240886336  0.91278604986307277  0.92292769847168288
  0.93261766130635915  0.94246527348885412  0.95205630663016194  0.96189577190482789
  0.97121784792684285  0.98072374067713497  0.98977830398659672  1.00000000000000000
 -0.00262469604899600  0.01092343610752684  0.02142437770160249  0.03152763431969419
  0.04180697664033586  0.05272277682443832  0.06342146497528087  0.07395394915687166
  0.08471381043513730  0.09491302088182600  0.10555412945288885  0.11630780217619117
  0.12660743973263602  0.13541796505005085  0.14436192528932681  0.15453162753195313
  0.16558326181404581  0.17572701268415172  0.18550843798988714  0.19545433460351755
  0.20520204899610481  0.21493608148393106  0.22503939575400350  0.23551231724475338
  0.24572625479587532  0.25541114939139764  0.26484386866068110  0.27435876740441023
  0.28397976741973402  0.29345701127956242  0.30253742387327209  0.31150470948095882
  0.32133511590133990  0.33139170198431611  0.34096754767876752  0.35062083363341251
  0.36149009671560384  0.37298244015466026  0.38362595286510709  0.39339300778405845
  0.40294211911241867  0.41257992781139780  0.42208130910410285  0.43171453410420457
  0.44135741928083161  0.45145456695492742  0.46201751198975477  0.47270875159586156
  0.48337254352482795  0.49465716873271010  0.50691639091252239  0.52013847917762490
  0.53348671597888164  0.54586391322497785  0.55708433333296226  0.56735268697797459
  0.57745059470933802  0.58757964344812297  0.59770877343823048  0.60794427993596867
  0.61776528698155042  0.62751629005980081  0.63723861682335092  0.64712680693069335
  0.65738804658943706  0.66808629249372731  0.67956847919955654  0.69163781807187552
  0.70365556045277611  0.71504158863850309  0.72605080104888187  0.73744067863753782
  0.74905924896961340  0.76016540001617250  0.77093571497118096  0.78219627542555636
  0.79352691425105171  0.80389009659128607  0.81420964774966453  0.82490207866764220
  0.83558097413520838  0.84607942277162695  0.85673284389207682  0.86761157658882093
  0.87863525201568227  0.88884177273411447  0.89910952504652253  0.90902628991705048
  0.91977088529145445  0.93130660232320883  0.94338540624127842  0.95563279839362569
  0.96724590006499567  0.97838059328554783  0.98931761571262300  1.00000000000000000
 -0.00243561875383050  0.00942621631389668  0.02049679958901557  0.03245379493009164
  0.04419257263655583  0.05524475438487417  0.06578419339443399  0.07663936918532557
  0.08731074988849204  0.09791582454647146  0.10859177514059883  0.11905783095396923
  0.12906226053634817  0.13879674135927589  0.14810372962285487  0.15738560937270007
  0.16689539235977335  0.17724942355153037  0.18757252117577625  0.19779309676375684
  0.20756929377140404  0.21794212475135188  0.22815702376579400  0.23843961105243652
  0.24812729534935743  0.25789554826946925  0.26817452873693209  0.27877033449841115
  0.29049258880222179  0.30034118991475334  0.31025252830757405  0.32027014468954046
  0.33016213814659423  0.33991144575001531  0.34961140707809241  0.36033872872171496
  0.37237786634828157  0.38430899269666552  0.39561745654825570  0.40703331569674062
  0.41861894600269600  0.43082786701554454  0.44215985485915787  0.45220551993452118
  0.46152409408428208  0.47067895274597055  0.47985736247394079  0.48926412636805100
  0.49840198214131110  0.50840917449282774  0.51990802135124381  0.53256759150587596
  0.54569495958095049  0.55806483291865816  0.56896265561099213  0.57936038375364696
  0.58952856545475596  0.60013139873706822  0.60935616972968787  0.61853647480851004
  0.62733999646209371  0.63704732003433617  0.64657052053066200  0.65752680901510563
  0.66909789790702179  0.68072595322782348  0.69268869443563563  0.70489771965822856
  0.71721686154579489  0.72914038174672746  0.74058262473789127  0.75210650270615709
  0.76390982063721724  0.77422877151390590  0.78373581957257232  0.79372046002920937
  0.80383412286868949  0.81344604417690636  0.82245150915816734  0.83171095281319474
  0.84240062290067730  0.85317276268421671  0.86334801132238859  0.87361095775538122
  0.88374553736886319  0.89402519722353857  0.90464695441061715  0.91475491045678292
  0.92560441210477473  0.93597153837329161  0.94727023386868747  0.95821727249850763
  0.96965876396313810  0.98040664031629743  0.99060636452340511  1.00000000000000000
 -0.00249176209956350  0.00935898337583036  0.01909981650341343  0.02935749302483019
  0.03955572214601766  0.04931765111674807  0.05859320816039523  0.06824105779313304
  0.07822142186421041  0.08857288613806420  0.09924518429239557  0.11076688642371113
  0.12330386015741203  0.13599878146958433  0.14776561328721530  0.15744932525501645
  0.16762649147029093  0.17936347419298207  0.19088544083188003  0.20168341945579968
  0.21154545409464620  0.22134083858867498  0.23143884451730184  0.24122769009433168
  0.25107153614360650  0.25934621976794248  0.26762279780361559  0.27615271901593358
  0.28506467162524585  0.29415385640794933  0.30391666535445722  0.31430131681290085
  0.32480575738115719  0.33499654568352916  0.34464752881620292  0.35394537121050851
  0.36298587660571274  0.37226369801706305  0.38222412081723461  0.39181256772290196
  0.40165934329630043  0.41176338817791297  0.42222917115398123  0.43193724801771327
  0.44162069325300768  0.45158043935854936  0.46223943133629930  0.47335654473882349
  0.48572252298316465  0.49845146856646860  0.51067959811472763  0.52270356172492993
  0.53476607795173536  0.54649861557725588  0.55789234240311236  0.56924681540229427
  0.58043242437104126  0.59102012601028220  0.60135035327957831  0.61212677562637430
  0.62306456483557759  0.63377066332574650  0.64432733382732155  0.65523459678722229
  0.66686383823537321  0.67890305370891280  0.69120438398365736  0.70329460032052415
  0.71512816968871395  0.72683922011183033  0.73724621528976531  0.74730984354430763
  0.75737305662859300  0.76735562261248325  0.77675808432619731  0.78673836262865060
  0.79727725002020478  0.80773722708126616  0.81826589074910305  0.82802885777354096
  0.83803980264939537  0.84859506281793495  0.86009889647146043  0.87258787904979906
  0.88421450837701410  0.89512357398434450  0.90597583850222430  0.91655922777694387
  0.92712103973259385  0.93765115268663290  0.94857322398298904  0.95935855824069571
  0.96952338987317355  0.97999565138417277  0.99001164008738840  1.00000000000000000
   61.540277062888848       -1.0000000000000000     
 F F F F F F F F F F F F F F F F F F F F F F F F F F F F F F F F F F F F F F F F F F F F F F F F F F F F F F F F F F F F F F F F F F F F F F F F F F F F F F F F F F F F F F F F F F F F F F F F F F F F F F F F F F F F F F F F F F F F F F F F F F F F F F F F
  <DiscreteSampler_grid>
  grouped_processes
  1 # 1 for a reference and 2 for a running grid.
  10 # Attribute 'min_bin_probing_points' of the grid.
  1 # Attribute 'grid_mode' of the grid. 1=='default',2=='initialization'
  0.0000000000000000 # Attribute 'small_contrib_threshold' of the grid.
  0.5000000000000000 # Attribute 'damping_power' of the grid.
 # binID   n_entries weight   weight_sqr   abs_weight
    10   10   6.703138362452704E+013   8.391642617073116E+027   6.703138362452704E+013
  </DiscreteSampler_grid>
