 -0.00201111409816426  0.00789774703076016  0.01726944313308052  0.02760777024850809
  0.03892790307769196  0.04974192567167269  0.05985291641033809  0.07007367011201300
  0.08055884896552076  0.09133948314882025  0.10311182299051511  0.11419830244271542
  0.12517276078728570  0.13570871869401846  0.14543732529351647  0.15396879474710998
  0.16222011331084066  0.17173119243948309  0.18248783411599981  0.19405869855410923
  0.20397606710079430  0.21355147954316428  0.22286372343827268  0.23221071552550185
  0.24163370491171207  0.25218396053692238  0.26349261520215961  0.27514105527921484
  0.28680601815327483  0.29778606088788939  0.30865243966204253  0.31915076706329398
  0.32908668419591419  0.33907713699403985  0.34860934099718016  0.35868316166390041
  0.36907009183867989  0.38014733496290026  0.39125726371760344  0.40252115780701697
  0.41359306724989242  0.42467989998602762  0.43525884861032460  0.44604181838122670
  0.45700383643262843  0.46800887839368788  0.47911032435181150  0.48981844246835254
  0.50001801386264366  0.51031159082016708  0.52051663046630470  0.53116510810050910
  0.54239642073982530  0.55411949605380595  0.56484407256748392  0.57443629619907322
  0.58371595590822611  0.59338732423651208  0.60346735923914951  0.61362426554804483
  0.62388247883618630  0.63429203737502504  0.64553546208325130  0.65589005259902522
  0.66586277502620217  0.67531517299397903  0.68500299338240711  0.69523513866194564
  0.70571079927730984  0.71674987699555237  0.72832621334242897  0.74067912155882942
  0.75320413604676084  0.76530533133855461  0.77755286093088094  0.78928763472641450
  0.79923524511374500  0.80827085921689734  0.81807197692691280  0.82784876559307297
  0.83794393059794403  0.84802125474506551  0.85913418401747133  0.87316936612549478
  0.88572144354278848  0.89814708459671733  0.90841513401361595  0.91762149844689944
  0.92681468649533938  0.93648311631395365  0.94670998941507767  0.95718557718891595
  0.96811341354897396  0.97920378393614727  0.98948463816741228  1.00000000000000000
 -0.00074396806434661  0.00667498064091925  0.01369944617045982  0.02110962034148158
  0.02900715780219452  0.03765961697639206  0.04774338964525710  0.05905089547037194
  0.07030146298048583  0.08081540017218482  0.09162661563483196  0.10230025560900323
  0.11268843094889551  0.12300209955356681  0.13304308481567986  0.14294260500596004
  0.15202321700881472  0.16101471271015394  0.17014435991433466  0.17990691958139882
  0.19011167343780133  0.20075697145173227  0.21135017588104335  0.22122204880056986
  0.23106607201817980  0.24131640470106966  0.25207051642908279  0.26285402107160522
  0.27326284279548529  0.28330409861000788  0.29341522891907057  0.30371291282197543
  0.31396498597001044  0.32391202804998404  0.33376010312279680  0.34421779959600651
  0.35520085003797358  0.36630953821920581  0.37760123087393410  0.38898365676492147
  0.40009310464964015  0.41035113498461989  0.42008547474764424  0.42935002097556907
  0.43859122861095839  0.44759126557788759  0.45671424254067855  0.46658052394366689
  0.47862995207633474  0.49133968129440481  0.50412954615042427  0.51565487795583176
  0.52742211891862512  0.53908916198778312  0.54938582858706453  0.55994435775027585
  0.57093494473711537  0.58134569054878493  0.59177069144294925  0.60266010090251798
  0.61478516004722616  0.62749569860547183  0.63983986475823362  0.65153882970615606
  0.66310424658083067  0.67511796122360745  0.68717840522149209  0.69882544105871769
  0.71053233497661805  0.72288465117337330  0.73503704075851206  0.74629235676175509
  0.75676185321010181  0.76687819109241917  0.77653922543157039  0.78563119845789497
  0.79496115529884093  0.80458576952835226  0.81385348912800570  0.82261944311240898
  0.83142273052048943  0.84106295195577896  0.85050379475702464  0.86012420049233951
  0.87048698533820190  0.88114702659748567  0.89180287949872428  0.90243022287990349
  0.91259444127710521  0.92267396428423443  0.93269174507196928  0.94321132374862227
  0.95428528503856247  0.96683560142073832  0.98176624326667616  1.00000000000000000
 -0.00845789661739741  0.01751088132447309  0.04073970485208538  0.06413864784853582
  0.08716494170459996  0.10954195542695688  0.12983706557251845  0.14880392709425155
  0.16846250114704117  0.18814154504720396  0.20771954122366976  0.22970488410865952
  0.25298351304452027  0.27610594367776442  0.29913440284763060  0.32193997093904975
  0.34472869907334830  0.36750476220169537  0.39006046774749853  0.41256559696685591
  0.43498802068538867  0.45729426947358010  0.47936988449200507  0.50142522843317772
  0.52346644786084962  0.54657946075452102  0.56996589362933581  0.59410204296310809
  0.61872308607863880  0.64436437992789153  0.66095946456340038  0.67438145724385756
  0.68981268366520176  0.69040142753648115  0.69188088608626919  0.69589399162152010
  0.70084207141947885  0.70574437394888179  0.71057491480239543  0.71534880206569718
  0.72009189634107418  0.72489763479804703  0.72967511477513969  0.73441121137223608
  0.73916457091021393  0.74395037147549126  0.74874099141151818  0.75351552726975768
  0.75832885952853080  0.76318670886386764  0.76807444123185720  0.77299679111291630
  0.77789243635205441  0.78276249153745447  0.78762088323410573  0.79257062829758873
  0.79754724885986961  0.80255902614756458  0.80753547876068932  0.81251507960926539
  0.81753908368227979  0.82255415267742904  0.82759662293805836  0.83270538531388849
  0.83785971241252055  0.84293550293664976  0.84791251093553932  0.85287833976595961
  0.85790107263355841  0.86297724899555328  0.86813915018250198  0.87329847188318765
  0.87847458624169528  0.88370963786534773  0.88894113677532227  0.89407915574290564
  0.89912985352600250  0.90426516318483041  0.90952560866203136  0.91483842023167994
  0.92010831602503385  0.92535283895805764  0.93056517778327064  0.93574602606696844
  0.94089970711021576  0.94618651734591552  0.95156803151039271  0.95697136377214664
  0.96239088891078872  0.96774097070363374  0.97301611386949793  0.97832175466138438
  0.98372110020239778  0.98912882403026670  0.99451364950448518  1.00000000000000000
 -0.00368904991412564  0.01352775816364419  0.02629055900205936  0.03836192965641487
  0.04856796358123133  0.05830030192212086  0.06798567648696992  0.07792758957628380
  0.08873794284997968  0.09977537082921105  0.11035324778499180  0.12089833119829868
  0.13013027005918965  0.13901053365959479  0.14813258508917490  0.15699388669683745
  0.16570212718452720  0.17484279585094573  0.18417611201578235  0.19496230370896772
  0.20711579993033363  0.21957541451127924  0.23228206116589961  0.24472505884314802
  0.25688456757287220  0.26777416586916586  0.27905653229032551  0.29044364571217657
  0.30224051525302598  0.31470917584980374  0.32706977907645146  0.33825081729074674
  0.34844509037149290  0.35897706185037576  0.36981458849393550  0.38004600795913746
  0.38976225444674345  0.39948240594748330  0.40898987955394062  0.41841091884763387
  0.42795082904902232  0.43805637807416081  0.44810640007842201  0.45828764796768240
  0.46842491770932432  0.47873626734276392  0.48936672104306506  0.50026371073933540
  0.51179083596753572  0.52249173362063028  0.53294950514902983  0.54437812300426336
  0.55654456276304709  0.56796131098442426  0.57795110653746096  0.58801215880309998
  0.59860329169860038  0.60905104390801645  0.61881386624230550  0.62870708518293883
  0.63914251751304829  0.64966349966678172  0.66027694190339437  0.67101842632395003
  0.68213676437249648  0.69342434301779521  0.70503844695275608  0.71641803520903213
  0.72693035344317458  0.73671594924856387  0.74661207590027079  0.75656450474181824
  0.76633118162768310  0.77572437281349660  0.78539681368399583  0.79575528867356449
  0.80622979268973050  0.81618528366966281  0.82562749705222271  0.83544957837832667
  0.84563403389606107  0.85553820889322740  0.86562136052822858  0.87593376027050784
  0.88664516329354603  0.89786655113930147  0.90854061407146081  0.91934431203389044
  0.92934355898049370  0.93872905985394339  0.94835819768729168  0.95830491068751245
  0.96980607997371504  0.98077710502090709  0.99069997731611237  1.00000000000000000
 -0.00264409532979364  0.01038828460995811  0.02092231674620538  0.03120755967717829
  0.04108234491929477  0.05249869543098366  0.06361960739458346  0.07426622818153499
  0.08436542311540436  0.09541695800085533  0.10591533756895136  0.11586295670997823
  0.12590846426273886  0.13659355464843398  0.14698024517798425  0.15703096420640136
  0.16722628597015882  0.17779416843401594  0.18835966291290751  0.19763436998541539
  0.20687647225875655  0.21641075339046539  0.22648826001259972  0.23697375980249027
  0.24767824437790534  0.25848661879958024  0.26921066374390301  0.27980155193318040
  0.29088830692994638  0.30240969471665002  0.31436031182213986  0.32771462537158408
  0.33901246822671177  0.34994954086767832  0.35995791534353971  0.36912385404670361
  0.37840027135479593  0.38752177858924020  0.39703984195182451  0.40668630459358912
  0.41633823942265286  0.42607356058251167  0.43632994225186206  0.44634672781482687
  0.45739050387078423  0.46830850480864306  0.47961853287950335  0.49009047347483597
  0.50050117053105037  0.51106108359135727  0.52177854866940199  0.53195688691082654
  0.54166421452709179  0.55253816203086714  0.56307135745622350  0.57280976128756145
  0.58285367038717562  0.59471201535682716  0.60682473827855465  0.61770771508909239
  0.62838876291151491  0.63913113470379967  0.64992818799769347  0.65999216434663222
  0.66963952343511890  0.67939595021627008  0.68930068032868774  0.69982367963409886
  0.71029358028594680  0.72093374124554810  0.73153815606988970  0.74220421471499987
  0.75237722814063424  0.76233029632219640  0.77272603211036095  0.78340248903810639
  0.79532593198300727  0.80803581451382867  0.82116794935913640  0.83433601997555595
  0.84729151347952725  0.85929970421824919  0.87059517893331284  0.88142815867190083
  0.89227131637262935  0.90245462248182029  0.91196270383677602  0.92106682548342222
  0.93052232814767066  0.94018696586989547  0.95000491302522538  0.95969232533177251
  0.96983414227498654  0.97969399119763168  0.99004775661631794  1.00000000000000000
 -0.00275680242924496  0.01037955140910758  0.02123133861992627  0.03191063796325965
  0.04220192336865756  0.05200018354491168  0.06125561792666883  0.07178108545448197
  0.08171451152850660  0.09165038056855988  0.10169432251780065  0.11211460107409807
  0.12264922130437880  0.13280320423267394  0.14302648688436417  0.15367943585633531
  0.16522268279613342  0.17701361857499975  0.18810851488167088  0.19865952645398263
  0.20964666634603130  0.22183607789280252  0.23412522936042099  0.24479812869738565
  0.25558371997091706  0.26585151107545663  0.27579896978953794  0.28591194514889162
  0.29734171217980920  0.30983037482569697  0.32159829641738136  0.33256888609042301
  0.34295654889640803  0.35366691605146716  0.36537143936364397  0.37681722979516852
  0.38719916623159645  0.39777040746451936  0.40908825063095527  0.41999452323829939
  0.42994307976989632  0.44002892049842185  0.45015177035148596  0.46036605879998777
  0.47029514748355472  0.48068667774480234  0.49171143699838382  0.50226803640001128
  0.51307223507459454  0.52355205020273421  0.53510258862572802  0.54534992131620907
  0.55435872341071979  0.56324989304909090  0.57187191764632506  0.58096229083061524
  0.58987949740293777  0.59889472255819909  0.60802840392007085  0.61706481940197799
  0.62604890506133792  0.63529981350480202  0.64466557750311748  0.65422370921087170
  0.66412949910924468  0.67697537399386520  0.69077141457057778  0.70294928112819322
  0.71390239469045824  0.72352174240036982  0.73361486015548871  0.74378285935458177
  0.75397465413251008  0.76363347952472638  0.77329071850892817  0.78369693459065259
  0.79474635838666263  0.80582863080865474  0.81748261788782384  0.83023768692287414
  0.84232527478252284  0.85448356838942952  0.86605030640551106  0.87698076993903462
  0.88804240579492477  0.90000061281609667  0.91190720123610414  0.92255596523570194
  0.93218761284103635  0.94190176345730203  0.95175676654927799  0.96178570746547154
  0.97156773526008300  0.98125881808426230  0.99074047898870432  1.00000000000000000
 -0.00195754251609258  0.00795573956205351  0.01670089774653075  0.02593505058876904
  0.03595678847874715  0.04555843785631773  0.05443182411660893  0.06310951033794832
  0.07233754738901742  0.08221407422238951  0.09240077546790333  0.10282773293246072
  0.11345025589814070  0.12470915547823271  0.13677827632277875  0.14916939879374511
  0.16145249275540899  0.17389689673623723  0.18625464109183099  0.19739645335162959
  0.20825978981164009  0.21913546264639713  0.23077871129522354  0.24206579204310844
  0.25323387157794286  0.26479933153716551  0.27652845591603958  0.28838448572871211
  0.30076536108409391  0.31364399059116044  0.32628706681213143  0.33800984422405322
  0.34887712334618376  0.35941918619309116  0.37014603114335554  0.38049469278039538
  0.39068526578255902  0.40156358116855934  0.41188937489563571  0.42198358864340058
  0.43185834009481672  0.44224403321061528  0.45303906612513528  0.46390282758429036
  0.47498439469579384  0.48612290052752161  0.49667623710729170  0.50709291439931858
  0.51728767787288810  0.52751165663099264  0.53794631076589849  0.54886598447154367
  0.56006867843547559  0.57077073800770806  0.58103629086871578  0.59101705788548786
  0.60104263116107248  0.61075738076682085  0.62037441644214608  0.62961601262898947
  0.63859756857946892  0.64808878799442338  0.65812312508599935  0.66846454856685078
  0.67916504970213998  0.68964903731820704  0.69995221065110347  0.71027029085664428
  0.72065348922546102  0.73169475160738906  0.74290876678524453  0.75379426861488508
  0.76461211178215016  0.77484128446732858  0.78448554995227293  0.79429415734138376
  0.80422130677230919  0.81441586238040120  0.82433980626081182  0.83410440455778989
  0.84458530515421226  0.85546195043415274  0.86642462738598380  0.87776426090320780
  0.88962662106878321  0.90170353782214652  0.91328130308166011  0.92394255168899941
  0.93363317290465875  0.94286604918522532  0.95219630235207209  0.96185957416375589
  0.97167634321831531  0.98121868640469601  0.99073077347930183  1.00000000000000000
 -0.00216367114764119  0.00803324689741674  0.01776983337769796  0.02835757504855505
  0.04024287718543568  0.05272597799670885  0.06455480656840450  0.07522614985566989
  0.08600905165289416  0.09661126328032756  0.10707170194037666  0.11742796400212172
  0.12821944162793597  0.13993068531045441  0.15108957789746560  0.16174788878183738
  0.17221284777511831  0.18253310782743179  0.19290245649787399  0.20312898741402202
  0.21411013717829339  0.22614632387831021  0.23842100582436240  0.25064606424502966
  0.26207734180710052  0.27241909507127715  0.28206176055464099  0.29196740921715475
  0.30279691361963590  0.31390046349228079  0.32457016281519985  0.33479262561932899
  0.34490685063271709  0.35526792269484858  0.36558137615828595  0.37558982909747263
  0.38552806266574086  0.39554731994437820  0.40640806534935447  0.41808098383915154
  0.42999658500336041  0.44174975982161474  0.45319858400681301  0.46437044340810857
  0.47504743915270070  0.48562181401029930  0.49611350073232213  0.50655502230963678
  0.51677791245767846  0.52692741860873982  0.53742015613161420  0.54809534149383043
  0.55946103927294899  0.57145838349662703  0.58385912531534967  0.59625196355767995
  0.60886505551327708  0.62174358136022678  0.63355637068552861  0.64496271335540722
  0.65470349784957294  0.66460985999064159  0.67509495255300300  0.68541828338285105
  0.69617632608459568  0.70643220311015231  0.71808169623227747  0.72934277219285715
  0.73921566482321943  0.74906757289826553  0.75828450408657677  0.76760767064344793
  0.77651900647985350  0.78560703522146602  0.79583758532700000  0.80638483956027718
  0.81605437709645756  0.82402822279054733  0.83264454382125852  0.84156600556806549
  0.85076327035304677  0.86026553291654262  0.86933272277347218  0.87886575314864546
  0.88935020829417821  0.89982537297495169  0.91094360627180559  0.92243050002187610
  0.93444927098733943  0.94465368078175704  0.95395684620349908  0.96329247622330560
  0.97262988802454009  0.98153728800546036  0.99058011140334035  1.00000000000000000
   62.196563381066376       -1.0000000000000000     
 F F F F F F F F F F F F F F F F F F F F F F F F F F F F F F F F F F F F F F F F F F F F F F F F F F F F F F F F F F F F F F F F F F F F F F F F F F F F F F F F F F F F F F F F F F F F F F F F F F F F F F F F F F F F F F F F F F F F F F F F F F F F F F F F
  <DiscreteSampler_grid>
  grouped_processes
  1 # 1 for a reference and 2 for a running grid.
  10 # Attribute 'min_bin_probing_points' of the grid.
  1 # Attribute 'grid_mode' of the grid. 1=='default',2=='initialization'
  0.0000000000000000 # Attribute 'small_contrib_threshold' of the grid.
  0.5000000000000000 # Attribute 'damping_power' of the grid.
 # binID   n_entries weight   weight_sqr   abs_weight
    10   10   2.070833019008355E+013   1.780475848059253E+027   2.070833019008355E+013
  </DiscreteSampler_grid>
