 -0.00209534071274299  0.00847397660994306  0.01737766793130775  0.02678187987408052
  0.03625103052924573  0.04629706968494907  0.05652429407487758  0.06624706707258854
  0.07594174022726960  0.08600845342527240  0.09692683007565031  0.10806626211227129
  0.11919363980163714  0.12983589341922083  0.13976970054959151  0.15037598114010037
  0.16129475271658808  0.17169171510989145  0.18165735854568144  0.19191000930420160
  0.20243580020907670  0.21292919569910457  0.22352434381848202  0.23474969832969214
  0.24614379648203749  0.25748658505408584  0.26909411149538531  0.28084572973257488
  0.29267268993737494  0.30386619297598472  0.31430382368425569  0.32472526637447291
  0.33531061610166940  0.34565870128427001  0.35524102036691607  0.36466778719469928
  0.37462290453664376  0.38568097569985499  0.39704897090037150  0.40762551542652781
  0.41815115570024503  0.42897194465735233  0.43950407290636123  0.44975679230081328
  0.46077740007217749  0.47289786132492628  0.48526399737442927  0.49671044182105839
  0.50709785210053648  0.51625711607409319  0.52555222787559708  0.53499686415853931
  0.54497686904516585  0.55494514517323679  0.56480099837882924  0.57451536025006722
  0.58420975753028992  0.59404959439358285  0.60401336688705154  0.61419397803855469
  0.62458842184468533  0.63533593953207401  0.64605987471885007  0.65667242972214757
  0.66735374446259210  0.67798524310996411  0.68822971151047219  0.69808477504927990
  0.70787476944647998  0.71766727007596431  0.72788617071024331  0.73946879738746130
  0.75285519957047842  0.76517831356813304  0.77739164342772782  0.78912574537634828
  0.80087470668270755  0.81245410171033694  0.82455129927030912  0.83601647762208597
  0.84827468111469662  0.85964006568396223  0.87085445204792078  0.88224262525397834
  0.89330833040399737  0.90335081276065077  0.91288214589653871  0.92248700137018091
  0.93220324919941000  0.94163621460154590  0.95065801222627311  0.95932229157760862
  0.96942798113863904  0.97944536246704272  0.98984333744005593  1.00000000000000000
 -0.00113802859139902  0.00727481418672252  0.01565627208739340  0.02427353324921215
  0.03340932078390163  0.04287432801961633  0.05227981672042859  0.06173598087694787
  0.07123554102199528  0.08075176443488852  0.09046707209666588  0.10034098129295688
  0.11040125077387559  0.12053088936633879  0.13032140445761367  0.14011980529773810
  0.15052491284333464  0.16160033569399987  0.17333862902404967  0.18501356661990637
  0.19628699321943643  0.20741284342321903  0.21867893735105159  0.23004954751701490
  0.24089731443990214  0.25116398170576543  0.26177696604092038  0.27204530253411346
  0.28240296398664350  0.29260075607183983  0.30301250034429944  0.31341956631487072
  0.32337807131564822  0.33413616554032777  0.34457722188107426  0.35549807182137910
  0.36514980951702297  0.37473889837388030  0.38450779491866294  0.39494057655445147
  0.40571192470336420  0.41519319926210363  0.42654523782662057  0.43788659208135816
  0.44885308567453863  0.45958742610676573  0.46935613737124315  0.47908599072017194
  0.48889304400226707  0.49900194482767213  0.50983651231106641  0.52121252771704263
  0.53290462342434974  0.54476866933710277  0.55630752909180714  0.56734154385067803
  0.57758200640236412  0.58741460631243003  0.59760311712167791  0.60806527028988799
  0.61900977334202156  0.62868665132732271  0.63784721218491935  0.64714708751150607
  0.65608850535572061  0.66530435867993121  0.67432032454437141  0.68313792619874281
  0.69218107007398544  0.70180795642722382  0.71219610970812597  0.72345948671399840
  0.73464265303486598  0.74575278617127227  0.75707381188339640  0.76834662676400733
  0.77939866082613496  0.78986743049490893  0.79993809604960564  0.80973742245468461
  0.82012966944800247  0.83072689667239996  0.84162770981485935  0.85260069358787105
  0.86421554989883054  0.87613593792832234  0.88756856840277920  0.89808509549407112
  0.90823604583625739  0.91903677037433573  0.93088267905115019  0.94327389778082005
  0.95580728028492745  0.96857260619535912  0.98271915086926587  1.00000000000000000
 -0.00804442562958235  0.01826167081310900  0.04146366306617690  0.06477034374435349
  0.08782393659548766  0.11046947714675054  0.13103124996111232  0.15043042196275255
  0.17060040828870271  0.19070348239093043  0.21064895246671150  0.23246309835843956
  0.25493581121840131  0.27738140644914638  0.29967360946964505  0.32167979097195598
  0.34365707492781472  0.36561538851617043  0.38750741892262680  0.40941190960996493
  0.43155692868885981  0.45369280679615087  0.47581213507581743  0.49795080056998764
  0.52010068282410027  0.54268022868082211  0.56559960794246689  0.59032375767670098
  0.61550451977345277  0.64158573624566151  0.66005977112199510  0.67400214069702657
  0.68819820534316600  0.69037413913501045  0.69182147474108813  0.69572096408041373
  0.70059782177012531  0.70538237043569907  0.71014246075424603  0.71490374673922308
  0.71965508928825428  0.72440090927521927  0.72918367337897649  0.73399735951794021
  0.73878791628732521  0.74353499355710406  0.74831411569428874  0.75314399121178133
  0.75798585708651334  0.76285126702554529  0.76773479902259401  0.77265104438786214
  0.77761411326563223  0.78262506197160564  0.78759507985660271  0.79248172666538863
  0.79737161411162083  0.80230602294417108  0.80727629675686075  0.81231470501614578
  0.81738968929325473  0.82250519693297997  0.82749430431594018  0.83246052461044351
  0.83745840759960455  0.84252723036681387  0.84756402027312361  0.85258195299047645
  0.85766674681000499  0.86282897195435182  0.86802540103986137  0.87323963883782674
  0.87840821167617500  0.88357049184602132  0.88870327571206220  0.89382243395716499
  0.89897429591752287  0.90418202313696072  0.90930986109238454  0.91445391492341221
  0.91967033766065520  0.92489756051975214  0.93010142847273725  0.93543136379047875
  0.94082638356069470  0.94616833324244765  0.95149262122886868  0.95681943639344713
  0.96209894917972771  0.96731794302286933  0.97262461501372688  0.97803514773975975
  0.98353737841297784  0.98904973422935560  0.99454493902104879  1.00000000000000000
 -0.00273921743281560  0.00943779078062891  0.02041934362167990  0.03064267341445607
  0.04169655156668735  0.05228742798800932  0.06315630871980348  0.07365933558916322
  0.08411780765113569  0.09521954595300190  0.10672240417955428  0.11762737375282056
  0.12811395876557505  0.13721552214030311  0.14658410291351887  0.15642822530745756
  0.16681644643049487  0.17713983075223258  0.18757488761000532  0.19826154034469642
  0.20860847817503661  0.21841198159963437  0.22802622571523706  0.23788303912074715
  0.24770297937421296  0.25790292884380156  0.26810356601419227  0.27829518118762836
  0.28875603990308696  0.29917563548864440  0.30965085075779070  0.32042233191685532
  0.33091803859433622  0.34147048509283046  0.35166058481826484  0.36280736382499407
  0.37380421791735213  0.38385991798635716  0.39352127067521575  0.40265063293565545
  0.41182198208578502  0.42159709228562536  0.43102117396961903  0.44009345171401204
  0.45098371491425060  0.46117368758295718  0.47152036436613659  0.48171133354882112
  0.49206256154613531  0.50272392817465117  0.51344629238947948  0.52433247408229644
  0.53556715106616271  0.54693750801047980  0.55847137093060417  0.56972029448509054
  0.58109473623862584  0.59243627325402537  0.60381208994399505  0.61519947129066799
  0.62674648941199274  0.63884088908229675  0.65137847000451010  0.66386631452613354
  0.67554104430845341  0.68686503777959218  0.69792309779647521  0.70897013695083200
  0.72063766672198348  0.73311581487966970  0.74619168581742878  0.75823892869193110
  0.76901900402677081  0.77946874689854917  0.78954145689787381  0.79959302172702496
  0.80928447710286977  0.81863296892836213  0.82788801814334290  0.83678149597602014
  0.84577214610893414  0.85449516240077161  0.86382973954785869  0.87369288100877762
  0.88493149043969255  0.89614971663483101  0.90747276934547272  0.91880995751286376
  0.92998175741923583  0.94100639345319959  0.95088880876518078  0.96040998546940870
  0.97042609268308233  0.98065535216587119  0.99045845076306060  1.00000000000000000
 -0.00263222312852937  0.00949879991205298  0.02075980313284522  0.03263877577856639
  0.04440919414251730  0.05594491149725606  0.06810960324980721  0.08037325719502950
  0.09215321865102272  0.10363286213386003  0.11515998502723306  0.12646502830805600
  0.13719422886309945  0.14732097005731729  0.15693933988823000  0.16642947801430638
  0.17613598728706864  0.18605885966525862  0.19613239658781798  0.20675652828006025
  0.21793462446071599  0.22877781480924153  0.23921432290411396  0.24953166391995929
  0.25929784310522019  0.26862348857816676  0.27817063292915212  0.28834788528627120
  0.29804073964877908  0.30800756008317881  0.31851113786050939  0.33015907613946782
  0.34154948134561602  0.35325268580516589  0.36484582329395343  0.37629327965166398
  0.38771116104065628  0.39816251699247934  0.40752146090866448  0.41668646780792723
  0.42622914661468331  0.43607997530592729  0.44574695310930529  0.45563162984676131
  0.46644009055217012  0.47762618797341128  0.48769408708280026  0.49737031841951923
  0.50732830741886958  0.51746555494406543  0.52798879660170517  0.53869315455518518
  0.54911559925543441  0.55935034451679433  0.56934984536451583  0.58022502082027028
  0.59053537818589896  0.60031917900248499  0.61073276485332717  0.62156494257114769
  0.63072608467362723  0.63941620523883713  0.64832687328018901  0.65705926156328009
  0.66563964232050332  0.67389800949913103  0.68174618942585863  0.69032655283423561
  0.70006818097908174  0.71043257157711448  0.72081690691147104  0.73096403634809815
  0.74109346977936696  0.75108362370513160  0.76189745224949257  0.77285906775703883
  0.78453974409831551  0.79630783678327477  0.80715024989150641  0.81822221273973761
  0.82935952502733379  0.84045383006877039  0.85211482003362782  0.86464076863092887
  0.87738425327452862  0.88911606235825824  0.90011604591757988  0.91102332534540309
  0.92228871841292637  0.93407590081833569  0.94635621990171215  0.95810540317703619
  0.96878658524241201  0.97972012686528165  0.98995899717250757  1.00000000000000000
 -0.00241845145408843  0.00944707782127995  0.01906377648454923  0.02933890182500527
  0.04006596682787601  0.05024420480330685  0.06027826391315608  0.07054445547888433
  0.08176650900264786  0.09340979865659857  0.10500635980257618  0.11577751520026655
  0.12616990762625202  0.13648416920433312  0.14665832321947894  0.15655875620815393
  0.16604084664965796  0.17614516676326333  0.18634779149843053  0.19532560789612338
  0.20424524046001952  0.21339314254567224  0.22274174234976332  0.23215282546101770
  0.24099744350943358  0.24959777863735133  0.25937501558851622  0.26988167277435504
  0.28104995673375549  0.29254529103967664  0.30439454618961787  0.31633950165865121
  0.32755631752638886  0.33821012514432724  0.34872467247829025  0.35890947509341015
  0.36853814375616928  0.37788508521106789  0.38750543849500718  0.39740625379501399
  0.40722104058022490  0.41681787603898984  0.42657414444033981  0.43621835128685738
  0.44582724030197601  0.45545256143897073  0.46538868326140925  0.47575619462378499
  0.48618174026384914  0.49685819377883467  0.50781195742816909  0.51883035228013430
  0.53000639473206279  0.54100475194494535  0.55167082954494484  0.56228735569142130
  0.57296441635476980  0.58359044649604286  0.59355965236943575  0.60323952044545726
  0.61328460883967251  0.62349915556335500  0.63386880907525212  0.64466783460107768
  0.65608195293791893  0.66786626919156877  0.67950996253528206  0.69114639056588190
  0.70280521674234631  0.71430084827186979  0.72534980111814873  0.73569767871986269
  0.74559533363118036  0.75551995921546422  0.76587638572729089  0.77683616652268028
  0.78833500453635386  0.80031933043340386  0.81246241438898137  0.82456016577753644
  0.83717603834820564  0.85047311497171840  0.86187936847005209  0.87135538725348094
  0.88102797304778835  0.89147824838237966  0.90192320979974838  0.91191381583958953
  0.92265275767811050  0.93501492251395357  0.94581177846810660  0.95656167597273001
  0.96799116302539967  0.97937037510510372  0.98960144191395727  1.00000000000000000
 -0.00307695386458597  0.01062525787606068  0.02351053802348256  0.03550035606630027
  0.04694321747961100  0.05772926337227284  0.06772408069854083  0.07744353233626523
  0.08723032232713178  0.09641529830344572  0.10523432838381801  0.11343231574570903
  0.12239067849416879  0.13284727460838106  0.14263737530648313  0.15149701285751083
  0.16003746489583581  0.16908428387957219  0.17910583793549956  0.18891325150836044
  0.19835411395600724  0.20813481918661433  0.21869632178797557  0.22988377722240483
  0.24042449747508066  0.25097546283574040  0.26129577501282741  0.27155632208963598
  0.28211117418526915  0.29270554806339105  0.30388071570331221  0.31483684718455462
  0.32544322904267176  0.33611585025107632  0.34622369751079018  0.35625474549079916
  0.36574259831276645  0.37532506759090406  0.38455676744839518  0.39383145117363177
  0.40332883846830625  0.41309444231684261  0.42296976810340520  0.43296127551310720
  0.44308763330055689  0.45335775289503938  0.46369836986705482  0.47407632803153832
  0.48488625388334189  0.49593698379793338  0.50767712613137639  0.51982529689662660
  0.53161114051595004  0.54285965968121674  0.55365166520774256  0.56401972537791567
  0.57406858528993521  0.58460095513847155  0.59566569009509596  0.60677740078657416
  0.61768248569158124  0.62950363743137494  0.64214854834595714  0.65454040602887031
  0.66593185417365086  0.67613702668592091  0.68611860235844457  0.69674323193967269
  0.70727993778554110  0.71678281695611457  0.72656760459304393  0.73697154234903739
  0.74756899865210524  0.75738275516426024  0.76676044891388995  0.77652819257882921
  0.78691136458362487  0.79748378934615471  0.80801047526233061  0.81853161108352401
  0.82949310401698395  0.84056015546364904  0.85194056150924469  0.86357570410275575
  0.87513734149092104  0.88633875900458803  0.89744703717444996  0.90901466364385575
  0.92037738002347125  0.93123338876867190  0.94233019926729955  0.95376848696144667
  0.96485350583938057  0.97651043184967379  0.98782774033454801  1.00000000000000000
 -0.00254488975796317  0.00998816331646691  0.01995016667055546  0.03103213941337002
  0.04216272135816954  0.05327501268449803  0.06459538998672490  0.07688491125741249
  0.08807351347098336  0.09909524034948688  0.11049982004195931  0.12249736348483838
  0.13494326395522346  0.14703291107110203  0.15864056940479168  0.16942416637032232
  0.17891639359608277  0.18837264063927206  0.19795666540713724  0.20812468065915957
  0.21831116959182167  0.22888590272697046  0.24045008376900642  0.25202378510067641
  0.26239666716153076  0.27282972499750868  0.28289346370128615  0.29323905284154678
  0.30319797102978463  0.31290947333483871  0.32283080537949083  0.33240116679146453
  0.34266188676114023  0.35227702051782633  0.36305078367221577  0.37396595747346612
  0.38481081103640435  0.39541144929797162  0.40572828023096608  0.41622168808352700
  0.42698222661233926  0.43739790130982226  0.44833463640402688  0.45924889930324714
  0.46970111905065254  0.48021724241985680  0.49126280247639398  0.50254294514045039
  0.51411483234328426  0.52486142272579839  0.53455512778404957  0.54414413042991205
  0.55295725985212896  0.56205676669726379  0.57101683408895487  0.58012701464931304
  0.59026144480100140  0.60152326120229971  0.61459866038055666  0.62746419802600883
  0.63832674381346921  0.64826776949096143  0.65820833013550462  0.66860269103715364
  0.67879393837356194  0.68800382798103554  0.69795079866504883  0.70808002792483848
  0.71885785298512195  0.72995722798175311  0.74085689231306273  0.75150557430199194
  0.76151629180259939  0.77157060490992813  0.78208572266243126  0.79308754346127275
  0.80412055065033261  0.81552193635791215  0.82628185428842638  0.83648076648950476
  0.84588666274435242  0.85489504210645884  0.86404249270957900  0.87356774907011359
  0.88402270872237954  0.89445917451151635  0.90502774935757035  0.91568341819628274
  0.92663106199124068  0.93748119056122392  0.94800758964171639  0.95841028779936754
  0.96844687052044487  0.97887097603370565  0.98910998078564538  1.00000000000000000
   60.513440197416521       -1.0000000000000000     
 F F F F F F F F F F F F F F F F F F F F F F F F F F F F F F F F F F F F F F F F F F F F F F F F F F F F F F F F F F F F F F F F F F F F F F F F F F F F F F F F F F F F F F F F F F F F F F F F F F F F F F F F F F F F F F F F F F F F F F F F F F F F F F F F
  <DiscreteSampler_grid>
  grouped_processes
  1 # 1 for a reference and 2 for a running grid.
  10 # Attribute 'min_bin_probing_points' of the grid.
  1 # Attribute 'grid_mode' of the grid. 1=='default',2=='initialization'
  0.0000000000000000 # Attribute 'small_contrib_threshold' of the grid.
  0.5000000000000000 # Attribute 'damping_power' of the grid.
 # binID   n_entries weight   weight_sqr   abs_weight
    10   10   3.710881460432412E+013   3.913325865215726E+027   3.710881460432412E+013
  </DiscreteSampler_grid>
