 -0.00223378660907293  0.00859582305912857  0.01779426308957333  0.02763107736329629
  0.03670996339599339  0.04634925709953663  0.05636853622686357  0.06664311766351752
  0.07605130703383582  0.08666260173715809  0.09841600118033816  0.10995108588551873
  0.12023620136157707  0.13108065293694635  0.14341162863117238  0.15537462562425514
  0.16719758828474712  0.18024407907975321  0.19188808984652228  0.20358596008725752
  0.21436894005051671  0.22526627415450423  0.23632050745984942  0.24703148605229433
  0.25707751510621724  0.26728136561855315  0.27835127200833421  0.28989561489575622
  0.30075428754874534  0.31046894993600954  0.32044701381897012  0.33066484052429029
  0.34133006150345341  0.35211393092970306  0.36282008188207349  0.37376115190299741
  0.38483622948526380  0.39594312378674151  0.40567411754527383  0.41511561502884203
  0.42458504204639808  0.43410105545056427  0.44391810409564247  0.45364530282039250
  0.46456823103819772  0.47649674347946175  0.48825268091608942  0.49994758170022724
  0.51130929015440896  0.52196465805517511  0.53212152559146730  0.54224416089147054
  0.55161273732239957  0.56080430640685675  0.57040977806353521  0.58073502383823572
  0.59084564179379906  0.60082818710235164  0.61228892349363906  0.62386947930534931
  0.63540188382257989  0.64645918461938567  0.65747439763531113  0.66826222273218316
  0.67955322438670152  0.69066130362800082  0.70168881888786971  0.71219316201964500
  0.72213744559289006  0.73197427883149202  0.74159779644438806  0.75138236862051100
  0.76085143400523025  0.77039976114928244  0.78029857588648655  0.79045749525098641
  0.80068165962935733  0.81102108873586443  0.82109271728919220  0.83125003824211685
  0.84158650775784283  0.85193911062604077  0.86235033866185795  0.87285075835200110
  0.88386593629026866  0.89491725012363543  0.90559334427315052  0.91651268071411107
  0.92765409754077399  0.93811611683839313  0.94766346024905546  0.95755157936784219
  0.96799037195814808  0.97845057548859038  0.98903778337173753  1.00000000000000000
 -0.00046357708075391  0.00609753766249331  0.01298763665184205  0.02044395380181848
  0.02892341807781691  0.03742940208747036  0.04743947938869005  0.05821022680195063
  0.06866860802793830  0.07914896696696941  0.08990616300715895  0.10057432292146848
  0.11075222450540713  0.12048690274672944  0.13000782647505343  0.13953989361581060
  0.14898874746497795  0.15865818661981304  0.16864342981785899  0.17866464951724589
  0.18850989527391479  0.19806846857404517  0.20755700829846918  0.21679886254729222
  0.22622714891929385  0.23697939969616258  0.24860518067671469  0.25996624617359465
  0.27094714009943799  0.28203693337415225  0.29311027468273332  0.30361589141132389
  0.31381415824476705  0.32424743013601071  0.33510849592863928  0.34647048096539929
  0.35816634233817707  0.36998081081034839  0.38165785504190247  0.39303469434546495
  0.40451611091652484  0.41595407291417164  0.42811681310517757  0.44004944293822851
  0.45178894600269986  0.46348037119555585  0.47459589468247548  0.48472377879625894
  0.49416217826084707  0.50399827058471036  0.51370152852431095  0.52360885541564295
  0.53290606312407618  0.54252879552356614  0.55233910190581392  0.56195977427065835
  0.57153113216560747  0.58150058299784757  0.59253512451687818  0.60454139250516514
  0.61631545082694350  0.62758152973781056  0.63857014334773776  0.64946882493641267
  0.66020558969154464  0.67096962511999003  0.68147661863045506  0.69132707809035110
  0.70091310814335595  0.71085347472197646  0.72237616034534546  0.73288697791518909
  0.74459728412397230  0.75627965949879972  0.76844211135378360  0.77898063054389943
  0.78902885007162904  0.79909463520610835  0.80906124195453177  0.81859485567637857
  0.82771824214445866  0.83674451507283931  0.84597929131312943  0.85565183921589016
  0.86618067768404949  0.87709900682545838  0.88829204287789976  0.90055348310380456
  0.91375125123790812  0.92702068724156361  0.93938961124142584  0.95106424855646543
  0.96245351366498877  0.97386558156955061  0.98594962779299411  1.00000000000000000
 -0.00815946919220973  0.01558012295740720  0.03900707728115116  0.06234048129764187
  0.08561044874628737  0.10881599919153677  0.12846849358786444  0.14718152158609207
  0.16671926136990489  0.18617514039036051  0.20555191540133602  0.22683852837932009
  0.24862853947999322  0.27129551025869136  0.29378645194920699  0.31612124219781207
  0.33856551194049239  0.36103995839148295  0.38350884392742501  0.40601882786166354
  0.42862529345852368  0.45125709224012828  0.47390829213332469  0.49643176465211614
  0.51892357355009422  0.54135273780245075  0.56448076463907537  0.58915973482620221
  0.61445302004907176  0.64038130574219032  0.65929714370518500  0.67481568532883418
  0.68570681242223430  0.69031098984464290  0.69159750012354060  0.69507046753709323
  0.69992805022768168  0.70478690834132529  0.70958856927355196  0.71431611959945263
  0.71912967272010220  0.72398077353815715  0.72884266479374893  0.73369779085546172
  0.73854342185272404  0.74337613857755336  0.74818265775949766  0.75298923875690849
  0.75780778131602111  0.76261519490924756  0.76740390250826562  0.77219215622981408
  0.77704505591485695  0.78192019873523833  0.78681220632198412  0.79169126783402821
  0.79658369911021520  0.80150670333858276  0.80642332460129151  0.81130802130348301
  0.81619621760770644  0.82110836597537917  0.82606889390110461  0.83105678853297527
  0.83610958084629650  0.84124538285031336  0.84635080917851269  0.85145369790368841
  0.85660961269647129  0.86179780204770662  0.86693841407543593  0.87204955851048394
  0.87720076713485484  0.88240414831066505  0.88759744136321728  0.89284402371256866
  0.89808368768274471  0.90324924018392649  0.90846366700658687  0.91379963398332831
  0.91914771388874483  0.92443981082534221  0.92976912951612523  0.93515361709458988
  0.94054652070876332  0.94592163043660704  0.95133082593450413  0.95675027258102707
  0.96215632159181530  0.96759599634177473  0.97303178704639348  0.97850524830197139
  0.98394932330280649  0.98935179888877756  0.99468984996772314  1.00000000000000000
 -0.00310368470972566  0.01054049917935174  0.02274539115995829  0.03485053224430586
  0.04613645934801750  0.05667612740903129  0.06712862368323345  0.07784012349484114
  0.08851867722722456  0.09912170102810978  0.11013280199189138  0.12155711107648023
  0.13287335878690248  0.14376496149180101  0.15418332207666646  0.16422813767970793
  0.17421452171145024  0.18427042925572384  0.19424298382792451  0.20412107497417900
  0.21392081930383205  0.22375153430747977  0.23350516274296512  0.24326994512764444
  0.25346525492901117  0.26454046560461891  0.27667945213641870  0.28930679706314855
  0.30133185706068111  0.31242025252855277  0.32332615965926409  0.33367446497409609
  0.34304835599826516  0.35209685834124083  0.36177336237755692  0.37223303268674118
  0.38287602419334932  0.39359440482874619  0.40498455362792180  0.41624361349648792
  0.42596207835924776  0.43578570579275516  0.44643251906258946  0.45727044256214627
  0.46722010629074079  0.47635207916762751  0.48617477206769466  0.49666173169444955
  0.50716102193693335  0.51676130594250880  0.52698237287281213  0.53809866389103866
  0.54922007917768323  0.56014351442921373  0.57142819033113246  0.58310878923578313
  0.59343707153321279  0.60411756698088870  0.61453357090411476  0.62478554208099568
  0.63416746888421294  0.64348169473746564  0.65379187296678709  0.66387780779361838
  0.67412329650584912  0.68394801254170567  0.69595256147453421  0.70836883772675929
  0.71821940654364824  0.72818127510588837  0.73786759384969891  0.74827951229759249
  0.75874954224211522  0.76923175614063033  0.77965027571610612  0.78996383476580068
  0.80017610500624003  0.81035784086205909  0.82048868028467170  0.83060329791526022
  0.84075132610011050  0.85036571565997132  0.85978633062580345  0.86946323330632236
  0.88013745058361248  0.89083701395692094  0.90143560949300616  0.91251803335580806
  0.92437323698713159  0.93635309741935302  0.94752477899188847  0.95828744257232479
  0.96880273200815381  0.97938161122903922  0.98981481079375355  1.00000000000000000
 -0.00208443769816175  0.00886166787110974  0.01708116500021480  0.02540226711741841
  0.03398971604113239  0.04307344490489597  0.05305240436589657  0.06314282851073111
  0.07335579336997469  0.08338611449397416  0.09358542492754454  0.10401062701922012
  0.11450255834499344  0.12589667461472742  0.13898044663519479  0.15182803408466550
  0.16367217825830563  0.17458651723980209  0.18515255385572063  0.19641385994235303
  0.20727044291098509  0.21745783379797495  0.22734277972933664  0.23782356968888307
  0.24873131089834949  0.25939856308021808  0.26991466620731264  0.28102412659274550
  0.29233111936496337  0.30422508106645862  0.31647385270953232  0.32859418633646736
  0.34067679075773999  0.35205249706981323  0.36243363044064092  0.37233923359259607
  0.38205171484496558  0.39211439118356356  0.40267837821459934  0.41377726251506841
  0.42529314220753711  0.43662768182944639  0.44795728979329297  0.45881545056359663
  0.46903330914262503  0.47950105826437756  0.49004739629869049  0.50010639554583369
  0.50973681416775729  0.51973447961794594  0.53017998092736174  0.54041889228591444
  0.55019321687505651  0.55975939431521682  0.56888529628345108  0.57814878600576314
  0.58765170730286354  0.59695563447101530  0.60603156914130463  0.61540095889759061
  0.62525494107557344  0.63587921940973891  0.64660805203498029  0.65702900231365602
  0.66747576346806436  0.67813863124106044  0.68855470894403570  0.69920853116223458
  0.70964817761494303  0.72381487870133587  0.73629262716744259  0.74821266762840788
  0.75884485481892516  0.76930854089833323  0.77901747372179009  0.78861468287274106
  0.79878075801026938  0.80909881306279396  0.81974960631577409  0.82960261650656919
  0.83990368022061757  0.85036192257168020  0.86083634644870755  0.87181210148782928
  0.88223771261676709  0.89207411433250738  0.90174473606709127  0.91180363691805633
  0.92261524265826333  0.93396498408820683  0.94502879657688654  0.95673751367815685
  0.96831635694799223  0.97956706348357692  0.98966370968083028  1.00000000000000000
 -0.00225990240368206  0.00857680445868072  0.01777145285603122  0.02699700716148528
  0.03599831560838987  0.04601179056364823  0.05766537795384079  0.06831334361670395
  0.07847083280336074  0.08911835897460145  0.10014675505164901  0.11069562241679978
  0.12106768450563044  0.13153894359477802  0.14233436277681211  0.15335069369009618
  0.16471652646077464  0.17534852954020591  0.18574906041556541  0.19669036838065276
  0.20772458495182300  0.21871040787150267  0.22913843062121483  0.24026356877677288
  0.25115138855246022  0.26199691922747076  0.27316314465899350  0.28476731656567472
  0.29631641457090901  0.30789300763830912  0.31921420458938976  0.33028042030426497
  0.34071787132775400  0.35090719220365041  0.36147241623660836  0.37173024923599329
  0.38184878125267468  0.39236516128409188  0.40292252896856373  0.41309299820980999
  0.42249347911908453  0.43231494699610185  0.44242863362025514  0.45207919849760769
  0.46147463285874435  0.47116310089116620  0.48150313707562636  0.49217068453632506
  0.50302642412019560  0.51319179158473871  0.52330193202338116  0.53283428480400974
  0.54375858029339319  0.55643446018426479  0.56999101297838894  0.58364345570454490
  0.59720509315288206  0.61056737910191428  0.62351478624983137  0.63605015319534408
  0.64793158630716208  0.65889305155538203  0.66977823158263572  0.68104625675928843
  0.69207863589225505  0.70301722279104450  0.71365542873813947  0.72400375141184603
  0.73351617495595878  0.74222670709494476  0.75077588396842576  0.75936819840975034
  0.76802594622606879  0.77676065461487964  0.78543003481864149  0.79473518328396220
  0.80629401344931595  0.81743540215693911  0.82819660545072304  0.83800373404295947
  0.84767922619428460  0.85719876228941316  0.86656813964444768  0.87631481008802659
  0.88563086911767763  0.89528726480863474  0.90585036225821547  0.91618169456827314
  0.92636576757557643  0.93660618895647541  0.94696051047155794  0.95729708751279319
  0.96777039668334586  0.97877436159593412  0.98919864084542841  1.00000000000000000
 -0.00255219574502478  0.01051829792851432  0.02151822025870415  0.03284479735776203
  0.04396075769938555  0.05458862121444875  0.06487091417605852  0.07462977115470501
  0.08427420508218923  0.09415203397707465  0.10461106030889671  0.11497673025066299
  0.12467998231552888  0.13503764696165541  0.14547111505759486  0.15612168854394926
  0.16601661880976754  0.17594860501510834  0.18593239453095128  0.19674304543560778
  0.20795662328870881  0.21911671429291285  0.23025576719303648  0.24103746097732937
  0.25166512143146591  0.26214578410504780  0.27268655240804518  0.28248604842635799
  0.29177574464320194  0.30110175506320547  0.31054751427856120  0.32034767432820049
  0.33060456245483016  0.34131315850848482  0.35248033420891028  0.36349311402741069
  0.37415159082687932  0.38478432045543515  0.39509462056626760  0.40551189808883065
  0.41598446577517206  0.42716177833199442  0.43798822554522215  0.44890718218794357
  0.45978420117535035  0.47151113200702044  0.48177461071859484  0.49235972205856715
  0.50349674295553937  0.51652904050160020  0.52859664925232586  0.54010996197388728
  0.55124484734626333  0.56221560682240213  0.57277376397476643  0.58285283517334829
  0.59301862783674431  0.60287247309861591  0.61243472778800312  0.62132873216835871
  0.63084033291870134  0.64061529904126369  0.65068480825611430  0.66089818458475136
  0.67097162809074984  0.68124210489728920  0.69165153521482181  0.70298308973003609
  0.71434151500029763  0.72623387665364780  0.73841324449115264  0.75113380310595579
  0.76348562157496713  0.77492855526157067  0.78637363036783725  0.79854724656764020
  0.81111468092671679  0.82221630177432803  0.83233317949254926  0.84271806120235704
  0.85320422584603040  0.86332593635062627  0.87290620621832593  0.88427560289518936
  0.89551604388572104  0.90643320194497246  0.91693806280280044  0.92703913419261674
  0.93690788127383706  0.94619174325347211  0.95546736964854939  0.96496580153715994
  0.97425144451576695  0.98307638277596077  0.99166017111714588  1.00000000000000000
 -0.00208576700682622  0.00882097126573462  0.01772343490756076  0.02699224696460840
  0.03704089031290959  0.04724221328405442  0.05764260600727875  0.06801143636443524
  0.07867442149095877  0.08924477693074374  0.09990892276237263  0.11120942395602859
  0.12386914476095291  0.13476762991840602  0.14531215925115346  0.15552389036861078
  0.16536514949698741  0.17518821778854785  0.18465077611834710  0.19489960054861888
  0.20517234815742383  0.21530413152389530  0.22505363539679585  0.23508477730100469
  0.24553928092947661  0.25571355152732378  0.26552675383605640  0.27519137898330065
  0.28496272651824855  0.29481355776309187  0.30435324293962285  0.31389908409796996
  0.32398669121829010  0.33490436122189582  0.34680760891762202  0.35920127582666245
  0.37192262990224956  0.38517506236049776  0.39831580014599527  0.40962054060832037
  0.42036769660234097  0.42961367476153450  0.43915364988466421  0.44787739048136860
  0.45688186387190183  0.46564809319732675  0.47474947271078377  0.48406238184351252
  0.49382960208180238  0.50399227242168765  0.51484368155217808  0.52552359556871064
  0.53575596465568354  0.54593687353868570  0.55683227332446572  0.56785562333936157
  0.57896659785017524  0.58963131710172700  0.60050516687984912  0.61243194569103387
  0.62447254518767847  0.63562230094341010  0.64626159565330665  0.65683570929056057
  0.66755478631435949  0.67850124609876539  0.68977157109710641  0.70126690477166054
  0.71284431121803038  0.72402957052531669  0.73407151514648716  0.74377404126998248
  0.75433958133839507  0.76602325925818637  0.77585315180868875  0.78533705011968868
  0.79554458633558434  0.80702897603033841  0.81785813183256473  0.82712427441968617
  0.83804453929615230  0.84929624251612412  0.85997456737248879  0.86963595376964964
  0.87994772251307485  0.89156342438420599  0.90190484478912347  0.91143143005411242
  0.92097282808103087  0.93113115082411657  0.94099952439864987  0.95091924044435805
  0.96115467822563339  0.97424090465590485  0.98710646981993899  1.00000000000000000
   59.461174617209338       -1.0000000000000000     
 F F F F F F F F F F F F F F F F F F F F F F F F F F F F F F F F F F F F F F F F F F F F F F F F F F F F F F F F F F F F F F F F F F F F F F F F F F F F F F F F F F F F F F F F F F F F F F F F F F F F F F F F F F F F F F F F F F F F F F F F F F F F F F F F
  <DiscreteSampler_grid>
  grouped_processes
  1 # 1 for a reference and 2 for a running grid.
  10 # Attribute 'min_bin_probing_points' of the grid.
  1 # Attribute 'grid_mode' of the grid. 1=='default',2=='initialization'
  0.0000000000000000 # Attribute 'small_contrib_threshold' of the grid.
  0.5000000000000000 # Attribute 'damping_power' of the grid.
 # binID   n_entries weight   weight_sqr   abs_weight
    10   10   3.316231112982707E+013   2.669831104128251E+027   3.316231112982707E+013
  </DiscreteSampler_grid>
