 -0.00222246055640712  0.00869654212494488  0.01839682594720226  0.02870129613067194
  0.03918794322798196  0.04980241165864114  0.06026900588617629  0.07076684018575172
  0.08117978041116106  0.09176338480681949  0.10230296232913082  0.11285850704535987
  0.12350835724896188  0.13409545570836698  0.14482065130900262  0.15548174706563780
  0.16606627129044171  0.17642989782210394  0.18668017320490995  0.19690228622800529
  0.20723239689495981  0.21769601423336496  0.22819004198362949  0.23866539500347905
  0.24920581450906915  0.25991389783630203  0.27054524225329346  0.28126959055406758
  0.29189408985269527  0.30255477546161619  0.31330061085134953  0.32400120490764489
  0.33469906201129196  0.34494400117117718  0.35509365614600863  0.36534970534924133
  0.37564959443797130  0.38617547846659078  0.39655213972427883  0.40709308827852075
  0.41768362032788309  0.42855844008945848  0.43907321656282378  0.44956462678762416
  0.45994877754922575  0.47075280041943246  0.48141890309092966  0.49200233678951827
  0.50247006530951255  0.51296509537749813  0.52336051265228389  0.53352827451280493
  0.54375733126512793  0.55424390483625974  0.56489954984258073  0.57553745625137387
  0.58617409398944154  0.59685590194898130  0.60745994217220423  0.61781924131541743
  0.62825052450840391  0.63876112251496731  0.64919928814457240  0.65948706052869277
  0.66967878902697719  0.67981115486307786  0.69005223959598805  0.70032727499654690
  0.71070303183270245  0.72116108324620376  0.73160563789129995  0.74221251179249470
  0.75276500682805003  0.76332971913231917  0.77378329199411455  0.78417448552126978
  0.79454946262328963  0.80507722939234838  0.81560770557473594  0.82631379318537490
  0.83699334142115023  0.84767020061558307  0.85827344953951468  0.86871429876956541
  0.87927536857559219  0.88989948848499756  0.90062724711401287  0.91120845135515005
  0.92175079509856961  0.93243902303121640  0.94337870747036190  0.95432053538358752
  0.96520025021964206  0.97615347707455935  0.98777970559625150  1.00000000000000000
  0.00028379831675880  0.00401973286655983  0.00835905880384247  0.01317996443715927
  0.01874680143726640  0.02527814982924094  0.03235792193645471  0.03977508834862736
  0.04787386105594328  0.05626215015280989  0.06485691364693227  0.07379914305557732
  0.08297297171442733  0.09245039030694455  0.10194460268666723  0.11153858452238469
  0.12108202814588252  0.13071190477792818  0.14050099525252577  0.15035873457165369
  0.16036557006573066  0.17030885367555090  0.18037849980590120  0.19056306416991950
  0.20083363696646092  0.21113107647145327  0.22141489972341774  0.23165443625204257
  0.24180974390056564  0.25193756931362310  0.26216720048039771  0.27251969381818403
  0.28286370838287322  0.29317896497625412  0.30350763922691715  0.31393787049296329
  0.32439039874302816  0.33475127131598742  0.34507812034663699  0.35546363741926895
  0.36587485958698845  0.37630884676578630  0.38680183306497212  0.39751737879942206
  0.40823204828850868  0.41883931806846436  0.42937985949049806  0.44003750384274365
  0.45091084742809073  0.46171701458080927  0.47243552907234404  0.48306586297584636
  0.49374578647386419  0.50450773402364057  0.51534058167808972  0.52621133370873741
  0.53710603121752754  0.54795348425833623  0.55889679009446647  0.56977809354185160
  0.58053331884559223  0.59120256640794167  0.60201997322361767  0.61295340868003134
  0.62388542124058244  0.63462877295354714  0.64546272292370943  0.65655531349507978
  0.66780768288645387  0.67893561435424066  0.68997970145521825  0.70100823257739919
  0.71215650478480064  0.72334998600797451  0.73463109663553694  0.74590930460412830
  0.75709394141729791  0.76816653565445836  0.77916884579757828  0.79016379053700470
  0.80131971123301793  0.81262362920510123  0.82425186147744944  0.83604957238935862
  0.84794660818592438  0.85992921998778826  0.87194234725147157  0.88384684052349249
  0.89576371172086011  0.90796782064395543  0.92062427269940705  0.93362565799183272
  0.94712699285741075  0.96166390619035702  0.97901042967260876  1.00000000000000000
 -0.00254641226280368  0.00953342521697956  0.01975464210199863  0.03023799470302433
  0.04074728230994527  0.05120482261274720  0.06156094184648707  0.07205525684431396
  0.08245059756882157  0.09303121645024347  0.10356573636300452  0.11425237296816793
  0.12472732766475651  0.13532011215166606  0.14570593275298935  0.15631828204264311
  0.16676460456647457  0.17716326899775819  0.18757380789359904  0.19782671966546961
  0.20826803332722599  0.21860378238028977  0.22894576967676328  0.23934997170621250
  0.24983085701246627  0.26058553385586808  0.27128150323868083  0.28185283361120822
  0.29237999166855527  0.30292958928929209  0.31368732302298136  0.32440864967878241
  0.33522021747183117  0.34575969654582789  0.35620556287147814  0.36663511672654892
  0.37719646249359373  0.38778603117386923  0.39828345762886591  0.40888938004673619
  0.41956491510142901  0.43015706489068550  0.44074601994213841  0.45127927901186826
  0.46186259479970976  0.47242069382520102  0.48301567879503809  0.49369326655429124
  0.50439606639545431  0.51519906896749668  0.52595777571576929  0.53660689905664738
  0.54717190397894944  0.55786186131897275  0.56863186883305428  0.57932600218674946
  0.58974280152221681  0.60015935075286320  0.61074770278829549  0.62149297761364042
  0.63207831795058522  0.64266668230025670  0.65342130390709763  0.66421620688634342
  0.67499361304505368  0.68566824242026381  0.69657293503799611  0.70735141456640849
  0.71792465343308309  0.72847471103833705  0.73912178588723298  0.75007326938902019
  0.76079982925278022  0.77158052556155909  0.78206626681666425  0.79239316010024408
  0.80269510846363412  0.81308265060882079  0.82362368127733454  0.83397833943220989
  0.84424356656903365  0.85437449135063226  0.86460931821890985  0.87490200134517138
  0.88532121847529299  0.89567472951124094  0.90607915601928068  0.91649430195720394
  0.92725023145719598  0.93806115701602200  0.94865941621040195  0.95902078361216492
  0.96935804744186016  0.97962865559282308  0.98984927770352127  1.00000000000000000
 -0.00240139107949027  0.00927336359960930  0.01933480172869054  0.02957218516388939
  0.03991498686315331  0.05042086054402657  0.06102631191821446  0.07150935494787343
  0.08203097995880868  0.09265855002604617  0.10311842713292560  0.11345971313062837
  0.12374932249513686  0.13418837359925909  0.14460263637601958  0.15497032201877692
  0.16538558780722365  0.17592072523174171  0.18654284907494090  0.19714131919184871
  0.20772745738023141  0.21833687200770227  0.22888899243351410  0.23932397456972115
  0.24972459126847626  0.26031848844301436  0.27097963588163687  0.28158616323752761
  0.29220624137614837  0.30272872098092524  0.31331100238046511  0.32378072894605692
  0.33418815815268366  0.34450572818223318  0.35484944555212633  0.36542851201872362
  0.37610648017929427  0.38682388779633009  0.39747335923444033  0.40801034326280144
  0.41852210299071796  0.42899367907596819  0.43949512858040968  0.44994232137752710
  0.46042037770451999  0.47104419462360869  0.48168324691050241  0.49230311462145276
  0.50287825526771113  0.51339063117884354  0.52391008895682645  0.53433095441403045
  0.54494989212048262  0.55564543311760428  0.56617998175499851  0.57660403049033093
  0.58710220026711668  0.59784292036825237  0.60863810234556126  0.61926753470918960
  0.62990837500158214  0.64057305077841376  0.65121207229170830  0.66199096367393340
  0.67287694353278094  0.68392541850309274  0.69480785224345842  0.70549426458267761
  0.71629127089792333  0.72696643094746005  0.73784308348567018  0.74859917566030842
  0.75913362228718673  0.76969997685661640  0.78010842795539437  0.79050239590470595
  0.80072278025079235  0.81079932327934900  0.82108899168246519  0.83146542653765454
  0.84206749084133237  0.85263047897623301  0.86313736389617735  0.87341593284467567
  0.88373661895547162  0.89401041845987739  0.90457964276429792  0.91521908950446851
  0.92580288005201772  0.93645214666157084  0.94719535390975751  0.95806094671593611
  0.96881090660741787  0.97938855091950150  0.98974849358843442  1.00000000000000000
 -0.00256753182887360  0.00968999266275118  0.01992945832769953  0.03049702546648088
  0.04103542756679306  0.05147077491881239  0.06187049103895124  0.07243630965314159
  0.08313108782214396  0.09370451402661238  0.10446364811207523  0.11507574541759293
  0.12580988095792817  0.13630199701365117  0.14688681351145369  0.15742553047654043
  0.16801253427301760  0.17865311368302633  0.18934600662387996  0.20016214127004692
  0.21093694620673675  0.22167143902130296  0.23231818936698656  0.24284642064607370
  0.25331147628585599  0.26375769434349450  0.27444686973101029  0.28501922739926661
  0.29568411987034882  0.30610340742728598  0.31667836406037214  0.32730821214509376
  0.33800271679335314  0.34853773311148639  0.35903149375103199  0.36948966349910739
  0.37981652234741153  0.39005486869604528  0.40023272246812375  0.41052260721921990
  0.42056269914509081  0.43060290780524191  0.44073333504956202  0.45103292507993203
  0.46150723033903873  0.47206218593424959  0.48275611782258693  0.49341276438945270
  0.50402446068585649  0.51463948315728247  0.52517015152967184  0.53568689188116902
  0.54615527259779328  0.55660956263415440  0.56702006602994659  0.57747888409615078
  0.58803265294879592  0.59869753540444515  0.60949022468622793  0.62025681564152679
  0.63097723979035447  0.64151840647745451  0.65204982561600255  0.66264078511070335
  0.67315664218181670  0.68372953524242841  0.69417620634336730  0.70464447647794148
  0.71498675258296485  0.72549570973563138  0.73627730503339606  0.74720296109593365
  0.75801507042369098  0.76876996169780498  0.77952460386805611  0.79019121274405157
  0.80066496300220757  0.81121672629617159  0.82176177913404347  0.83219541243261808
  0.84257374102096150  0.85290440180521943  0.86330361310398129  0.87362659716035240
  0.88403991653888903  0.89455940822549118  0.90503678350281758  0.91563900500150286
  0.92621428426930053  0.93684851800423674  0.94744178568234105  0.95805405272177380
  0.96869734538241969  0.97919490058139425  0.98963093663161772  1.00000000000000000
 -0.00252305355099085  0.00940076425776218  0.01949421381406917  0.02987552294220003
  0.04039266669834281  0.05091146804646612  0.06152439922017273  0.07182825949701319
  0.08221725206381979  0.09243389571250969  0.10270209543101257  0.11318539597511287
  0.12376462968289591  0.13451683254146454  0.14524591102758619  0.15601977428660094
  0.16653568695437751  0.17675858670990255  0.18703135487259309  0.19747494852552447
  0.20804605587376981  0.21867226689864491  0.22923627723456969  0.23986775804015650
  0.25047815588856132  0.26106059616614641  0.27157829342620160  0.28203197106683203
  0.29243366300432855  0.30272006121050765  0.31315814258193392  0.32385259906731034
  0.33487897062731681  0.34577656694037423  0.35640081421268466  0.36688377566263120
  0.37740994233422281  0.38798332658445250  0.39853394114095675  0.40897820097473470
  0.41945242985802617  0.42977460856861782  0.44006074702599507  0.45046232614094278
  0.46090782086619619  0.47140629876152601  0.48178270878844998  0.49233600104268427
  0.50298742307108346  0.51376223221583128  0.52440976274311690  0.53509718558240693
  0.54580061840963368  0.55658992044317601  0.56723967861269942  0.57777230399271662
  0.58828367744531462  0.59896610527866523  0.60960299115939665  0.62029518325646349
  0.63091413364277427  0.64153566346892299  0.65218771961075717  0.66267128456688240
  0.67324887065500982  0.68384523505174910  0.69460684553545071  0.70536391599012349
  0.71612312566988945  0.72662332182416578  0.73701865203036132  0.74736982253171924
  0.75796307700978083  0.76842231240328596  0.77880104847058218  0.78919608886803827
  0.79974643079139707  0.81025095310710094  0.82058738963349465  0.83088721151628231
  0.84133973015256791  0.85181929304360082  0.86234886040606118  0.87279366005340742
  0.88334811245849898  0.89391311684325325  0.90438416505840191  0.91471905822769439
  0.92502108756367085  0.93551661065701097  0.94620421987473091  0.95692675999502463
  0.96758786964282117  0.97827188346901284  0.98912381734303712  1.00000000000000000
 -0.00252811375627064  0.00967485834533440  0.01976580495837637  0.03034219591678189
  0.04099629963248141  0.05174339662589051  0.06208736142393070  0.07243004762181300
  0.08298139992137959  0.09365465015026300  0.10424039947369754  0.11464384733797134
  0.12526401070557375  0.13600486029808523  0.14703724459431786  0.15796438073817637
  0.16885040341116678  0.17953116778846986  0.19015367777500797  0.20079924994084294
  0.21133994563074190  0.22194999888560082  0.23245607984563124  0.24295691636214839
  0.25359213282405013  0.26417789640317019  0.27478318579063110  0.28510897998363782
  0.29538617230964459  0.30568126910119975  0.31611359578872489  0.32655498519488962
  0.33702258418918912  0.34756416790875005  0.35826047901150954  0.36894315947129003
  0.37949482149134295  0.39013067510768185  0.40058934636734111  0.41111099261715184
  0.42147843352069009  0.43197708175184785  0.44246111150126283  0.45286482862455935
  0.46307767297609997  0.47339682205321154  0.48393354801648392  0.49458633537107682
  0.50513183765995817  0.51553498363121808  0.52616125805265779  0.53684081703854747
  0.54757524547772396  0.55822878953921018  0.56881969929151321  0.57946815861933354
  0.59012679281321523  0.60077446369810417  0.61125860983081770  0.62186356226045814
  0.63236537284395666  0.64293336425987913  0.65357393800818941  0.66440209813689621
  0.67516935371783116  0.68582420058299753  0.69631207542797613  0.70672634256843159
  0.71691477199098630  0.72732133844317404  0.73777070743055950  0.74827759500026991
  0.75856707403654222  0.76882755855371443  0.77922684909962792  0.78972077646702787
  0.80046654072063728  0.81124117071678603  0.82219261216950823  0.83299255665618566
  0.84357629010008095  0.85402911712233420  0.86475144645847668  0.87535098914562259
  0.88595029220114208  0.89639753140426448  0.90703528023040880  0.91747859242441809
  0.92771984741262492  0.93791211328619295  0.94821948461905892  0.95858560613829780
  0.96904760332408180  0.97938992842445716  0.98972786343449570  1.00000000000000000
 -0.00252734482536802  0.00980920647689552  0.02005781469866858  0.03066761166994413
  0.04121621729632439  0.05174664890139361  0.06234291026720293  0.07300052358681154
  0.08370954776396200  0.09435019714563586  0.10481021490952856  0.11536740433082253
  0.12597380748560652  0.13657715876856727  0.14723194315043292  0.15781552179060765
  0.16852148531462685  0.17888024749116846  0.18948297004408018  0.19990281517463707
  0.21049456046875906  0.22094781391584523  0.23145045016039054  0.24201407850994794
  0.25256113145379588  0.26327290508796136  0.27386818148041553  0.28456403911368761
  0.29509830094677408  0.30541902123786885  0.31569046641915877  0.32602757421058476
  0.33673404219853831  0.34738783433479964  0.35782604215505309  0.36836305731395458
  0.37865048709227633  0.38925154544983620  0.39965606965480849  0.41038743739995853
  0.42102443023980707  0.43173904805636987  0.44246984811040402  0.45324808648939841
  0.46399588072227366  0.47463747051754079  0.48513304136273311  0.49562072219431774
  0.50607304455672664  0.51654448202237246  0.52707228199856848  0.53756701100338711
  0.54805067095219617  0.55840673840751720  0.56878416546078536  0.57926019935717687
  0.58969743305147571  0.60017607493687353  0.61062455496627743  0.62130906563730748
  0.63188114350881897  0.64251977301698915  0.65301312161205982  0.66350440006197320
  0.67411198823898388  0.68473407687541210  0.69528928905340304  0.70568573742526575
  0.71604490534973575  0.72651598821221097  0.73688879005485974  0.74737419154433526
  0.75782706694440838  0.76831409151773833  0.77879025305691230  0.78933960101555600
  0.79983425427591071  0.81033909221234113  0.82080606228318687  0.83130951965210098
  0.84192651852508449  0.85251341763685107  0.86325302824663508  0.87382139239641277
  0.88452532154338270  0.89511308652355925  0.90557852456444587  0.91599426250566396
  0.92652379055994327  0.93716550996597014  0.94774038793421067  0.95828171972673004
  0.96886549689032342  0.97939613671041026  0.98970854187301394  1.00000000000000000
   16.169830215903250       -1.0000000000000000     
 F F F F F F F F F F F F F F F F F F F F F F F F F F F F F F F F F F F F F F F F F F F F F F F F F F F F F F F F F F F F F F F F F F F F F F F F F F F F F F F F F F F F F F F F F F F F F F F F F F F F F F F F F F F F F F F F F F F F F F F F F F F F F F F F
  <DiscreteSampler_grid>
  grouped_processes
  1 # 1 for a reference and 2 for a running grid.
  10 # Attribute 'min_bin_probing_points' of the grid.
  1 # Attribute 'grid_mode' of the grid. 1=='default',2=='initialization'
  0.0000000000000000 # Attribute 'small_contrib_threshold' of the grid.
  0.5000000000000000 # Attribute 'damping_power' of the grid.
 # binID   n_entries weight   weight_sqr   abs_weight
    10   10   4.973228546876412E+012   6.813091354547877E+025   4.973228546876412E+012
  </DiscreteSampler_grid>
