 -0.00317339298170338  0.01101538989391325  0.02257045201339351  0.03287201032600357
  0.04301809687671059  0.05323636470675325  0.06394149318240025  0.07424911417828917
  0.08484424740003181  0.09608166702270179  0.10763951844540501  0.11893812132444243
  0.13042659661599285  0.14206229189174371  0.15411337711150461  0.16641843795720135
  0.17880146178666032  0.19026574849542030  0.20055666333350375  0.21062412728220076
  0.22041657042948898  0.23035377692675385  0.24062050051092365  0.25137170782769097
  0.26304893534508189  0.27537360422824286  0.28790932095174171  0.30043182454738504
  0.31322103590805772  0.32561612460014278  0.33862679244962446  0.35054204932424787
  0.36209240784661512  0.37262453337142637  0.38308701196505190  0.39351309724581346
  0.40471476494924691  0.41594635926568735  0.42711724705774551  0.43833036806386610
  0.44917341442998360  0.45969406194494683  0.47027888993759914  0.47990835027211415
  0.48927672877772177  0.49869198425188171  0.50899981197792599  0.51960418845452117
  0.52959630105256039  0.53908413271642464  0.54822678337103081  0.55749050149929469
  0.56754802300298257  0.57759097735531195  0.58733264359181936  0.59682418605541754
  0.60700465304649176  0.61773900856167951  0.62843540915107055  0.63917909988650812
  0.64961053765781174  0.65940392475672649  0.66856959520356440  0.67715457885492092
  0.68661969351657970  0.69653664434576867  0.70609935684008784  0.71537376585130641
  0.72456461136976624  0.73457746184910033  0.74674181323682365  0.75832866702741664
  0.76931012754817030  0.77984890635675164  0.79008330627269363  0.79980106667587925
  0.80881892403379885  0.81809276423178146  0.82802929963933891  0.83900265378784344
  0.85077769747351273  0.86259389641972894  0.87431733115203092  0.88563545464160709
  0.89671503178680401  0.90733894817682070  0.91752290065874131  0.92743407251116106
  0.93706941506308439  0.94632582806877308  0.95548661728473705  0.96458886337292382
  0.97379224701156453  0.98268687778042674  0.99153344368526597  1.00000000000000000
 -0.00044918893679074  0.00612194467099206  0.01327090559681442  0.02088677375211758
  0.02900890681587346  0.03722924267114858  0.04552024856264079  0.05396013865772040
  0.06287326794856718  0.07232397312159783  0.08222594640784894  0.09261016916128770
  0.10323723596257696  0.11373269024914896  0.12416578842228511  0.13450147286735631
  0.14463335782246278  0.15466403650926788  0.16456327506968282  0.17453347225229757
  0.18440451525693577  0.19361865603606873  0.20268703343482539  0.21180874771347696
  0.22139624313419451  0.23041822787190572  0.23913329948165107  0.24839154912460926
  0.25896682416451139  0.26953941909773149  0.27896824851411928  0.28847665298583347
  0.29935977975180095  0.31116035537306497  0.32320063680350403  0.33461202270525542
  0.34570835933569832  0.35675298639680991  0.36804805198126317  0.37929696906117788
  0.38991496865865888  0.40152903556042668  0.41437157628910604  0.42705817640350280
  0.43937859126246548  0.45054683113842336  0.46098456903659707  0.47070882687452342
  0.48124681513675899  0.49147939416447922  0.50110854854835984  0.51006035499288582
  0.51914654557893281  0.52912566058316302  0.54030321765067890  0.55192953816105172
  0.56388419412500967  0.57589369624842934  0.58802795836566801  0.60029777616033120
  0.61230080974458079  0.62383064801648735  0.63609838969166699  0.64814228037610833
  0.65839730831154464  0.66900711021166259  0.67983015416493020  0.69052591697804944
  0.70063804381113282  0.71072212948963032  0.72087946113051682  0.73123718219246570
  0.74119588543458981  0.75055258274595837  0.76009215570682109  0.77000280570129309
  0.78060853044001277  0.79155214743957725  0.80261509959356769  0.81355533917478384
  0.82446657167485948  0.83575369384357134  0.84719437501730277  0.85838827472422941
  0.86891822832782373  0.87929682487501282  0.88953197843642118  0.89962922792329691
  0.90981749758614472  0.92075215101008656  0.93259046032220061  0.94470638041334076
  0.95702102744179807  0.96981101333697517  0.98403935184012958  1.00000000000000000
 -0.00834705368885588  0.01821593060913427  0.04200170380915245  0.06574064847547517
  0.08918684991196049  0.11220680436323476  0.13259448316319666  0.15162577396097346
  0.17128755441064719  0.19091086500227042  0.21040231857662398  0.23177124155070991
  0.25408403240531485  0.27679158912545332  0.29943771987978102  0.32184144582183177
  0.34432889616482443  0.36691202233249459  0.38962349655879858  0.41238554286858953
  0.43541608696824302  0.45843308616300049  0.48139906499912027  0.50413795785126969
  0.52667879724782285  0.54936805090896246  0.57210176146686142  0.59692320001958832
  0.62206394890998262  0.64963334211334833  0.67053551273752499  0.68071206418685282
  0.68929345636781758  0.69076386314856897  0.69274947577342361  0.69733492541153752
  0.70212863978368367  0.70690840210524375  0.71162957455596210  0.71640243629848566
  0.72124136102565894  0.72594060553276873  0.73065368296943001  0.73546243189304550
  0.74027181299218303  0.74505608847656424  0.74984535370976035  0.75466884758999264
  0.75950727128894790  0.76441800281487926  0.76933965994751019  0.77431554417736048
  0.77928524306826619  0.78421650231425521  0.78916821137096482  0.79419868472373012
  0.79914739656404687  0.80407349369222836  0.80902029670175946  0.81394955256324308
  0.81883338479157253  0.82369500611084312  0.82867221930468926  0.83368302349448276
  0.83867747588848396  0.84368506438298951  0.84868326598753341  0.85372616542749546
  0.85873567611179025  0.86372061523626531  0.86877988957642682  0.87393670394963086
  0.87897915787450298  0.88395857483182283  0.88905785319454156  0.89425877857513281
  0.89946141951682679  0.90475301321964319  0.91006769238750629  0.91527101936637789
  0.92045808749802716  0.92571719123686536  0.93101868247007169  0.93629131496189621
  0.94144537888790403  0.94662881477752481  0.95194958720335043  0.95733878350049662
  0.96264303993907596  0.96783582400232460  0.97306519671174119  0.97840772663473230
  0.98384297768388618  0.98926647964293668  0.99463257039816699  1.00000000000000000
 -0.00264540079485890  0.01014961723636420  0.02066067393386011  0.03161601592470210
  0.04355665958020463  0.05623697941214578  0.06830551308235783  0.07962010936100199
  0.09110006065025415  0.10256392450268745  0.11362699627172097  0.12447319104589324
  0.13538190914200493  0.14642076842061905  0.15751725889275964  0.16841187163573423
  0.17901006465804153  0.18966319760906264  0.20046069927942956  0.21078420623063127
  0.22020143347288337  0.22912981053754977  0.23804693756712716  0.24717546504283500
  0.25716322337156600  0.26787538525599541  0.28007288735663571  0.29282469255062132
  0.30703677035221094  0.32098544656706435  0.33406684011854088  0.34681612930380168
  0.35812562379077406  0.36871928864984749  0.37886468663320017  0.38858170741730652
  0.39829702853953114  0.40794989388366981  0.41782035198105222  0.42757448864433967
  0.43756473355615094  0.44772949136744705  0.45749998329852704  0.46707919578474055
  0.47656338748572286  0.48601235185678826  0.49589795547512588  0.50588436272626791
  0.51632131867108477  0.52662956876204237  0.53753889320621329  0.54770808380649105
  0.55725936118705932  0.56681082803261795  0.57612622711848127  0.58576246217753980
  0.59478492841845343  0.60556829684976388  0.61587184509675863  0.62603046307575605
  0.63555375375493128  0.64472348418200398  0.65429432775539009  0.66413368726571098
  0.67376220633726369  0.68338805846383022  0.69303352989748424  0.70238806875449555
  0.71183813061086554  0.72133030190318681  0.73135052768453002  0.74158539872415596
  0.75150158835581005  0.76148425715344314  0.77185219353699497  0.78334417295210035
  0.79447721059144150  0.80496649944427678  0.81557118076599022  0.82697915475965478
  0.83893399779254973  0.85067590532117499  0.86181299829340741  0.87227044950941490
  0.88250704154575776  0.89241668251189743  0.90206659833682878  0.91229334346849977
  0.92293576766858565  0.93435377889309956  0.94535634573013094  0.95666093115069806
  0.96697872526505457  0.97759696415807462  0.98868612040509474  1.00000000000000000
 -0.00256881392450373  0.00950528798099140  0.01967365477100981  0.02980873329276397
  0.03984750726335277  0.05003082641784504  0.06009715409996585  0.06974580880030444
  0.08002588897854755  0.09088476608528724  0.10173279352461942  0.11246407491590939
  0.12263615601646553  0.13203770034448647  0.14126047515676926  0.15080087302642842
  0.16072229892282880  0.17025763411176914  0.17949923585062069  0.18897597639619623
  0.19916217018183877  0.20923047797926345  0.22048310828247991  0.23219499664757037
  0.24445050926678616  0.25755210595510536  0.27047861973515547  0.28261632771995443
  0.29439903072775775  0.30648782738908087  0.31860408579259158  0.33031400475459055
  0.34126544267408765  0.35139612728791020  0.36145092199683687  0.37153630039030094
  0.38172592270618566  0.39179448742944079  0.40168023664201047  0.41155975668019112
  0.42157893427766890  0.43171235711188005  0.44173769001078700  0.45142561085554461
  0.46110533149746741  0.47078959802594367  0.48066525921848080  0.49061106224598811
  0.50046793568416181  0.51056371354272201  0.52003674098863983  0.52912799675678279
  0.53775446463834775  0.54711867479167198  0.55641344938103410  0.56589440473057473
  0.57514628783802202  0.58458233336686904  0.59469219385921790  0.60464088109996672
  0.61412935811090430  0.62382858362167404  0.63436888633802413  0.64526980244519605
  0.65607783618862714  0.66694412707435435  0.67832981502834100  0.69016890797781516
  0.70190518546323655  0.71278088608466061  0.72246335818965923  0.73196480935065766
  0.74167335003775436  0.75146835560742564  0.76103425022351379  0.77143903118562562
  0.78387253509204791  0.79691774965540929  0.80937714862813992  0.82095553258136633
  0.83174633953967225  0.84283251594297226  0.85417145861767818  0.86554966220645602
  0.87632635942024173  0.88669358227583495  0.89739301695009221  0.90857109582056206
  0.92032843254719598  0.93228209933760153  0.94439484086747405  0.95719054834777828
  0.96859896799361711  0.97945084575184316  0.98961834321918973  1.00000000000000000
 -0.00326357689916941  0.01218379833767010  0.02530274801393479  0.03856561051977887
  0.04966335612326588  0.06012259440796867  0.07073320591707948  0.08145699637772928
  0.09211266185156589  0.10239954024440963  0.11246344040247930  0.12256276581317690
  0.13319080008951556  0.14437085824685392  0.15555571237648361  0.16617107600272396
  0.17612887386273443  0.18557284951611444  0.19446553833433400  0.20317025571748656
  0.21240640550338979  0.22238627149163478  0.23317073665308732  0.24396206632996972
  0.25652996227063762  0.26936574366451632  0.28158792970880719  0.29344239794555205
  0.30517591748986905  0.31651445818748969  0.32757197714102987  0.33831952657966013
  0.34898096268781909  0.35934618771753896  0.36947536795611724  0.38020118689916660
  0.39172504016889548  0.40344338173147515  0.41508916497170190  0.42585800966021797
  0.43702279705901798  0.44701507076372693  0.45661577758664373  0.46604497239863341
  0.47525802246446414  0.48456290656829643  0.49405921346989395  0.50392668540462415
  0.51398639889033171  0.52414715407582202  0.53444959831290217  0.54461553327274970
  0.55434635257157938  0.56385125336057906  0.57341575765336483  0.58298279027073063
  0.59257513709012033  0.60281786443026797  0.61366785760616738  0.62440472631856858
  0.63462069584859992  0.64453354916279071  0.65420531036972063  0.66367895352016582
  0.67339295806529587  0.68298145958835099  0.69266232251220916  0.70229046980834042
  0.71192847939033232  0.72197532976598866  0.73256100746579011  0.74336157933475666
  0.75350156809299396  0.76299886602025979  0.77259787841789962  0.78221512285032158
  0.79312396109627026  0.80383128729055731  0.81447146743335341  0.82580515425942580
  0.83729933103863663  0.84882730714307397  0.85930261385562146  0.86885009702902749
  0.87891709797177131  0.88881389487161699  0.89908978542171125  0.90906482654429221
  0.91894102941991362  0.92947383895969504  0.94091468895872166  0.95400029565624833
  0.96691361110894447  0.97859347279068731  0.98960812038724266  1.00000000000000000
 -0.00267683079567105  0.00982728144483968  0.02097105908046229  0.03144765117782972
  0.04213208199456547  0.05195643646808816  0.06215752344569455  0.07244933950634504
  0.08305147930814684  0.09394225672280541  0.10533868661940445  0.11740296040769421
  0.12943446298971137  0.14150154636921744  0.15250288135673851  0.16336670558211816
  0.17409225284495758  0.18422840211075617  0.19352319097494702  0.20223318763354547
  0.21098030371695373  0.22103019855384182  0.23054550553676104  0.24068743349915980
  0.25006268041051077  0.25945931749302220  0.26894774851802578  0.27851579160830486
  0.28844113815709849  0.29902212276027013  0.31022366221007153  0.32114096298002393
  0.33125361809121456  0.34057676124685488  0.34974609156078112  0.35905832342724087
  0.36813037687497652  0.37718188075303205  0.38659382659121583  0.39624834651647506
  0.40612104796829945  0.41553863278222936  0.42473456181295233  0.43448571008574621
  0.44548337118737602  0.45673000607627312  0.46740993241014317  0.47787920603774225
  0.48890778582320371  0.50028355420298554  0.51202337476387105  0.52358039855011584
  0.53514783314544634  0.54651130850887519  0.55740144666117508  0.56845502445031049
  0.58008955450532185  0.59157196652337463  0.60364256074025957  0.61427956178134258
  0.62557461588072960  0.63648434022478917  0.64715976069996828  0.65719815198249898
  0.66735347650341315  0.67699596521834804  0.68638437585476697  0.69586716808369642
  0.70500456822860080  0.71457442428618190  0.72464664565330494  0.73618866784484660
  0.74931090974143810  0.76289679433140078  0.77615096311853971  0.78777654195001146
  0.79895645639631496  0.80896687988343674  0.81892614378756456  0.82855782899654484
  0.83828387475163524  0.84843907586078815  0.85939462820923984  0.87268421185556233
  0.88415143962467013  0.89524350520636120  0.90548260315922613  0.91567032076706800
  0.92713741479981748  0.93814656917103967  0.94974808109512132  0.96036784469166603
  0.97077762143326496  0.98093649855168363  0.99067805878177895  1.00000000000000000
 -0.00287732918453830  0.00963981470258054  0.02121334900868187  0.03271852880089166
  0.04463006817606834  0.05652880593321174  0.06786044026738322  0.07859892885075483
  0.08868648859832727  0.09858118615217831  0.10830478357723908  0.11762210481569478
  0.12719703158453968  0.13753218457316024  0.14866249495243214  0.16091182251380678
  0.17314124139197112  0.18463335400504963  0.19551281723268013  0.20625462801688307
  0.21757358498994653  0.22963958901145889  0.24263262937508001  0.25594385063530944
  0.26856361682165691  0.28039005177054305  0.29110314388351255  0.30184488376161500
  0.31321306167547891  0.32452051223786726  0.33709835551017364  0.34969643608870615
  0.36075606067138699  0.37131960326515717  0.38257170974210897  0.39383071612325693
  0.40454118835420916  0.41497231600205597  0.42500251504360609  0.43502232809294439
  0.44427226630157213  0.45325993662694281  0.46215868017456052  0.47148313811445169
  0.48162659837184529  0.49231094174225415  0.50253897471244835  0.51264066874124625
  0.52269803089656341  0.53279288714965445  0.54387159172261901  0.55538814477083531
  0.56633309028304568  0.57633209954402675  0.58621505449687272  0.59688926181934598
  0.60848037073182226  0.62040810007395886  0.63171732200819097  0.64211817172188224
  0.65213991824834650  0.66191919027137991  0.67174785636641388  0.68145743703399198
  0.69097260403145078  0.70046244618797726  0.71010677862347438  0.71966249672983573
  0.72866633590363949  0.73736304822225607  0.74624746694317901  0.75580475496398103
  0.76540164624023266  0.77517783335878432  0.78516434891430809  0.79503282265630071
  0.80446975780702712  0.81367259102816880  0.82373603184845523  0.83459388861773509
  0.84458345392246226  0.85363949234759084  0.86240525973587445  0.87163528895080944
  0.88103832579775232  0.89002977396396510  0.89955100010743905  0.91022199582518160
  0.92150130058823498  0.93352727127933677  0.94578116095127707  0.95846518648711854
  0.96910760664962536  0.97965679759546320  0.98961104080236573  1.00000000000000000
   60.724042074440291       -1.0000000000000000     
 F F F F F F F F F F F F F F F F F F F F F F F F F F F F F F F F F F F F F F F F F F F F F F F F F F F F F F F F F F F F F F F F F F F F F F F F F F F F F F F F F F F F F F F F F F F F F F F F F F F F F F F F F F F F F F F F F F F F F F F F F F F F F F F F
  <DiscreteSampler_grid>
  grouped_processes
  1 # 1 for a reference and 2 for a running grid.
  10 # Attribute 'min_bin_probing_points' of the grid.
  1 # Attribute 'grid_mode' of the grid. 1=='default',2=='initialization'
  0.0000000000000000 # Attribute 'small_contrib_threshold' of the grid.
  0.5000000000000000 # Attribute 'damping_power' of the grid.
 # binID   n_entries weight   weight_sqr   abs_weight
    10   10   2.031925496427380E+013   2.057792314083361E+027   2.031925496427380E+013
  </DiscreteSampler_grid>
