 -0.00324503294642468  0.01165700809398712  0.02528201454603553  0.03922611397075403
  0.05159922813162281  0.06289741712089268  0.07373646579543000  0.08403162192656156
  0.09413951752132310  0.10450810098339662  0.11637229507991644  0.12832142707029193
  0.14021601274005155  0.15242097968124291  0.16477718144596681  0.17707894533843441
  0.18922225312560076  0.20109773083914231  0.21283851181478627  0.22471245250109592
  0.23592568136719466  0.24657187252541365  0.25696211382588391  0.26690501712766390
  0.27695953104489485  0.28685653708365016  0.29645628835521032  0.30564127161894011
  0.31464661257566984  0.32343424445381314  0.33203252283494267  0.34011921486163099
  0.34827932917180443  0.35696563541933463  0.36607317706298331  0.37598059581830301
  0.38609400483822981  0.39547806995185031  0.40668580214483468  0.41835753767318018
  0.43044235744974957  0.44152374264748218  0.45107614016873199  0.46032572790747694
  0.46971704358997640  0.47972639494789798  0.48975852790587521  0.50036169785302942
  0.51168774447291532  0.52257155691184742  0.53313702781661643  0.54367343264259038
  0.55421208112569087  0.56418527061950352  0.57373622946894198  0.58313222327519287
  0.59291597862510537  0.60343544632808366  0.61452945009549853  0.62574423119631684
  0.63682730760695871  0.64798608409613956  0.65910419636765694  0.67030909575861197
  0.68172113966137737  0.69325858290885434  0.70460667332557247  0.71600809425322132
  0.72742490158534601  0.73854707049068746  0.74893794305687045  0.75867127108530852
  0.76820078924464896  0.77809374317279201  0.78842708943204765  0.79961912713600025
  0.81110053865305898  0.82159302709854143  0.83151128397899177  0.84108727033008412
  0.85095221314212000  0.86123002780356850  0.87133503725169703  0.88111574591045372
  0.89043191017114276  0.89971483840889210  0.90907764839381655  0.91861673794787146
  0.92887757888217992  0.93975568169999313  0.95083124666712537  0.96099234405878897
  0.97032377496030853  0.97962786303981386  0.98946191050326915  1.00000000000000000
 -0.00039735903082024  0.00599727349427870  0.01262712247850148  0.01974734742215908
  0.02773440048563056  0.03614897749898021  0.04466604606872816  0.05328058948509544
  0.06247936590266876  0.07273769360251042  0.08329712880245634  0.09314828948300738
  0.10249915016169418  0.11198478777813362  0.12164615088923320  0.13185976723611426
  0.14243394053373426  0.15338257413663350  0.16477194894183606  0.17650906068584890
  0.18786227026954483  0.19900185532067846  0.21012092834224258  0.22077042998242022
  0.23262280198459165  0.24522733332783056  0.25582104695520447  0.26647897801674542
  0.27692910110117025  0.28693408742024573  0.29621443567827721  0.30549755984238691
  0.31546135085430349  0.32651960532145913  0.33778829543230188  0.35006770468427045
  0.36300183656731855  0.37479089349507499  0.38562227406066318  0.39577893596256553
  0.40602614082163668  0.41646470600863411  0.42631940367740301  0.43601858429744406
  0.44675053537234310  0.45756367237723899  0.46776600744384766  0.47867836669743291
  0.48928313760526898  0.50003450270124417  0.50992193530186969  0.52014533296595933
  0.53046186465763590  0.54085663624979496  0.55103995444730780  0.56126334548651580
  0.57147254928009095  0.58143153609879450  0.59156312843686154  0.60197022367664921
  0.61259069236586428  0.62317742274823318  0.63386906156524592  0.64449200461827005
  0.65485721718497514  0.66501636406415954  0.67561378791914217  0.68599316284638412
  0.69602932261198058  0.70588868952683892  0.71601182171521505  0.72677635701187560
  0.73726654215462650  0.74726311537736323  0.75695951036752140  0.76696995194677220
  0.77749411034476246  0.78769465295596497  0.79768504609202595  0.80767503268420049
  0.81795644452346761  0.82839876815816094  0.83879700213531516  0.84910533607923300
  0.86009216067778038  0.87108996353504231  0.88215079591012691  0.89338089893184525
  0.90646586520612127  0.91999077673780350  0.93297532893108104  0.94486750529197028
  0.95696142413677843  0.96979468179665862  0.98445438942908514  1.00000000000000000
 -0.00842036770921614  0.01783752740425836  0.04134820168011671  0.06507060566770445
  0.08852399565238564  0.11160576805765271  0.13194556143993985  0.15128777208973254
  0.17092172084996021  0.19035889482497070  0.20958729070298743  0.23092023815553492
  0.25271519098136874  0.27483566465473197  0.29676934163153074  0.31852592580798555
  0.34039283887905342  0.36228167432409575  0.38415010838445629  0.40610587119570052
  0.42819067855303428  0.45037326372644204  0.47259060350079402  0.49461503838287163
  0.51656789621811727  0.53837131785076897  0.56154730900092242  0.58573814965384685
  0.61060155660388116  0.63526841215562924  0.65362101277603846  0.67026140698933812
  0.68374740812233104  0.69021271833035880  0.69136129583615846  0.69417868923231729
  0.69916520247967939  0.70398781576132818  0.70874029764195423  0.71348952549947242
  0.71824674923044529  0.72296102969016751  0.72770012372757364  0.73249168882502502
  0.73733043049582392  0.74215792647520196  0.74701761787069754  0.75188835480490779
  0.75674927445372708  0.76157393823401875  0.76640239230430240  0.77131521428909511
  0.77628030125199499  0.78127148401745061  0.78620654631565678  0.79110487699445320
  0.79603317680011676  0.80097556171870332  0.80595136384030808  0.81096823514463490
  0.81605295202429884  0.82107384812779083  0.82607359840301953  0.83108261913567916
  0.83611868217999941  0.84118438716252941  0.84627765560371115  0.85137824268543438
  0.85646997428469063  0.86157300202275455  0.86665758590220499  0.87174605766548086
  0.87694639441114031  0.88218032247059397  0.88742911862231533  0.89271366856943979
  0.89801768240394453  0.90334316976777052  0.90873199490958811  0.91407784266447767
  0.91941464660440253  0.92481543658291876  0.93022088288289140  0.93554581190715191
  0.94087311235184590  0.94621285074571038  0.95155976264367759  0.95689246832206232
  0.96219572395237518  0.96750516205184756  0.97285578013654317  0.97830574258913261
  0.98378072379594106  0.98919516631453430  0.99458031106271028  1.00000000000000000
 -0.00236478743333697  0.00944019399729639  0.01915988992880764  0.02895459177986437
  0.03846508925886485  0.04773057338034978  0.05647479002703390  0.06520703144608524
  0.07400387911033660  0.08301195534121612  0.09285060338567236  0.10358312224641567
  0.11565637199238273  0.12792567512937703  0.14038963131943125  0.15285788305802525
  0.16482055670341550  0.17629032397298178  0.18726411673310916  0.19785730292986406
  0.20791748087970616  0.21746869526216547  0.22720867006278656  0.23709118862163267
  0.24699321722340711  0.25707237940384536  0.26645384073107481  0.27575765894999255
  0.28568395961552473  0.29589727645142128  0.30587068793350602  0.31565649537083984
  0.32600492755503369  0.33686404838189832  0.34734655215284577  0.35825070376187879
  0.37056540752620637  0.38265749251526465  0.39452333405606377  0.40604546393438762
  0.41743624914676314  0.42911029416080826  0.44084324580116996  0.45285337771902745
  0.46389096503710325  0.47444866842920153  0.48560245850658218  0.49681317741636050
  0.50679932658681104  0.51657093116837827  0.52673982214480985  0.53735563703212041
  0.54794547476604571  0.55862533250459112  0.57002400773755935  0.58191041875177341
  0.59428005521751193  0.60638650081042200  0.61772115804456829  0.62862814539169753
  0.63926541434053386  0.64907462203137489  0.65810775270271793  0.66680237830430455
  0.67574362206454308  0.68488889213710091  0.69431915398230226  0.70354535103907445
  0.71327892128580717  0.72367452477767025  0.73496937442682697  0.74681371219587978
  0.75824302170366442  0.76922765780912894  0.77918820419570800  0.78903741624721258
  0.79898829729441490  0.80880615846460258  0.81805736404420037  0.82686374355288528
  0.83672683643329993  0.84651418789553179  0.85600359079779320  0.86552375593827535
  0.87571751537493658  0.88746670412608564  0.89871047703120588  0.90917812440219781
  0.91962341063208530  0.93024693284299753  0.94108238672676015  0.95183302772596112
  0.96299165549461718  0.97497649570135403  0.98723442897246383  1.00000000000000000
 -0.00294350723055635  0.01037089331325299  0.02136763342419006  0.03186717368747265
  0.04257380580641035  0.05306929428026005  0.06388752067841542  0.07444451881218606
  0.08493889109202367  0.09608802635949037  0.10773931626034063  0.12023401799257662
  0.13293921127098304  0.14505450444890847  0.15634369489228611  0.16732527150994134
  0.17880605549523865  0.18947505993973610  0.19832974291295125  0.20695594051013694
  0.21612367528270346  0.22564562526474780  0.23478761775615628  0.24338657706965156
  0.25262693545483261  0.26281882496784376  0.27266290233418422  0.28279510265682950
  0.29241898773400404  0.30236471495875217  0.31220800520056669  0.32180914098513658
  0.33178034571623444  0.34199895406100361  0.35244609865705057  0.36277531295700272
  0.37244879680799109  0.38326377072299200  0.39467862487983979  0.40691088063042813
  0.41811509616615872  0.42820210830003541  0.43853997403411393  0.44969343543453821
  0.46095689508873111  0.47173320217312847  0.48190486094966178  0.49277054825090794
  0.50342202404371694  0.51482074598022920  0.52671973544870720  0.53958094689357150
  0.55338491215980312  0.56598141501181387  0.57682714579286287  0.58697037306906374
  0.59669917435645625  0.60625100569424561  0.61528182149548083  0.62445081788419465
  0.63415871661886269  0.64364913755314934  0.65308692124962764  0.66234973746876769
  0.67196033493381058  0.68210620294513047  0.69264262718160896  0.70351238991067300
  0.71421072004008979  0.72515092287044014  0.73666626166869631  0.74830418432383916
  0.75865178933815802  0.76838425308134550  0.77722412972444443  0.78636654736926714
  0.79590789860284172  0.80574695235961658  0.81527598416593972  0.82462338139940761
  0.83467379237417028  0.84564395851901253  0.85669463173463578  0.86739527301621056
  0.87885795255879817  0.89098340604462845  0.90344808899549722  0.91589982166564221
  0.92725757443553669  0.93825772961235265  0.94862685478768782  0.95906155374287494
  0.96966068656735038  0.97960468481020269  0.99001891042156087  1.00000000000000000
 -0.00279691362040602  0.01025833340475344  0.02172320416958267  0.03339430602985100
  0.04454559105838717  0.05534510929032941  0.06539836572547193  0.07469869707224752
  0.08427085541267132  0.09442815768390034  0.10507592714799513  0.11633419471063787
  0.12742445064049202  0.13857098070988608  0.14947180724505044  0.15974302051204597
  0.16969291238215095  0.17948264166573827  0.18921093490187141  0.19901489185992025
  0.20967687700455423  0.22144084101965267  0.23272239302159706  0.24277636899264154
  0.25300384754310462  0.26380319715435835  0.27505398788885677  0.28639313122915555
  0.29687218548879796  0.30661791543964267  0.31605185843533240  0.32549871153739046
  0.33534141661551825  0.34509025311274877  0.35483341990355100  0.36568614826895823
  0.37654444231233547  0.38798946853579630  0.39877693305090312  0.40864465445997844
  0.41867806150936498  0.42885250821476550  0.43863083583290685  0.44761042244143234
  0.45633484247659561  0.46532977668676423  0.47558097996400839  0.48638289904765242
  0.49692162269614676  0.50751904118402080  0.51886742472807745  0.52990379904528151
  0.54093170802324175  0.55172192745431159  0.56251380461199563  0.57354823996980986
  0.58386372370329664  0.59421941017230528  0.60376934261874293  0.61479808375697942
  0.62533864891422397  0.63597857533403179  0.64660117248636850  0.65755222963430382
  0.66902574481521671  0.68115085633321870  0.69229062288157772  0.70202648151330138
  0.71127903291500905  0.71987893352886256  0.72851609792736760  0.73770153893270884
  0.74693242322885811  0.75643910161617989  0.76609146535733263  0.77714664690210900
  0.78902980363446440  0.80089619453434147  0.81288099140418379  0.82509473066959671
  0.83700142935864030  0.84771065410848356  0.85789099449619410  0.86818811695441345
  0.87849043600895915  0.88848047074572034  0.89911026331153854  0.91095496651357732
  0.92337769308772666  0.93559889032152732  0.94701070492955275  0.95839611806259284
  0.96953297994540588  0.98019712173166584  0.99003974113084436  1.00000000000000000
 -0.00240757147838940  0.00975058651676339  0.02059111459028302  0.03084602535705629
  0.04129456611530013  0.05069689934910996  0.06039232622241408  0.07021327585605340
  0.08028803664932189  0.09045779132179529  0.10083900614384247  0.11186392654186370
  0.12408983087283867  0.13569794772412583  0.14664803744985025  0.15754921198829544
  0.16859154172940274  0.17959329890483064  0.18968590914718544  0.19947205548315886
  0.20932417816695023  0.21937139627634319  0.23024579218136101  0.24119157396672675
  0.25218942521431098  0.26191469757956554  0.27169182294531558  0.28157968887173657
  0.29149918554728493  0.30091302156670041  0.31030914361540457  0.31986752473599755
  0.33017734280589850  0.34106627840428999  0.35228500697996690  0.36344829342604590
  0.37459076008484082  0.38615116453347947  0.39823188546642552  0.40881721854277508
  0.42009190583483352  0.43249699782701179  0.44302127007456110  0.45269809160498015
  0.46252888819589016  0.47305543528365285  0.48300966972987980  0.49205838260931722
  0.50089458359837991  0.51042700681064468  0.52132208304984995  0.53171094346808712
  0.54189753047804512  0.55164791986559369  0.56082395947950148  0.57019963425307141
  0.57991810590623150  0.59002723715779948  0.60022913926987198  0.61048537408051684
  0.62089810698050818  0.63101343211760563  0.64061494076016989  0.65010062322463325
  0.65972170516871953  0.66973409691529229  0.68036827963932933  0.69165510008213382
  0.70296233480625347  0.71394875385295409  0.72420115109091121  0.73397909077604884
  0.74367754160743615  0.75378356906297050  0.76434794479153179  0.77510410985816414
  0.78620264446556420  0.79786063368271631  0.81035846290019209  0.82280464249751295
  0.83423367337695420  0.84495973311167205  0.85529991800606120  0.86600280483569725
  0.87661164062013264  0.88641448072212037  0.89640042791057095  0.90677261753768945
  0.91709065287219482  0.92759703301932106  0.93800478602619597  0.94901708917092320
  0.95998053533781780  0.97266630822049271  0.98595611424452823  1.00000000000000000
 -0.00201267185051516  0.00789704944079321  0.01709771193556731  0.02645604474144380
  0.03660653000727179  0.04633433269602771  0.05583584584199932  0.06636303912119929
  0.07903597018718365  0.09096331671698912  0.10255304496442719  0.11316075637209839
  0.12381851007880396  0.13418906345055948  0.14427281257429728  0.15518392531749578
  0.16604224539176302  0.17854432740751594  0.19039854178106930  0.20070749046093128
  0.21102726294172788  0.22130908586996004  0.23191089094344794  0.24171258409677313
  0.25128933487520605  0.26095552972778602  0.27066643192123530  0.28038259558491579
  0.29025075931568983  0.30073156291699971  0.31148274505402485  0.32207686631725313
  0.33246486405330455  0.34295366246042513  0.35330214077473288  0.36339823770377494
  0.37369382770844839  0.38412708359084058  0.39443838521635727  0.40446028006955620
  0.41440612235285584  0.42481504713102208  0.43544554428482257  0.44584828687405170
  0.45629877654597339  0.46687253052440275  0.47732200077530429  0.48691084477104291
  0.49615495849537977  0.50590929930628104  0.51581240143518714  0.52604076944506417
  0.53633926498094686  0.54666399903041862  0.55655106878239802  0.56627184578030587
  0.57580922287890801  0.58570497577592928  0.59606963511667843  0.60683221015849231
  0.61778307765484963  0.62898872884038926  0.64032082043784300  0.65168883996528859
  0.66318129626522360  0.67459948440629625  0.68562879840600188  0.69646219877261695
  0.70733612821496417  0.71811091607946276  0.72935384677241899  0.74034095670965905
  0.75118293606204067  0.76098514490892211  0.77025084495749152  0.77957879639943928
  0.78957618675138375  0.80104961304903266  0.81324157402646058  0.82496808348038175
  0.83661402538187546  0.84855707001158931  0.86018407625014826  0.87101293851334094
  0.88243913001235841  0.89430522945867807  0.90688874944633213  0.91863891856213964
  0.92914236298097141  0.93923118285300866  0.94847409492506030  0.95831437068927894
  0.96861339382387257  0.97936147680762464  0.99000317491391976  1.00000000000000000
   61.456458381079358       -1.0000000000000000     
 F F F F F F F F F F F F F F F F F F F F F F F F F F F F F F F F F F F F F F F F F F F F F F F F F F F F F F F F F F F F F F F F F F F F F F F F F F F F F F F F F F F F F F F F F F F F F F F F F F F F F F F F F F F F F F F F F F F F F F F F F F F F F F F F
  <DiscreteSampler_grid>
  grouped_processes
  1 # 1 for a reference and 2 for a running grid.
  10 # Attribute 'min_bin_probing_points' of the grid.
  1 # Attribute 'grid_mode' of the grid. 1=='default',2=='initialization'
  0.0000000000000000 # Attribute 'small_contrib_threshold' of the grid.
  0.5000000000000000 # Attribute 'damping_power' of the grid.
 # binID   n_entries weight   weight_sqr   abs_weight
    10   10   2.617696979907833E+013   2.196544725428217E+027   2.617696979907833E+013
  </DiscreteSampler_grid>
