 -0.00317760052467667  0.01024946891216922  0.02273684592734360  0.03472080074144883
  0.04619469248471699  0.05730839855100454  0.06852191798595908  0.07956751595553735
  0.08943498944225005  0.09856618653092791  0.10826934957539566  0.11866676532132749
  0.12889928920899249  0.13823897187189010  0.14884637807252035  0.16113674941035058
  0.17342082243939555  0.18533539093130583  0.19732470767703525  0.20935831208711464
  0.22013081035338417  0.23047275878104875  0.24072630399590386  0.25071461842206189
  0.26043396867197488  0.27056627841822728  0.28158066654628244  0.29263201087121071
  0.30272684811084338  0.31258533758149631  0.32290398332276127  0.33376574340506421
  0.34392263245865057  0.35425595850618624  0.36507818658321967  0.37622914770901356
  0.38738833770002823  0.39855016401300719  0.40963197624829095  0.42032698921594908
  0.43012516832555925  0.43965653061571208  0.44916253972367165  0.45902272940834493
  0.46945164616239055  0.47992447305764518  0.49018136615408714  0.50003608063123228
  0.50965803813528887  0.51923119518969130  0.52967765839967895  0.54017446133844482
  0.55059907080702941  0.56140159122528233  0.57365466687006916  0.58699881017840405
  0.60025597322638391  0.61269453554141595  0.62358759528583130  0.63433722555998040
  0.64486921766101923  0.65558727313199894  0.66666237761096070  0.67715347870226839
  0.68736249927817894  0.69717528049210031  0.70674750692013788  0.71607797578345023
  0.72543053554687764  0.73497125193117951  0.74456475706112280  0.75392327938632697
  0.76322416489389511  0.77244392861966515  0.78181228204558584  0.79189931758872245
  0.80342615724877753  0.81445196956397015  0.82395423201599116  0.83329912712813947
  0.84336082290664016  0.85379571672159382  0.86362515944827112  0.87265621153247708
  0.88252821559820505  0.89351576809981847  0.90422447217929702  0.91486805594479848
  0.92522641412054518  0.93536715212093047  0.94542949533079779  0.95571271517479417
  0.96721413317380700  0.97794430239093322  0.98914097984255012  1.00000000000000000
 -0.00003018417519503  0.00484602125624227  0.01052432901737214  0.01667663287863378
  0.02423446399848488  0.03255905079324418  0.04121534313088625  0.05089080291793296
  0.06101765808362154  0.07123331713142045  0.08150029204286774  0.09126789633128662
  0.10056372553221181  0.10958892965202709  0.11852951788955973  0.12826989028404612
  0.13873382603992676  0.15015231787827962  0.16234344784221755  0.17460210137571611
  0.18744381038865113  0.19961513955710827  0.21113419017059612  0.22249734460753223
  0.23339916301692379  0.24393316761565628  0.25519108734274892  0.26695058926328569
  0.27893466173985576  0.29154462720496543  0.30421344715353715  0.31587371182199930
  0.32659016056274653  0.33716485242799132  0.34759003364252455  0.35732689261492356
  0.36636420810922155  0.37535987632320544  0.38446101859013937  0.39336730231917383
  0.40241304364335756  0.41141343001535979  0.42123597631398874  0.43225503063086995
  0.44269967700050084  0.45339042484065945  0.46383419867196174  0.47490173571520988
  0.48527894116647186  0.49528132755574139  0.50573576047103430  0.51657161806985841
  0.52639571460421664  0.53606317101080925  0.54626613805460800  0.55709723387601562
  0.56736597368652042  0.57737447247391949  0.58763084936124510  0.59798963885725542
  0.60842398162277211  0.61914102294075479  0.62891363871220762  0.63783866840033043
  0.64682263464483469  0.65682335117082846  0.66668282173737092  0.67646251089528453
  0.68646533576396274  0.69787971511405422  0.70954595638363571  0.72144436424672687
  0.73346350362072044  0.74483862950214508  0.75624780141531922  0.76754596873545666
  0.77785477208929765  0.78784831592927251  0.79768112240549294  0.80727917101052415
  0.81674402313220773  0.82617815919066417  0.83596583609164399  0.84625182975933844
  0.85721523762816965  0.86938711508097621  0.88147802309967538  0.89246769932729009
  0.90277510547205564  0.91329162663414398  0.92498685947540771  0.93832129364214734
  0.95317157891467430  0.96807190105526797  0.98368725479779340  1.00000000000000000
 -0.00793337629388176  0.02141589919293430  0.04441796335755895  0.06771585312345944
  0.09046428888925365  0.11270350600526839  0.13237679132222829  0.15170685564267281
  0.17120968438014741  0.19039396833205111  0.20943038512301215  0.23208308405459038
  0.25452391998666146  0.27649691661099696  0.29863562558192802  0.32090166799887515
  0.34300242516069090  0.36506882471625784  0.38710881130626024  0.40900569681636023
  0.43062204252178943  0.45226799662785611  0.47393655184604927  0.49562523115728579
  0.51735074916441026  0.53963585310994755  0.56201401948021434  0.58461413533283002
  0.60690825373444546  0.62895754364166045  0.64808500480626430  0.66734882368807669
  0.68807269734109466  0.68995742552774963  0.69121566463065331  0.69340736472595765
  0.69859333521203104  0.70349144973016731  0.70833529811106266  0.71313934447564564
  0.71800183187857214  0.72283449747181650  0.72762457639592304  0.73245048340957963
  0.73727813815690968  0.74205001228508460  0.74684625823267492  0.75168082591172192
  0.75655844026517838  0.76142527054527409  0.76625018958398028  0.77106292071182669
  0.77588270136653614  0.78074662773376791  0.78571179126023671  0.79069070037217093
  0.79567857929380126  0.80064652677676873  0.80563911353621864  0.81069449671001903
  0.81578440981680700  0.82091307435004490  0.82605542008138322  0.83110344576103701
  0.83612351110685057  0.84124697004896465  0.84644335942611693  0.85158251541935326
  0.85669941749896550  0.86180417523647113  0.86694472935432154  0.87210308695867123
  0.87732638220367387  0.88251168593892981  0.88769229569911123  0.89289736632916161
  0.89814436284501020  0.90340930589212076  0.90874072319788424  0.91407810962906688
  0.91936869263858556  0.92462230161923864  0.92982461667695870  0.93504013087860516
  0.94035759069987312  0.94569162122395678  0.95107762183043798  0.95650474706611754
  0.96191036366336513  0.96730368550072865  0.97270256326142701  0.97815846218581981
  0.98365663299353878  0.98916231084283346  0.99459069483610529  1.00000000000000000
 -0.00273625661104046  0.00956162763508311  0.02022938521369142  0.03053156197712058
  0.04101930165068203  0.05170409314332244  0.06277472740445252  0.07341615933178157
  0.08398739859380400  0.09443300693077958  0.10508884679005304  0.11714021340031083
  0.12804777322919877  0.13814281992056648  0.14842291319436457  0.15896561225526851
  0.16960307035502908  0.18034789254309247  0.19154915640686088  0.20292017300840734
  0.21301314114154452  0.22258236159782110  0.23211024752884576  0.24183862356741934
  0.25149047678781539  0.26120358176456954  0.27109396708005978  0.28110475784215555
  0.29149595815927565  0.30225278066487465  0.31305508914519842  0.32411106449414528
  0.33499699744259043  0.34672371789676426  0.35767891303150273  0.36880564631032170
  0.37956624104469222  0.39076587491055254  0.40174051783499720  0.41255997458634203
  0.42338634783941659  0.43393175164289938  0.44461069982338558  0.45545236362976566
  0.46682900741773903  0.47802724580323108  0.48828936970383513  0.49821981280559302
  0.50864894535175376  0.51901212980695099  0.52888682900183515  0.53823644811629689
  0.54842969596661717  0.55901160051403043  0.56931658646086203  0.57981015627882859
  0.59039634981024092  0.60074220007670154  0.61056520395478386  0.62017754454426433
  0.63036869645181404  0.64165710315410529  0.65202757156782076  0.66243470389824965
  0.67272783276205972  0.68257854995469425  0.69208381596851742  0.70081755857865569
  0.70971417380525903  0.71906159609776621  0.72862997719122802  0.73801957346312663
  0.74768807548998217  0.75801683605750281  0.76894348190718542  0.78019468741765086
  0.79237107538842011  0.80635097583165893  0.81832599429348007  0.82896664766813455
  0.83894141158565028  0.84924111641861977  0.85986278199973387  0.87018521104150670
  0.87984797211645105  0.88901415865671551  0.89814086665499038  0.90762100234888454
  0.91785708882604389  0.92940383652560110  0.94156732067516602  0.95386064811574567
  0.96555019446218227  0.97676357030150673  0.98813112569065364  1.00000000000000000
 -0.00259387819079903  0.00907288212735257  0.01997114751519041  0.03091972552131407
  0.04225248176611310  0.05318334337097443  0.06375714247115775  0.07389565285608227
  0.08413880078469220  0.09387493478466084  0.10370538968693455  0.11414060227130912
  0.12468148176963258  0.13572472121559526  0.14723278685218269  0.15979123801928183
  0.17226332254596013  0.18390716150975064  0.19457715823017047  0.20461213313269508
  0.21473736569764279  0.22473927607065161  0.23486182521946322  0.24476267399850690
  0.25502744255710480  0.26568555614156397  0.27704414745119510  0.28840669923880374
  0.29966882150580981  0.31102474526677798  0.32243249703237298  0.33382239319478552
  0.34458531210118298  0.35504602625860876  0.36547241287396914  0.37583528716929171
  0.38626066917574658  0.39637593965653334  0.40626029749814385  0.41616743992244759
  0.42628597215002006  0.43644632665421407  0.44645858596161703  0.45638676531934252
  0.46664664797825756  0.47762451337265138  0.48952763028304452  0.50153129536875451
  0.51286733034357879  0.52316063985270644  0.53266376003559046  0.54224431360805003
  0.55190329700923768  0.56172061093739445  0.57171095562967500  0.58161514638149414
  0.59268908431166645  0.60470243107010524  0.61669272625382143  0.62812505003450170
  0.63850411325749679  0.64913760501031736  0.65977196369663138  0.67000168591893583
  0.67944958661703481  0.68911916611393798  0.69935473900268652  0.70968328444977813
  0.72004150485105511  0.73066845166178829  0.74143135301881902  0.75224315472372072
  0.76341510085765052  0.77430215977225603  0.78496244322247954  0.79574864916263210
  0.80652373604828098  0.81674521129817201  0.82595032442913729  0.83493912219858735
  0.84420719318259851  0.85444453694116529  0.86599455690967586  0.87724931672840611
  0.88736083032980828  0.89723957006034361  0.90759127855123944  0.91830110154994482
  0.92883479088201937  0.93961969594171313  0.95099997653658197  0.96119715588933696
  0.97073661638251640  0.98038829457382415  0.99028013010713123  1.00000000000000000
 -0.00285612423150369  0.00953360070327243  0.02139855646226167  0.03301356596949773
  0.04431297035227484  0.05489144748231097  0.06486581128748191  0.07431021689487442
  0.08377656933622997  0.09348373866937398  0.10359697398734419  0.11406029583279260
  0.12533857012709967  0.13798081856179589  0.15017435680575492  0.16169782276346734
  0.17285916247702815  0.18349407655826691  0.19353230629481696  0.20363963799981719
  0.21359452964886003  0.22284145075208348  0.23176620645713300  0.24063086391858482
  0.24955513781209637  0.25865365847876237  0.26793992977508213  0.27812028938766775
  0.28907969880409173  0.30088692183004018  0.31271840707770726  0.32511247812696237
  0.33678675414026532  0.34927499322124972  0.36037716059817720  0.37165072766306756
  0.38198041215304901  0.39238046802806320  0.40272324213829053  0.41339914380521642
  0.42272217903153658  0.43141123226627903  0.44036197653184173  0.44978257797501503
  0.45949015404204546  0.46949232162253607  0.48071930572330468  0.49281479429218511
  0.50421965390483436  0.51513202165461514  0.52572403935855816  0.53552679401399073
  0.54515792651924277  0.55561550748267396  0.56649638798595148  0.57738000587003824
  0.58848778683972491  0.59927144017217415  0.60945474494115170  0.61893480427098746
  0.62882608178404320  0.63942382578882007  0.64958624176813029  0.65871742108100473
  0.66787149887588804  0.67723895573726089  0.68665115129414556  0.69628193863744625
  0.70658891190505557  0.71728408697646862  0.72816642837343182  0.73908782697716036
  0.74999495669287020  0.76058810404782562  0.77099513873531200  0.78373629703844749
  0.79559882739587406  0.80736566070162386  0.81877485442164721  0.82996653648679741
  0.84028719632389037  0.85071931621949159  0.86115706250583024  0.87237951264068536
  0.88332373161360955  0.89534145825611233  0.90617198291984735  0.91747729409837786
  0.92856338777605452  0.93931293182696396  0.94966169361035191  0.95965801896960312
  0.96951611905909163  0.97956923804502782  0.98979736035225185  1.00000000000000000
 -0.00242327323817569  0.00940798290094022  0.01938523803292490  0.03033000468069137
  0.04101721966704650  0.05277051871302195  0.06464681390431494  0.07597829262567492
  0.08724827093059886  0.09814735762372780  0.11088782952574203  0.12381911725471298
  0.13546198135797299  0.14667492796945664  0.15760083638579145  0.16827886428958386
  0.17851373323938197  0.18909962648243003  0.20081356568610811  0.21256588189355138
  0.22332402215863167  0.23337194189280713  0.24317387148248618  0.25262099067737998
  0.26159729884400129  0.27090567989345443  0.28104064367946102  0.29154626378842163
  0.30175130668650540  0.31192458502803749  0.32332464782044529  0.33460237874683202
  0.34548697441430248  0.35628329490104671  0.36747428472847232  0.37892726455679171
  0.39030596825376374  0.40210407652952490  0.41390798807824103  0.42491482614868292
  0.43555970473103867  0.44549967533345330  0.45514373060207425  0.46504056357586387
  0.47548220892061421  0.48618650602483993  0.49718828376114055  0.50863039979323432
  0.52015138989691434  0.53126069666553921  0.54202464165212327  0.55260671738866063
  0.56305250712546351  0.57383170665854000  0.58492021101933267  0.59642564851177138
  0.60771698233559401  0.61824040797731283  0.62861606159866412  0.63837995380023527
  0.64778515172995144  0.65675019695824810  0.66592443552758851  0.67605633356998240
  0.68659746525329968  0.69692891129687173  0.70710212834670350  0.71742853432616749
  0.72806820594840838  0.73872494130316235  0.74920603127971541  0.75941926176319463
  0.76964016380620714  0.78021887059333217  0.79141680283397520  0.80273460200097868
  0.81333102791160394  0.82331574668433882  0.83327204519068587  0.84315449382304941
  0.85266794488823838  0.86134808590720280  0.86992364411791734  0.87866569646315718
  0.88796482389632059  0.89686780382797338  0.90612642487147321  0.91549681068045929
  0.92538985921532768  0.93530308441292254  0.94638896770811043  0.95848789520855382
  0.96961296638753347  0.98030967892948340  0.98997293314830925  1.00000000000000000
 -0.00238154424692706  0.00917883894403842  0.01908422107624696  0.02937691913304418
  0.04031565382667052  0.05287862404252051  0.06547399962710485  0.07718763074177540
  0.08833599352811188  0.09909317763166291  0.10969327241123113  0.12029061022857329
  0.13093505494054750  0.14170777717761743  0.15251422858521135  0.16357656719567154
  0.17522654341340571  0.18705808262513474  0.19836719770527020  0.20891530762231594
  0.21880242640359435  0.22822094677805532  0.23727302103733691  0.24622558776983250
  0.25576960427305595  0.26643483405153379  0.27850322939209299  0.29173913833468923
  0.30430929812287233  0.31601377019594795  0.32542124494303037  0.33562069283517187
  0.34571954188316728  0.35559686244157340  0.36534587101505445  0.37506230473610286
  0.38476275193435161  0.39433920900760616  0.40412000324317082  0.41406391818455662
  0.42354936522757092  0.43292832361214112  0.44284487324154931  0.45334251387524638
  0.46326514920453360  0.47304895296813892  0.48261172864862389  0.49299809618213647
  0.50293842365692176  0.51307137378781442  0.52338253098295395  0.53398032186119926
  0.54406786348807779  0.55385794760643514  0.56346804573818721  0.57301112644244789
  0.58218907716552026  0.59186761333607762  0.60144426638544446  0.61154325110679286
  0.62157904291341837  0.63229204836132158  0.64348984016258015  0.65471033029833081
  0.66617199595891219  0.67760431155054457  0.68900762545286354  0.70036037157329278
  0.71173570460004021  0.72297771565768021  0.73467053952472461  0.74675906281516280
  0.75843151215882143  0.76941319512741035  0.78102034846951651  0.79226256356096136
  0.80326530226831794  0.81430967422294975  0.82530930520503276  0.83549807974107215
  0.84546592008167121  0.85538822945755577  0.86570400298730366  0.87530163711867137
  0.88624998295307766  0.89616166232482197  0.90763165207369523  0.91829168129691108
  0.92846220737950758  0.93787270501060493  0.94764832634486618  0.95761300086176337
  0.96830896916610432  0.97779232560952900  0.98903101146211858  1.00000000000000000
   63.177623452930249       -1.0000000000000000     
 F F F F F F F F F F F F F F F F F F F F F F F F F F F F F F F F F F F F F F F F F F F F F F F F F F F F F F F F F F F F F F F F F F F F F F F F F F F F F F F F F F F F F F F F F F F F F F F F F F F F F F F F F F F F F F F F F F F F F F F F F F F F F F F F
  <DiscreteSampler_grid>
  grouped_processes
  1 # 1 for a reference and 2 for a running grid.
  10 # Attribute 'min_bin_probing_points' of the grid.
  1 # Attribute 'grid_mode' of the grid. 1=='default',2=='initialization'
  0.0000000000000000 # Attribute 'small_contrib_threshold' of the grid.
  0.5000000000000000 # Attribute 'damping_power' of the grid.
 # binID   n_entries weight   weight_sqr   abs_weight
    10   10   3.560546306714188E+013   3.044925380502904E+027   3.560546306714188E+013
  </DiscreteSampler_grid>
