 -0.00175461376675653  0.00772595823950619  0.01639710192944920  0.02630933226804223
  0.03681433355682333  0.04705149577202732  0.05715571878781512  0.06731513959338742
  0.07867543302710543  0.08920476282178701  0.09942845884563621  0.11057486568196224
  0.12289608778373022  0.13444450752613524  0.14532401180849477  0.15599920929327976
  0.16684657910618353  0.17761057859653853  0.18884014525367487  0.20075449216849470
  0.21254306020501013  0.22361587489069981  0.23487307133699231  0.24599834647311514
  0.25653369585068325  0.26576847650910823  0.27524056549497755  0.28544411364876787
  0.29652569652304733  0.30811652285410857  0.31993055624967220  0.33234259435484448
  0.34401295663785614  0.35582975092821945  0.36743215127195955  0.37884807873069687
  0.38968223884629732  0.40003187855554678  0.40916577755139899  0.41878351261786223
  0.42830861211639915  0.43818130592349558  0.44729821054247398  0.45601491454833010
  0.46510032895936720  0.47453790683553287  0.48443516874978981  0.49404537282707373
  0.50375278037123050  0.51358622155773570  0.52486495793111698  0.53774935527731904
  0.55028174933635043  0.56229115751191505  0.57408119717503703  0.58576745136390285
  0.59641500648725521  0.60836445100854697  0.62048175540203632  0.63131508196649611
  0.64176581211895989  0.65292622618627250  0.66483945799384503  0.67538613255774405
  0.68523867164081242  0.69520552580637751  0.70506848990707782  0.71478429362672768
  0.72422491079497731  0.73383583353995907  0.74361178564952124  0.75378008795426976
  0.76322500967777651  0.77222428571631430  0.78231705399525830  0.79263502740874336
  0.80420339948390518  0.81639877009840678  0.82834066778528281  0.83922752873485573
  0.84845220418793044  0.85760688792805284  0.86685599562525628  0.87661235151708039
  0.88614177764137136  0.89698576823722009  0.90840739122269842  0.91954096229289650
  0.92924985062562460  0.93906281976904793  0.94899207712599454  0.95909097061782334
  0.96904017197811643  0.97900689806165908  0.98950549165872148  1.00000000000000000
 -0.00004227242346922  0.00531268023826149  0.01103322188830164  0.01699156056381119
  0.02368743490798543  0.03079821372776924  0.03825671014902560  0.04602645946937626
  0.05420476890929091  0.06265377787588659  0.07155827942136180  0.08055591752518708
  0.08966020723668813  0.09919211810857985  0.11013791286590077  0.12164969407004297
  0.13208606128575404  0.14193028377704187  0.15193302606945730  0.16161268628861028
  0.17144965158631445  0.18118458224317391  0.19117017771063374  0.20118658499432582
  0.21101376841573349  0.22109077743817984  0.23141619768943703  0.24190931436063282
  0.25225898445944317  0.26320644954872646  0.27324032836605960  0.28269803262349341
  0.29236793837953678  0.30282593786564160  0.31347424608025204  0.32353044584570700
  0.33368049035361336  0.34422125254040281  0.35484674014206752  0.36409486509197264
  0.37358355401486593  0.38360756520521655  0.39403757635386344  0.40444462257328689
  0.41486290690832517  0.42686488784788212  0.43911284528384753  0.44854120403995701
  0.45848991501406638  0.46892819708485989  0.47984644947578964  0.49113949704526538
  0.50290765446183061  0.51633759116603606  0.52853624193851823  0.54048668609907169
  0.55292091760146755  0.56455336467614314  0.57583825699409430  0.58711380472535890
  0.59743016764335988  0.60700334716336612  0.61608068666759752  0.62552622703232519
  0.63572260756483334  0.64658723180574273  0.65808116883759438  0.66980264732386152
  0.68131540193259366  0.69292421357336498  0.70421127530805383  0.71518249608022477
  0.72545616302732552  0.73663258256353770  0.74853168145327498  0.76036578830496027
  0.77261408919139896  0.78543889140449430  0.79796556459937273  0.81005498030257672
  0.82133602608992895  0.83187255674610894  0.84269737088273133  0.85358163724214098
  0.86417710116840585  0.87471582787998015  0.88557259852060888  0.89650262782794721
  0.90723763507298294  0.91830142085572941  0.92970255551743275  0.94136564120909738
  0.95381718989186770  0.96754310878836425  0.98318411943336415  1.00000000000000000
 -0.00806751503178179  0.02220907174724145  0.04569766793268015  0.06940018743789150
  0.09253286928486863  0.11463193405832142  0.13514787663638347  0.15473809108527106
  0.17489060704972681  0.19509206086359826  0.21534809601292720  0.23717311942963074
  0.25968566991825415  0.28184150197637592  0.30393018021031082  0.32585969141311993
  0.34776495266823165  0.36965170678217424  0.39149783633964341  0.41332761214583180
  0.43508202317860029  0.45676564978822137  0.47832647703395764  0.49991906466913144
  0.52153076947577437  0.54446086970867680  0.56766313937100255  0.59145948484479427
  0.61556594501653761  0.64013552587653921  0.65695207038422399  0.67207696776513004
  0.68975330470535867  0.69022720705799190  0.69169591533962393  0.69528992483212626
  0.70024946138144939  0.70499861744071146  0.70977018343709619  0.71453060169447424
  0.71924136397535710  0.72389375310291959  0.72857529763508011  0.73334084055892135
  0.73812668310791152  0.74290041795128547  0.74765708555126653  0.75241844868220320
  0.75725668579408778  0.76216907320641902  0.76711540878117634  0.77205590638174559
  0.77693898666921413  0.78180171000987819  0.78670968718570178  0.79166968710609964
  0.79662793438792179  0.80159315948417786  0.80654749879338961  0.81151135293500021
  0.81645442692651493  0.82138676257277854  0.82639955456783243  0.83145176271081267
  0.83645800971579520  0.84149776738403148  0.84662309908108102  0.85171831112484520
  0.85676517032779032  0.86182010594103819  0.86695144241748390  0.87214688453296152
  0.87738976176161687  0.88260818564823984  0.88781069673140611  0.89302485567916035
  0.89827683670949232  0.90352524699030301  0.90882335787015367  0.91413134981912192
  0.91943697432167681  0.92468134040142758  0.92989231578985665  0.93516369734309612
  0.94052793103027188  0.94595772229691655  0.95137742951648152  0.95678855462055656
  0.96215783897798834  0.96753866835170876  0.97292811265017887  0.97831984918240678
  0.98365358896001442  0.98901888715458908  0.99447163044807274  1.00000000000000000
 -0.00271785919203837  0.00935495575775068  0.02029490046998168  0.03128362729608506
  0.04303730526504610  0.05467722623907954  0.06628914878521210  0.07777672642246590
  0.08904908290498642  0.10025610138246428  0.11137086840014265  0.12259911865858805
  0.13359411729227375  0.14434976278013645  0.15502414327353092  0.16570372383273904
  0.17622697234933063  0.18691604859606537  0.19756193211375461  0.20779783930952289
  0.21739172613210744  0.22681434909544487  0.23612896889715099  0.24573924786097959
  0.25586194801447559  0.26703327583580322  0.27890080906978387  0.29161362425565329
  0.30420438849523884  0.31662986380769642  0.32901421276257303  0.34033473465108516
  0.35173045216102627  0.36275019417246046  0.37264556795305853  0.38215459464576690
  0.39198282887435254  0.40283369102006178  0.41464394932702053  0.42668824017463119
  0.43797978792195563  0.44834547153110216  0.45848860403010527  0.46961608253496889
  0.48088465960051330  0.49083852134460754  0.50032392788728419  0.51030519219233439
  0.52084331317530186  0.53114498262948151  0.54152813658996390  0.55212014652222252
  0.56251236711099073  0.57223991873441449  0.58228812902307359  0.59377184997859700
  0.60560319036753174  0.61657763931648257  0.62720971950488058  0.63775362110339351
  0.64812666746315384  0.65854920668600847  0.66899471141032119  0.67925137478146769
  0.68919293930874170  0.69899816618030086  0.70879333085902307  0.71891570789713333
  0.72944666769959432  0.73983766997483991  0.74991956866892961  0.75941048455122706
  0.76831691223681164  0.77709023323581194  0.78619038293679200  0.79633316196252624
  0.80704459748259094  0.81785707485532777  0.82901092970912293  0.84035080820027541
  0.85171957864445424  0.86271036217341435  0.87327982017668637  0.88389183295095919
  0.89456972728361817  0.90514244542184918  0.91530120738442644  0.92459736673733517
  0.93347729146550007  0.94253435757278314  0.95186684286872847  0.96132705359395332
  0.97078723073232676  0.98038402055913976  0.99031838612451972  1.00000000000000000
 -0.00240497884698434  0.01051146298272961  0.02081188938562952  0.03084167102189542
  0.04069435077982175  0.05031173905328448  0.05928383953639754  0.06838011873935909
  0.07796911691691408  0.08845309798085590  0.09920777816751637  0.10990703485629782
  0.12032232995947714  0.13007538208458691  0.13938801089693370  0.14875203436873680
  0.15839506965288322  0.16835339740833416  0.17837385030745345  0.18843411927308057
  0.19897136771963420  0.20966634149587177  0.21980018870343088  0.22941196918584544
  0.23844398676141451  0.24715021835504725  0.25620444390551744  0.26564553643946276
  0.27550853697347422  0.28607003342333392  0.29720167548780391  0.30900254987470854
  0.32113091065318505  0.33231499595291791  0.34239839190469029  0.35200264721449420
  0.36162442763235297  0.37139221812391798  0.38132509591590541  0.39109773236972190
  0.40047388972227088  0.40961797584359172  0.41879579973276121  0.42870646258148593
  0.43918405804242089  0.44979581196711710  0.46024275795302971  0.47011638846218995
  0.48072433236556622  0.49029717386586413  0.50005274278260148  0.50958572741114361
  0.51974075723466362  0.53092994792165682  0.54170949157680870  0.55395355417948766
  0.56582403481627841  0.57803197513595694  0.58960918354705028  0.60068377656924221
  0.61129797454490953  0.62155633467677585  0.63186200093101430  0.64260649619461219
  0.65368181513830248  0.66460663267814202  0.67522740523134739  0.68601875428311609
  0.69741239193477567  0.71013851375792603  0.72395322033741560  0.73750071573211051
  0.75101801787695199  0.76231316022287532  0.77487131231152673  0.78628611339707111
  0.79648850618615552  0.80614711856874610  0.81576197035767972  0.82507304621722488
  0.83428809306682161  0.84399912530863097  0.85384834376179708  0.86350348599242610
  0.87313284987206852  0.88324886294805327  0.89348112134306357  0.90351899839724681
  0.91395089891803616  0.92479340095769025  0.93551254250397886  0.94623707158764070
  0.95785644995121522  0.97068161249044027  0.98447142684709210  1.00000000000000000
 -0.00265556142606761  0.01054522317943010  0.02180591878991091  0.03234542418299639
  0.04253882074926653  0.05245447333690290  0.06242981703123521  0.07263213386755629
  0.08236295233678280  0.09265753210957321  0.10317200290732326  0.11399634556394757
  0.12493318228937603  0.13630211657741712  0.14752096748322202  0.15798962630816618
  0.16871627606208883  0.18069940354352065  0.19289828921252750  0.20375211156031009
  0.21468659132735354  0.22537481869469089  0.23598917074301376  0.24637557721137771
  0.25722469003054799  0.26835485099565332  0.27984246412528174  0.29108687070877659
  0.30129751268546134  0.31101471408221804  0.32024929890423842  0.32911538895909920
  0.33801503966641533  0.34715632428228776  0.35704885561582606  0.36778253292524510
  0.37870662806346694  0.39038724981671474  0.40199296970291920  0.41349706918623408
  0.42388301927409022  0.43393218220830704  0.44461804117508974  0.45565354441996764
  0.46649505078604520  0.47711912488184138  0.48818289830787392  0.49946708419028130
  0.51020887682523586  0.52052728048494412  0.53118331502882221  0.54226189873466990
  0.55347118804299045  0.56401251352330162  0.57376941831533224  0.58338537729804718
  0.59318723927191941  0.60331773743240080  0.61326773974905902  0.62287887351968463
  0.63299572705477669  0.64366411762922382  0.65433552162217812  0.66445927107748493
  0.67634982395240806  0.68931589395635684  0.70243873107981714  0.71517833849419365
  0.72712038598150441  0.73806710064708381  0.74825192436798538  0.75785189619139337
  0.76723545383062830  0.77694465577480143  0.78710557218256461  0.79784364085713833
  0.80894324579078292  0.82022635996238846  0.83148500021204741  0.84192372324581310
  0.85156841552653051  0.86064678544609741  0.86980761942659135  0.88031049457938215
  0.89168480519377524  0.90222388811996990  0.91205041969119738  0.92211748128242621
  0.93261134871145313  0.94298420118125770  0.95281947413360146  0.96215782255774451
  0.97135804379548296  0.98059850149568961  0.99022113722067528  1.00000000000000000
 -0.00200278290723438  0.00846315755264954  0.01685508889057500  0.02553603013680293
  0.03487897334412259  0.04474289959642425  0.05521118446039927  0.06621458955795530
  0.07772604106338080  0.08845097139765201  0.09807525407939827  0.10756523276633334
  0.11766412473846098  0.12826552107697828  0.13931548662854848  0.15052063090733225
  0.16190071035572873  0.17333209303795280  0.18481078366737647  0.19679048701878027
  0.20909632248283705  0.22073809286037419  0.23258758353464076  0.24421163423081388
  0.25649892283759090  0.26856864806873143  0.27982190200716045  0.29048461019461019
  0.30082541669448759  0.31096136472897146  0.32129356921303953  0.33241548104524488
  0.34521624991580130  0.35764664354790926  0.36908390026260413  0.37948610892279505
  0.38918120666118305  0.39861170197046314  0.40787790652562284  0.41718332163581889
  0.42636040822259214  0.43576802472421272  0.44467127750431207  0.45290811591474001
  0.46114670729760482  0.47037670142971233  0.47947572983051501  0.48848390730091956
  0.49786339289707754  0.50830041266201231  0.51971868198327853  0.53016204803049560
  0.54037296532878398  0.55067651178294363  0.56130000587371764  0.57269951348062831
  0.58474530401904468  0.59631222439689946  0.60730248744972881  0.61802566379684987
  0.62871545686048536  0.63872258078355515  0.64926682997054141  0.65992949859265415
  0.67026467660377287  0.68103661116863212  0.69234895546116748  0.70446430519724901
  0.71506995764636971  0.72508410395362255  0.73463804675082200  0.74456849810710768
  0.75446004716337101  0.76553284232176477  0.77679464144067678  0.78898656248723698
  0.79957175264999225  0.80958205317143028  0.81987217760482445  0.83041922778166943
  0.84160462179593909  0.85294883947391720  0.86485741626139778  0.87601562090769225
  0.88623091448044111  0.89648095818710205  0.90777587242955216  0.91873777297981396
  0.92822256547686621  0.93795122185910906  0.94794188322546613  0.95767629816352962
  0.96698393268013150  0.97654061836626460  0.98711265840953233  1.00000000000000000
 -0.00249939759166896  0.00987104470563940  0.01981050152987623  0.02978053351137593
  0.03968931061568363  0.04973616874467247  0.05991226286023768  0.07003881272206057
  0.08012978804583049  0.09060783451881885  0.10191400865025600  0.11382550070646362
  0.12621849264967339  0.13685722923548774  0.14725742489540625  0.15634936695675505
  0.16616402192554927  0.17541791649011859  0.18425128442149885  0.19308734230357991
  0.20228765771361257  0.21204314518799341  0.22223191610927770  0.23233441104280961
  0.24295114160696157  0.25391423928371776  0.26534929582946076  0.27636697224822732
  0.28650245372611455  0.29621127123094926  0.30568634960413449  0.31604011679067884
  0.32757556226352430  0.33813934222554942  0.34789524594765531  0.35781356593045505
  0.36815828822745988  0.37789533091457728  0.38733098724204135  0.39706384578671572
  0.40894142353783336  0.42050392928400021  0.43193248435431159  0.44424105037330142
  0.45709422038902336  0.46930640429461323  0.48050522472129881  0.49159888808969154
  0.50280104346818844  0.51501590162306721  0.52734753437739434  0.54076284684693365
  0.55099800583471814  0.56154653608449279  0.57203135947582995  0.58217615541601819
  0.59210520255410581  0.60261801895626754  0.61337569138910375  0.62461660200448033
  0.63435455033263477  0.64409554990418993  0.65344543340980255  0.66228896301618734
  0.67228540079459242  0.68321311185929956  0.69596132827682966  0.70943783835886343
  0.72249300279444473  0.73539222249705682  0.74759547964955830  0.75824715505972462
  0.76856966815497441  0.77892870337181985  0.78972111214933549  0.79994757765382640
  0.80923021531334038  0.81851278236929692  0.82818938873918091  0.83823614630584131
  0.84829867489393973  0.85772300127466761  0.86655450597518302  0.87511850524617774
  0.88455117487264801  0.89466142073849464  0.90487057710459140  0.91409272123193330
  0.92535435630343776  0.93699060044409666  0.94966017754445797  0.96089027409833572
  0.97121679318527920  0.98105657293052262  0.99064481715433084  1.00000000000000000
   60.975688818408990       -1.0000000000000000     
 F F F F F F F F F F F F F F F F F F F F F F F F F F F F F F F F F F F F F F F F F F F F F F F F F F F F F F F F F F F F F F F F F F F F F F F F F F F F F F F F F F F F F F F F F F F F F F F F F F F F F F F F F F F F F F F F F F F F F F F F F F F F F F F F
  <DiscreteSampler_grid>
  grouped_processes
  1 # 1 for a reference and 2 for a running grid.
  10 # Attribute 'min_bin_probing_points' of the grid.
  1 # Attribute 'grid_mode' of the grid. 1=='default',2=='initialization'
  0.0000000000000000 # Attribute 'small_contrib_threshold' of the grid.
  0.5000000000000000 # Attribute 'damping_power' of the grid.
 # binID   n_entries weight   weight_sqr   abs_weight
    10   10   2.797649405938339E+013   1.819100056788099E+027   2.797649405938339E+013
  </DiscreteSampler_grid>
