 -0.00245828543108489  0.00879917173368092  0.01887916501280186  0.03112088866458292
  0.04337375950992932  0.05457629861702481  0.06549882806466759  0.07727569751237275
  0.08884085996803906  0.09999064162859683  0.11008174946686207  0.11999843603216889
  0.13046318933419121  0.14098361668340334  0.15078909770337190  0.15996213053041872
  0.16974263494309019  0.18060303581473391  0.19238555361559559  0.20464807284241879
  0.21708132695640814  0.22940303182268620  0.24084927336028178  0.25110394788545387
  0.26040066323102634  0.26965327789429883  0.27928177424104172  0.28886528501551290
  0.29793458885798529  0.30672572935875042  0.31549863890020069  0.32471700059724107
  0.33438881371502982  0.34445270478517259  0.35386697253318616  0.36455183447228723
  0.37541418269000143  0.38823475472728330  0.40124764170909161  0.41309237179316005
  0.42463297703350650  0.43533855393339976  0.44493145689477981  0.45424820011368378
  0.46330954084491666  0.47283101693949608  0.48214683880401904  0.49128220202781658
  0.50011351324432185  0.50958166493418067  0.51944369517820399  0.52985844998926834
  0.54079914471378376  0.55129103093933773  0.56138632290278900  0.57083528553515728
  0.58051397553754103  0.59050916528687536  0.60065567835302025  0.61089824784798819
  0.62229669110306463  0.63407083840412892  0.64729691135344480  0.65858434500865981
  0.67058846146238427  0.68239989733008644  0.69372186899120902  0.70475549849646879
  0.71667472029725188  0.72872638730090056  0.73979491474616876  0.75069842071313730
  0.76188786368702877  0.77274344088273705  0.78354749814246016  0.79498750480493141
  0.80636113199533188  0.81626796253461986  0.82535347725751018  0.83462212997506424
  0.84418704542400635  0.85364065181387738  0.86283529468560471  0.87169027517130904
  0.88159099655203121  0.89218698446623690  0.90194444129182616  0.91128125762790291
  0.92078396570825671  0.93039177186206867  0.94013029431597417  0.95057739245078454
  0.96200589326904951  0.97530754255591812  0.98779306767244923  1.00000000000000000
 -0.00122523293881691  0.00798579180976887  0.01680980083275523  0.02513757987954250
  0.03324623693798280  0.04132941046028599  0.04933104376870172  0.05747006044988307
  0.06590891836846599  0.07431043959838415  0.08265906067344388  0.09130958289763941
  0.10033636380780850  0.10967730045243963  0.11919860220131323  0.12857976692896558
  0.13816211341969054  0.14762559126214417  0.15689097721355322  0.16593715704855178
  0.17495663734174821  0.18387660837544550  0.19313179855984119  0.20246078739720558
  0.21225332479232251  0.22213608879221192  0.23214616500746371  0.24282587036609993
  0.25329928777698069  0.26374179612382187  0.27459490727151054  0.28547368327046385
  0.29675455809353524  0.30809498723489176  0.32016557250454120  0.33267226680449052
  0.34469168415783580  0.35616938353905597  0.36753230918532015  0.37959574599811646
  0.39177863983082589  0.40320086912114267  0.41485992734840882  0.42684218606260410
  0.43962542706343799  0.45191781285323901  0.46298012170188230  0.47375628449227020
  0.48431490605848754  0.49592308605324886  0.50916271307240257  0.52222356353034616
  0.53390949428373646  0.54513610346398611  0.55597640805101267  0.56702087291891889
  0.57779758926184388  0.58985130733417845  0.60209361897869895  0.61378383467750008
  0.62478037366405414  0.63482335093263431  0.64429330818271857  0.65349442508343147
  0.66282256629661329  0.67249379207203697  0.68224294738192692  0.69162758348589470
  0.70125323181752386  0.71083438079873629  0.72030893191221335  0.72956364385023620
  0.73918933026484279  0.74895400091576569  0.75851903136569621  0.76840546434879220
  0.77918414830467020  0.79027893016008788  0.80102216821259298  0.81088260165672921
  0.82211534581923895  0.83351774312180504  0.84467158813117849  0.85603074164191018
  0.86754684526946246  0.87904488871054642  0.89066366647031980  0.90200022616568087
  0.91311070553932494  0.92369061519541207  0.93383533428641641  0.94408039620977247
  0.95422790252225420  0.96544218514213731  0.97944661416481416  1.00000000000000000
 -0.00836855027205412  0.01830618747417555  0.04186994216883386  0.06586805312580728
  0.08955877533698284  0.11275728944441572  0.13338484415239221  0.15285535161242569
  0.17263156489494427  0.19224224172069596  0.21162414800079443  0.23331766486855496
  0.25569484413277910  0.27784199246163982  0.30001783890066780  0.32224580245681755
  0.34432615433917341  0.36632142812485702  0.38875972401559294  0.41114349848594045
  0.43326882226831914  0.45524584250402228  0.47710597550349815  0.49866024770847323
  0.52019653656381248  0.54215768366514028  0.56480016303637981  0.58883061235348821
  0.61349986236492715  0.63865918807475297  0.65665756720244373  0.67223596317736334
  0.68453720491785419  0.69022202067171312  0.69140591979713029  0.69437040374994929
  0.69923721925403037  0.70399250015249704  0.70869654652893599  0.71343690010562233
  0.71819601003279321  0.72297097842621427  0.72765942247691728  0.73241203520300924
  0.73725097936314898  0.74209933263060612  0.74699302321812577  0.75189050106954647
  0.75681498567381345  0.76171778651899380  0.76661566424032557  0.77152878159376492
  0.77642138153875739  0.78132438389359848  0.78628731564181309  0.79127782389188306
  0.79626680719502418  0.80135776849323648  0.80643219784520970  0.81143589845892516
  0.81644211483239348  0.82152356812810712  0.82655270335318987  0.83157427484760238
  0.83660587830851429  0.84163731193535418  0.84668280835275000  0.85186253258382716
  0.85705098992337514  0.86218368709724402  0.86733504306584241  0.87242387589262038
  0.87757029732888381  0.88271568355126162  0.88788416654882818  0.89312287563047532
  0.89835969652774073  0.90353712500175620  0.90876351758039642  0.91399634306940536
  0.91926176739698162  0.92460770568131867  0.92995168844228970  0.93521401260387393
  0.94054281121884931  0.94589552031038326  0.95134435407456697  0.95679299551734320
  0.96221299029501250  0.96755960663414653  0.97293888251852012  0.97820784102486324
  0.98351352888628607  0.98892286268123930  0.99443397415258372  1.00000000000000000
 -0.00293090004975137  0.01117032594881881  0.02185980565312527  0.03284848602890734
  0.04303258191645125  0.05318896660584829  0.06322730825059966  0.07372017833766495
  0.08461934545647001  0.09609320906363968  0.10731138661445778  0.11832564886176618
  0.12881566215491130  0.13967759045881198  0.14924523703431053  0.15788788265580342
  0.16681520724344812  0.17537974112845797  0.18412316876059509  0.19269248088120378
  0.20165987483299280  0.21143518648074322  0.22192157036497404  0.23320432121471554
  0.24571295989366748  0.25841609156756656  0.27034524286366057  0.28212498813332254
  0.29361639137124501  0.30560024943213621  0.31697874419589683  0.32775820189660698
  0.33877829548582872  0.34977868213100283  0.36034380437418789  0.37087789376436814
  0.38230291679631700  0.39474104427733303  0.40645715042194158  0.41777497213881182
  0.42862604253296310  0.43896721371617148  0.44914466501103151  0.45941864121772530
  0.46968104465101412  0.47982691758476803  0.49036758347337100  0.50142450998914145
  0.51373049358872902  0.52562753701043041  0.53625029963625848  0.54629908172207353
  0.55576511766257286  0.56561084738060807  0.57558605356248382  0.58553456983968599
  0.59535905116582455  0.60550557150040529  0.61615243420389465  0.62662486023134312
  0.63711626698577373  0.64742220326829736  0.65756708263028796  0.66756182446324785
  0.67732333547057677  0.68732148703432050  0.69725156451341075  0.70744410075458597
  0.71865829051929730  0.73098453873690250  0.74330215182364323  0.75472075994324672
  0.76530115193093728  0.77578781814890430  0.78650120288068004  0.79724444226422619
  0.80833128113105657  0.81976661906367265  0.83157136638587115  0.84296669420180226
  0.85350788156721014  0.86317656336654847  0.87268065223795277  0.88229713971549428
  0.89256852246882867  0.90232330219000556  0.91165178804846914  0.92092888021763675
  0.93063749961668252  0.94096810973947942  0.95144830998556951  0.96115749713665444
  0.97088595048643078  0.98053901573360180  0.99039348651427817  1.00000000000000000
 -0.00357502358807523  0.01191639333303892  0.02295120259684877  0.03297422298498326
  0.04243132748196840  0.05194630794381253  0.06152991068337596  0.07106371085142289
  0.08066440395106869  0.09037249317361809  0.10022232218805684  0.11038502082814436
  0.12141099189056964  0.13353952125689031  0.14608981784906569  0.15786944773074663
  0.17009092471309487  0.18141708795266812  0.19240769784541623  0.20316780380279484
  0.21416052275490599  0.22682133077791167  0.23909714481770342  0.25115880390140993
  0.26260774561652767  0.27330001183397590  0.28316654654082563  0.29286023341198530
  0.30263416538528820  0.31219129320053152  0.32197415851828937  0.33219149715162860
  0.34328020168700496  0.35504303149939515  0.36773832271611256  0.37886101259753341
  0.38810229812603741  0.39736276397864762  0.40615286730107464  0.41499706468575986
  0.42404475649994194  0.43295902081983462  0.44269594787586242  0.45303065865306857
  0.46361977555687456  0.47380146390486322  0.48387295996145285  0.49428632998403388
  0.50532834290355588  0.51668336437699658  0.52784194751457136  0.53898836429331565
  0.55018516820181818  0.56121854363124390  0.57173528631719583  0.58213252318497000
  0.59358278877780590  0.60534795770061023  0.61660355309193515  0.62712292991522001
  0.63685837349409813  0.64647150188037883  0.65612271017938228  0.66598128239503807
  0.67635861805477016  0.68760649122011508  0.69945413945890489  0.71159048561624405
  0.72347898448436021  0.73427556640446601  0.74415048743379564  0.75398925025110297
  0.76376489074503073  0.77385699028813881  0.78413051564264058  0.79510921688005154
  0.80653963731263167  0.81817934782586998  0.83012674225642669  0.84108035008975468
  0.85143268786418846  0.86100585134123120  0.87029504335375785  0.87975542043751076
  0.88884897342119207  0.89758906632974156  0.90643577807646869  0.91559182211681733
  0.92625694700502437  0.93687704454080589  0.95009766221218606  0.96122382631139147
  0.97121241228958033  0.98065839615651251  0.99025616940260819  1.00000000000000000
 -0.00249710580267312  0.00948638195069198  0.01972999264928006  0.02949879557683983
  0.03936536915757575  0.04944080347696869  0.05941470224227479  0.06928594550095893
  0.07906662199459176  0.08984851519061654  0.10087669526438524  0.11249409546231257
  0.12332908840630087  0.13390233569888682  0.14396769884445987  0.15407184688616335
  0.16422006670500711  0.17360989428759829  0.18254992154095862  0.19200534994218121
  0.20154042312588438  0.21115310255038985  0.22122991265913716  0.23179724257592496
  0.24222804095070019  0.25219927941452075  0.26240703245823876  0.27258016989493561
  0.28250411754142035  0.29176508732141332  0.30119075991254785  0.31099966255924905
  0.32110284097737785  0.33153499264106912  0.34222981240922096  0.35333333327910149
  0.36521551005828279  0.37788132630186388  0.39087769127719307  0.40285941115471458
  0.41384539046366281  0.42406399475857304  0.43377060989239197  0.44330006212552264
  0.45247806713882077  0.46174298892194876  0.47142577229890714  0.48183972085216575
  0.49294419943847118  0.50369960674684822  0.51367138232533194  0.52340110803808504
  0.53317697425116461  0.54325120045685960  0.55337805582893473  0.56441115309808310
  0.57642750746655447  0.58848161521019338  0.60001444266404580  0.61088547352671629
  0.62145006686834359  0.63216827031493705  0.64328131827480861  0.65587864889692260
  0.66872947064068300  0.67980697701375914  0.68999861401588014  0.70002361268645730
  0.71029393737094626  0.72014025397379566  0.72982027220765611  0.73953386326510973
  0.74924024017589907  0.75889288807361654  0.76860256642754532  0.77878699899155168
  0.78910888711097005  0.79948559692340027  0.80995174069429288  0.82105260356225729
  0.83220032845151914  0.84219295265746097  0.85187983510571375  0.86236334622492694
  0.87360455112656643  0.88422875241105492  0.89426852949589297  0.90489959757765481
  0.91665328870793206  0.92850247884675041  0.94054440210098444  0.95281220243471321
  0.96487618346885040  0.97708535657405493  0.98859919468534296  1.00000000000000000
 -0.00164957430166699  0.00707159711625850  0.01487963674274612  0.02333478495172032
  0.03211108799136234  0.04064942307156438  0.04911965854650782  0.05843718475029026
  0.06850080219422326  0.07887819801997871  0.08881846692439466  0.09855939919343529
  0.10801775239412253  0.11752089044428138  0.12757603324015077  0.13825983617651197
  0.14912120651076080  0.16023435317148221  0.17187907027286359  0.18400936021955441
  0.19660625839964294  0.20867414137905241  0.21984640394110191  0.23053377412814727
  0.24066693840884421  0.25142078295457748  0.26270139775240958  0.27395616179250382
  0.28497221009968804  0.29568330899354639  0.30589724279500852  0.31556385216780564
  0.32499746348982506  0.33486384737484015  0.34555527956533538  0.35734270415778524
  0.36998173858651212  0.38184715597490582  0.39276815454409825  0.40349368196311386
  0.41420751532438160  0.42423728227790286  0.43377403162140132  0.44398911194342833
  0.45436038771701326  0.46477679777067693  0.47441886973815217  0.48423644719462078
  0.49453596446322856  0.50486262627699530  0.51576712985600803  0.52649949631451387
  0.53716772718098760  0.54776599804683945  0.55745281911908651  0.56722032120372701
  0.57722651492259591  0.58813544898032410  0.59974940423159040  0.61078225073346848
  0.62120940176429040  0.63120530279927289  0.64061904890072785  0.64981594599743986
  0.65951746188781579  0.67025499038797487  0.68246992311212595  0.69506816704970265
  0.70675566443512527  0.71776999485232584  0.72884970218371348  0.74044061605961797
  0.75144639639878674  0.76167726358063159  0.77159317834271768  0.78228222396396707
  0.79299629333236255  0.80429688664643795  0.81604554328462831  0.82868363048267524
  0.84072576072068395  0.85202392912224856  0.86339961759692685  0.87406055198130328
  0.88411024370908986  0.89410273648345162  0.90444599952251270  0.91449059118014120
  0.92426942245450683  0.93433026846978728  0.94602066833220610  0.95810361882522388
  0.96895949048134733  0.97925713417379423  0.98983932461710356  1.00000000000000000
 -0.00272492855506810  0.00910407279512558  0.01932353354872162  0.02916086608082434
  0.03927493015320172  0.05014557936889830  0.06005837569126570  0.06967230179541149
  0.07878418233579446  0.08787368392338328  0.09672407115542893  0.10602321868504599
  0.11589396286030282  0.12620291422252000  0.13701695062478300  0.14826110851398963
  0.16050449109966536  0.17218293097736598  0.18206798236266716  0.19242885041039515
  0.20320566971786416  0.21467597500899921  0.22558933285938423  0.23684880138429348
  0.24927019337317213  0.25966696604116446  0.27030043079492172  0.28119828487917931
  0.29190667904194972  0.30201623554260942  0.31237055267595437  0.32281876930107722
  0.33304831192607348  0.34266724638055129  0.35243629854845027  0.36224914509673201
  0.37167938735480188  0.38127755624880316  0.39130524120372351  0.40125038933554569
  0.41101656090404087  0.42083843948387456  0.43103651522136061  0.44069885937611253
  0.45023532913281539  0.46060029505429739  0.47308712487062399  0.48509325896385158
  0.49589781074755002  0.50649017331487578  0.51671746992436185  0.52671379506185845
  0.53606559733505377  0.54543622871549069  0.55473711895176625  0.56423255256882232
  0.57412618937075222  0.58439685844952804  0.59517704512082770  0.60603488727079269
  0.61709597020470508  0.62857919602565704  0.64017487861880373  0.65127104338382136
  0.66178509512638273  0.67200068788981071  0.68222620830629477  0.69249844322813525
  0.70339140012260171  0.71558844232269381  0.72779905533139522  0.73928597105677163
  0.75087187245142650  0.76222090211733573  0.77438376632379136  0.78679334701648362
  0.79838822350494509  0.80924853241361416  0.81970470931948081  0.82991410400808130
  0.84016942288926988  0.85011855603521091  0.86097973775479986  0.87152111497007123
  0.88320064683155253  0.89449658646094343  0.90560019736548159  0.91531118274631740
  0.92677954300389109  0.93796857945263301  0.94924842729221781  0.95955344604959214
  0.96942294500024040  0.98000690011512792  0.99041140516361081  1.00000000000000000
   60.407197478649039       -1.0000000000000000     
 F F F F F F F F F F F F F F F F F F F F F F F F F F F F F F F F F F F F F F F F F F F F F F F F F F F F F F F F F F F F F F F F F F F F F F F F F F F F F F F F F F F F F F F F F F F F F F F F F F F F F F F F F F F F F F F F F F F F F F F F F F F F F F F F
  <DiscreteSampler_grid>
  grouped_processes
  1 # 1 for a reference and 2 for a running grid.
  10 # Attribute 'min_bin_probing_points' of the grid.
  1 # Attribute 'grid_mode' of the grid. 1=='default',2=='initialization'
  0.0000000000000000 # Attribute 'small_contrib_threshold' of the grid.
  0.5000000000000000 # Attribute 'damping_power' of the grid.
 # binID   n_entries weight   weight_sqr   abs_weight
    10   10   3.510393477555350E+013   2.091773477095751E+027   3.510393477555350E+013
  </DiscreteSampler_grid>
