 -0.00183465956294554  0.00770626453197976  0.01619692128982424  0.02487253992513172
  0.03383669365796398  0.04289957842214719  0.05185129984160543  0.06138647082913300
  0.07226827560716625  0.08390499480288098  0.09493348159389250  0.10575559959702759
  0.11646844303187487  0.12677059734862617  0.13650210490019435  0.14680390442166363
  0.15807042225692472  0.16931384521800458  0.17968623639543180  0.19015871970787254
  0.20174198534582710  0.21380468203569369  0.22455969568918588  0.23484734114289213
  0.24478496557389284  0.25413593303971599  0.26259902993630946  0.27167826873284717
  0.28099752986290405  0.29023351402661896  0.29926159377974754  0.30833219123587735
  0.31797457935184359  0.32797341398388191  0.33860704732078012  0.34893354612001165
  0.35967738528606663  0.37116230902101827  0.38335746279004618  0.39611263092829785
  0.40887937988315071  0.42162482084685765  0.43443426012774988  0.44693291155778020
  0.45891322025774001  0.47008965557661503  0.48084861454578193  0.49159330258239536
  0.50241099024243430  0.51298638579653311  0.52344366587029623  0.53386632602646289
  0.54472641760042584  0.55603409727516884  0.56745776269276216  0.57845543309778236
  0.58874156480413220  0.59813342547040016  0.60755565326781769  0.61711005105028183
  0.62671062783780918  0.63626819856582950  0.64598428603763347  0.65677462110631912
  0.66831980536260149  0.68049588796069482  0.69282601129476562  0.70533882523963820
  0.71795467398903745  0.73043573430525710  0.74198491673657696  0.75280964194697952
  0.76331229411006751  0.77324178215742445  0.78266851730611964  0.79233441549031403
  0.80210065511372663  0.81187830781229009  0.82167371379102805  0.83181341457385050
  0.84265286172250198  0.85350495310416596  0.86377311975663995  0.87378005794764735
  0.88395204630003354  0.89392073422752971  0.90420252936116319  0.91479477943653176
  0.92621982071874931  0.93854753345860797  0.94974518244530903  0.96078476767651166
  0.97039083815025928  0.98006211394848630  0.98991717850543093  1.00000000000000000
  0.00014702255374818  0.00438127148174957  0.00949687009385089  0.01485672084205311
  0.02117813374086146  0.02866765228014231  0.03622953375914233  0.04434354798121168
  0.05410013759009397  0.06377752263954728  0.07281553302884511  0.08235594841450364
  0.09242266034862825  0.10219941464651315  0.11181187384240589  0.12131440793915817
  0.13150694447210140  0.14235135829628870  0.15346590901999477  0.16519290532070452
  0.17733617730228282  0.18915484552773737  0.19990595957291757  0.21004681903502542
  0.22048200511264399  0.23116690574504831  0.24124125022317131  0.25070123627485869
  0.26061997677899507  0.27127161370484876  0.28257487540025117  0.29423508065526405
  0.30631506597191560  0.31888365368475757  0.33120129251214064  0.34250292842001134
  0.35313796217400345  0.36422078052401735  0.37503390156132171  0.38577360879826655
  0.39666108820648877  0.40808437552791427  0.41982213958647402  0.42993160706790101
  0.44104580414212768  0.45053762136688680  0.46052354119028310  0.47059077795948939
  0.48115574101060593  0.49117879501167910  0.50116445080131644  0.51169243836373446
  0.52258465896773276  0.53374296539110344  0.54465808960621420  0.55534588463549373
  0.56539097117164683  0.57491842323344633  0.58461137348982795  0.59456617022208191
  0.60475049916674617  0.61503533162353241  0.62563446293118641  0.63666904954326164
  0.64694461301776962  0.65658936336648310  0.66631916327868290  0.67720132460599536
  0.68848925196215038  0.69873583603431166  0.70873029385718656  0.71899126861042617
  0.72987304095597938  0.74102751329277905  0.75238156754360841  0.76584634633777693
  0.77632799696399357  0.78578281795559635  0.79523060774793353  0.80488868080183396
  0.81461484382705052  0.82415284823649226  0.83400267652437654  0.84565764731843862
  0.85786681570606038  0.87042953355488195  0.88367792408933377  0.89681049500763854
  0.90909684500827004  0.92058534547545912  0.93180169858618545  0.94301117879350294
  0.95482366616125980  0.96826140473860844  0.98342083302866334  1.00000000000000000
 -0.00802519507531543  0.00059517535056268  0.01422278217851624  0.03815274725534724
  0.06180063427355752  0.08527551434970072  0.10753839731070960  0.12932087579224796
  0.14973345870507299  0.17032761926486550  0.19107461017993363  0.21207837374516209
  0.23362600796829627  0.25644338281470941  0.27905765263620569  0.30156187276357277
  0.32410930690359074  0.34681447374875485  0.36988930525825869  0.39282573350999356
  0.41566896391231256  0.43821370026686673  0.46064751285004840  0.48271239638939895
  0.50470662904418218  0.52660765816455724  0.54962940826582485  0.57315560170066571
  0.59762266851178625  0.62235101217708089  0.64804741279384448  0.66549383338932222
  0.67692945888916900  0.68989377807778374  0.69064868849916483  0.69228862414237469
  0.69701673909318196  0.70195494817903448  0.70681375531765644  0.71158457905719952
  0.71637323215805082  0.72122487444885941  0.72611928531008019  0.73102949188795840
  0.73591285774182835  0.74080904006142723  0.74568863603979429  0.75058494031891299
  0.75547400239949536  0.76029015550501311  0.76520494342612977  0.77017640808128873
  0.77513919571569267  0.78004171288413304  0.78501797359081571  0.79008893716350215
  0.79523240493396963  0.80036087840870462  0.80538257989721695  0.81035955215710342
  0.81529703950474719  0.82029411107149752  0.82534720261220917  0.83039126297800481
  0.83544072053631535  0.84054883025290861  0.84566916214748167  0.85078612617663485
  0.85591405869651260  0.86108934520039060  0.86624483031447586  0.87141246445964915
  0.87658369071665965  0.88175184942487295  0.88698265187756786  0.89229036998941091
  0.89756530547040358  0.90281695260653727  0.90810277238217763  0.91339110534536128
  0.91864100743114585  0.92389408737338163  0.92919717308510108  0.93456635095845531
  0.93993963892591215  0.94533875266267475  0.95073131862322424  0.95606922164670305
  0.96140073345776700  0.96679048378385934  0.97233167684229804  0.97787190293915793
  0.98335730768550367  0.98883558150998496  0.99439123283989617  1.00000000000000000
 -0.00209890554817507  0.00853525612082248  0.01832971144789985  0.02924580533231539
  0.03949213638875380  0.04995055266185369  0.06037478521741779  0.07024665714678109
  0.08030878888075034  0.09103147329660616  0.10198730220514780  0.11242422804523643
  0.12267833838219441  0.13349822637266673  0.14491426203339650  0.15673931584840969
  0.16834706035664526  0.18075897547014780  0.19199480023942977  0.20242773165884165
  0.21247125175886400  0.22174494033599315  0.23140803196822410  0.24037441582207272
  0.24938705766316108  0.25889992378829740  0.26828304391292584  0.27800168438424205
  0.28806207462762434  0.29941090329294817  0.31144271007611607  0.32287900449387791
  0.33349573039524777  0.34405515792779129  0.35458437343689186  0.36539205480439041
  0.37683022146944212  0.38712065175539528  0.39745107924107520  0.40801005901433540
  0.41865552669246808  0.42993172691693349  0.44118270792793113  0.45185621912238538
  0.46203711786052926  0.47136880437329121  0.48092245734947886  0.48947871867279519
  0.49784473734187729  0.50640597589890546  0.51488863258869222  0.52386207758748815
  0.53353546276402974  0.54362900576738182  0.55407958328486118  0.56494420127250233
  0.57630076530479735  0.58794884704086425  0.59952788073794661  0.61121783208136327
  0.62327867309064755  0.63520257081519693  0.64737817119724905  0.65889689220793124
  0.66991907835183384  0.68050769547656020  0.69084617555396133  0.70169238072913875
  0.71298532598518261  0.72542856877337181  0.73682046367005227  0.74800445845033281
  0.75799420195982925  0.76759664603517530  0.77738126884136882  0.78715739436655707
  0.79674195025474215  0.80627998440909854  0.81610589644963005  0.82727922000537002
  0.83814907704490060  0.84932714397318632  0.86091124446395328  0.87259040101988627
  0.88309705283818074  0.89335886985533586  0.90384411798851039  0.91426066324238675
  0.92434949362195207  0.93435645901277331  0.94540728407906116  0.95707717671904513
  0.96829468613962288  0.97912301212302988  0.98956464110262798  1.00000000000000000
 -0.00211140424971408  0.00851150783487309  0.01774245016310994  0.02684414723791833
  0.03600245674020817  0.04525756552889124  0.05590553847381709  0.06641264523194618
  0.07626849600520684  0.08614097502196558  0.09660580363054154  0.10768439877908914
  0.11971600090202651  0.13059056163772323  0.14074700842050258  0.15097811798329647
  0.16156831751954165  0.17236219398128366  0.18280153914437577  0.19231995033822338
  0.20151406040904307  0.21123877970868316  0.22149867545405008  0.23130477965165663
  0.24009669919919208  0.24894729159999587  0.25862974073413963  0.26864373729619856
  0.27852499094884942  0.28840245008622106  0.29834638045526091  0.30809233010890430
  0.31781313384656668  0.32791299070172331  0.33853076415320682  0.34944218315367626
  0.36038090144295620  0.37117895768784598  0.38180938368389011  0.39250536532597402
  0.40330227435780747  0.41409497185107685  0.42514215479386508  0.43657022945604124
  0.44882921812728205  0.46122842289551103  0.47310394933961875  0.48480325021229964
  0.49617980576043597  0.50666856490207179  0.51663795967531312  0.52625380918380271
  0.53588329747989261  0.54530876394526062  0.55424498492056795  0.56309470618573265
  0.57257963648814958  0.58286085723290293  0.59365195099919044  0.60464944701202017
  0.61551818466147779  0.62641434663534201  0.63712556066754533  0.64761992781779276
  0.65791844338951966  0.66816327642308437  0.67760065465877428  0.68680893885469707
  0.69652582943672636  0.70658078757408438  0.71658897712884218  0.72600388113920789
  0.73634136229764746  0.74746174654074793  0.75873145372969308  0.77049168628601838
  0.78279768248019277  0.79503995219532830  0.80733904098956044  0.81981659764447978
  0.83234137984111212  0.84501026012203506  0.85708314395410068  0.86947549718877126
  0.88149362039393842  0.89358601589181186  0.90501983757645044  0.91658122754333216
  0.92797064186814460  0.93895294997182421  0.94894857497244345  0.95900376280092858
  0.96942525919669054  0.98043427531221683  0.99054773899866844  1.00000000000000000
 -0.00326339646219406  0.01213307756092932  0.02387023466535983  0.03540847462555419
  0.04583161110339626  0.05626189584304177  0.06736751054874303  0.07873893111183113
  0.08954767596907275  0.09973077118780233  0.10948487462243302  0.11940059329175727
  0.12980457828039033  0.14075645892026550  0.15172906596433294  0.16246642139137532
  0.17373519096590312  0.18540839901674031  0.19682885696138380  0.20796219871770749
  0.21874521286333065  0.22935072372501636  0.24004972707033881  0.25076637862973622
  0.26143702954071363  0.27213776217892882  0.28300791085967131  0.29365944359865137
  0.30364136710680972  0.31354794875267944  0.32390028388738656  0.33463070814156254
  0.34540838880856778  0.35556962399152531  0.36486794989180027  0.37415706516423142
  0.38350912963526262  0.39278795507129288  0.40147836361302891  0.40988712698386615
  0.41852264180887294  0.42818414298778701  0.43816839635929355  0.44822624702823244
  0.45872766728511305  0.47030311443428496  0.48164649829099443  0.49229862899619425
  0.50185142984544395  0.51045107424238856  0.51891105549826899  0.52803781722774445
  0.53710134196814496  0.54675110513939962  0.55674185525310127  0.56649341320963864
  0.57759310982212042  0.58840066227851306  0.60003744130843917  0.61213373776574176
  0.62379334346910709  0.63450482932611796  0.64463744025395930  0.65579866268988074
  0.66745846342323145  0.67906836232389989  0.69034393176373554  0.70106709779685017
  0.71164811990512511  0.72118810483950901  0.73074665665021277  0.74061430603248135
  0.75070888235839017  0.76109600924909693  0.77144138150139874  0.78143321305433189
  0.79188784001985579  0.80227090310009652  0.81258487583955152  0.82261527899607512
  0.83285563907703208  0.84385957953738389  0.85539235967084959  0.86602053866276407
  0.87650349969732733  0.88653595215686420  0.89684863689468231  0.90787759993911632
  0.91876604193079603  0.92892324231467338  0.93888965496923582  0.94952995861562528
  0.96105294150429832  0.97412699554276028  0.98694958277203837  1.00000000000000000
 -0.00361137768713133  0.01264991769121043  0.02538383246147827  0.03658169941656638
  0.04704947443515935  0.05669706335155113  0.06650484279265154  0.07637489733051123
  0.08664013064982679  0.09739026110220060  0.10786216137529400  0.11713898024500349
  0.12657821366181099  0.13608349770804115  0.14563295281995581  0.15556802900570227
  0.16528506446758295  0.17706349647464695  0.18968026831954454  0.20207712244946316
  0.21422467386564939  0.22646652840811110  0.23877423996912919  0.25164839790359200
  0.26397234861261271  0.27619503049118044  0.28878478139594188  0.30059325745690324
  0.31174085826601583  0.32295552430626601  0.33401348398693487  0.34505236841315240
  0.35651102076514080  0.36805458353907333  0.37873347464047807  0.38826315506092701
  0.39805742740958533  0.40875717842388959  0.41911453121199960  0.42849105180781694
  0.43797530317087069  0.44777973038902907  0.45740367928303516  0.46684758866865916
  0.47653192960367657  0.48717713044606736  0.49840836577497588  0.50991546496131568
  0.52200194916093501  0.53468246558248722  0.54712415062290354  0.55874440484693666
  0.57014292650883391  0.58065295642660786  0.59067868289307257  0.60064332882950744
  0.61097063408363173  0.62110596358502734  0.63096931947057178  0.64037251859763822
  0.64944557277126480  0.65793826881836526  0.66619909298845992  0.67467809967431314
  0.68367034277041694  0.69303602664650255  0.70205396658578578  0.71117379567306238
  0.72027767292040168  0.73041923829827649  0.74164023712381411  0.75346053885835873
  0.76545934227077339  0.77741882385730843  0.78913938517047799  0.80020240558755273
  0.81061137167162034  0.82041104565921608  0.82967650763313661  0.83923183551407621
  0.84886365116919449  0.85873830955902430  0.86817916950526453  0.87720677941931613
  0.88626501717950956  0.89567977002716259  0.90564474975993026  0.91683671900815478
  0.92780856770837594  0.93822778918962180  0.94915593593020642  0.96013307123937763
  0.97052763872146841  0.98045734720570499  0.99032935504661745  1.00000000000000000
 -0.00356838355461088  0.01263018519681475  0.02516252848913021  0.03671541612617318
  0.04778505796516726  0.05838301015848261  0.06880540718424073  0.07943423952971902
  0.09187474777132011  0.10497849499333935  0.11698281408295470  0.12827796831367169
  0.13909822697150487  0.14933941585810412  0.15925547854084790  0.16914920837102126
  0.17913569011037603  0.18897572403602783  0.19880105710940632  0.20894231775686328
  0.21923919784072382  0.23021587451928741  0.24103443227707194  0.25178414182752862
  0.26266756692030852  0.27332988695827326  0.28390508990214358  0.29478869107412575
  0.30620752267632745  0.31766844614908779  0.32834294408782294  0.33848863308990818
  0.34871526808591008  0.35867204511583450  0.36861752453021124  0.37815353533645873
  0.38764409377597792  0.39746673924632431  0.40747712014475596  0.41729811478861550
  0.42685008423812532  0.43661582441458785  0.44754822447555587  0.45849907584977601
  0.46910451746362603  0.47892353879219662  0.49025117604136159  0.50095569972073273
  0.51193645163186974  0.52278025398469652  0.53349672017931427  0.54479689079321614
  0.55712098118368736  0.56931090513715643  0.58143036265726356  0.59345284068303816
  0.60518701505104977  0.61665270673642336  0.62813762677827578  0.63977693222491394
  0.65059810769899107  0.65914883726894491  0.66836925339110209  0.67814270279670974
  0.68850972715560821  0.69850762398286337  0.70815436908533913  0.71881710124316123
  0.72993510986399324  0.74120060418911804  0.75275644120324237  0.76331594921269519
  0.77390955839007691  0.78378762294908966  0.79404381304308247  0.80364425353842406
  0.81341161205555113  0.82350228375863344  0.83405802835274334  0.84494327707297889
  0.85559878005425827  0.86569803846304327  0.87568055648800869  0.88571694242761279
  0.89554160580062148  0.90471871363933443  0.91379886955476197  0.92338995179158467
  0.93328255389184578  0.94326833705949920  0.95328434015078178  0.96316091606426724
  0.97291626356550398  0.98223611708608127  0.99112447890745825  1.00000000000000000
   60.910555565725133       -1.0000000000000000     
 F F F F F F F F F F F F F F F F F F F F F F F F F F F F F F F F F F F F F F F F F F F F F F F F F F F F F F F F F F F F F F F F F F F F F F F F F F F F F F F F F F F F F F F F F F F F F F F F F F F F F F F F F F F F F F F F F F F F F F F F F F F F F F F F
  <DiscreteSampler_grid>
  grouped_processes
  1 # 1 for a reference and 2 for a running grid.
  10 # Attribute 'min_bin_probing_points' of the grid.
  1 # Attribute 'grid_mode' of the grid. 1=='default',2=='initialization'
  0.0000000000000000 # Attribute 'small_contrib_threshold' of the grid.
  0.5000000000000000 # Attribute 'damping_power' of the grid.
 # binID   n_entries weight   weight_sqr   abs_weight
    10   10   2.155436783348177E+013   1.385279589515470E+027   2.155436783348177E+013
  </DiscreteSampler_grid>
