 -0.00225344181691457  0.00852888057274101  0.01814824567993149  0.02728477476176548
  0.03672575971908702  0.04579454136842753  0.05482965765387193  0.06435821126913187
  0.07412706539069831  0.08389959865428345  0.09398322824150381  0.10490533482664870
  0.11683861207390558  0.12930426069795359  0.14188451443569350  0.15426879594738710
  0.16646304061001155  0.17774839444393212  0.18808558310804516  0.19707917351074247
  0.20635340369935307  0.21552783227961661  0.22459943786680708  0.23344831044878775
  0.24259594851835076  0.25223993791878069  0.26272376090879634  0.27384304519284058
  0.28534061673736694  0.29723456121876585  0.30923659573382267  0.32101622865323226
  0.33268512914227066  0.34410671496513662  0.35490505714444143  0.36519462409850129
  0.37531900543506297  0.38548232332628907  0.39573919988674711  0.40634526732531395
  0.41731188141005704  0.42851796353306765  0.43958917065701486  0.44996239622042311
  0.46056203583870103  0.47130661893826642  0.48211003022945809  0.49327848841034450
  0.50481638910053217  0.51681944956151238  0.52757554089286007  0.53767506456681369
  0.54764476749980961  0.55754530687995096  0.56776713620269448  0.57838579171886551
  0.58951249708796416  0.60113424700243467  0.61241447419795592  0.62394143403704183
  0.63561081758185578  0.64686194329336111  0.65758310944839604  0.66809719330498707
  0.67960301323696004  0.69030978236544360  0.70014996242030614  0.70953505618226531
  0.71988046258028482  0.73033785099471782  0.74122833508235875  0.75216343869226621
  0.76402330580895150  0.77519034119015084  0.78612446470195163  0.79639113750226664
  0.80649252403637051  0.81631550965434307  0.82643685568139258  0.83677385856503395
  0.84626738267027868  0.85571800221721428  0.86549760301742040  0.87574487256712807
  0.88597530551033232  0.89642236179361401  0.90727387157430228  0.91792962621152197
  0.92822713020205450  0.93796391502934529  0.94797470618351320  0.95859487293233703
  0.96946714453036920  0.97979606264729058  0.98981623615359204  1.00000000000000000
 -0.00029261514096555  0.00550163305401136  0.01156832895279739  0.01818796069324194
  0.02558055319232276  0.03345464949396229  0.04217455462521470  0.05185105785878012
  0.06181440767031701  0.07173822254201172  0.08162314515983836  0.09116622783498166
  0.10069117570656397  0.11053100945831790  0.12059303906406710  0.13060113551287442
  0.14054319498482878  0.15085193882561124  0.16134689950122358  0.17160363625627501
  0.18169395642648939  0.19219588545836852  0.20316288722692769  0.21348344611687259
  0.22332928795030527  0.23338956655574197  0.24371586541979365  0.25359060316049503
  0.26254555493220838  0.27158268377725459  0.28184963894608228  0.29287143267208360
  0.30387840728834498  0.31447849699689479  0.32457815326718226  0.33442666805568244
  0.34313027479784874  0.35192206380627555  0.36078402308224483  0.36990746430033122
  0.37983649704228140  0.39046164290720592  0.40127002115253052  0.41304414792086114
  0.42404553883844859  0.43501758985379807  0.44435395254409782  0.45361025899389124
  0.46399759764337850  0.47493576115295738  0.48548870399871946  0.49598620972455071
  0.50767352229878959  0.52022096327553735  0.53281505208556268  0.54489940149810456
  0.55677394802648827  0.56821119450283220  0.57908608933559169  0.58978385878052053
  0.60056436235022836  0.61165928017679450  0.62300062154083213  0.63423948486775550
  0.64518805230268028  0.65565219967361499  0.66614089374628560  0.67713970261774181
  0.68824763524030663  0.69918529840927268  0.71015144315004286  0.72157598929166911
  0.73266094906263890  0.74324808317806279  0.75426151932484253  0.76590357041556900
  0.77765627956273120  0.78919617497317696  0.80138179753845151  0.81442749896160671
  0.82769628795721795  0.83967493828160722  0.84994206273427619  0.86034182807633053
  0.87070358817604254  0.88071545628574865  0.89023528160977261  0.90077020409834330
  0.91172205399568362  0.92200973049391299  0.93198336911631552  0.94343173093065724
  0.95596188542948490  0.96830912052527396  0.98290483210935209  1.00000000000000000
 -0.00887351458183987  0.02126283333487339  0.04536633491362454  0.06979967293183875
  0.09370751157364915  0.11651811506392877  0.13759586724222217  0.15742175598346630
  0.17759384736415773  0.19777446159569387  0.21782876597367468  0.23938291238746015
  0.26237069344899705  0.28517354500120079  0.30794121062954566  0.33090735052454007
  0.35372176810949063  0.37624954064356064  0.39868508533894442  0.42106159617776862
  0.44293434257266945  0.46472825153414637  0.48654577210108318  0.50831567404039524
  0.52998434711922460  0.55254995527065942  0.57585921253359929  0.60024206134504676
  0.62498720911979644  0.65111090903160995  0.67160050794645409  0.67971162235353977
  0.68965573733834373  0.69077695563261365  0.69275542485791131  0.69744841399259883
  0.70224021089029720  0.70700573389046295  0.71178818400656918  0.71655851788559188
  0.72127193445363280  0.72599000922244294  0.73070025627835111  0.73540869874165848
  0.74013072554871184  0.74487290341779722  0.74959863760190859  0.75438503161451387
  0.75921252424617980  0.76408010447910857  0.76898484975754200  0.77387329641270153
  0.77878248580638221  0.78367051617976435  0.78855128496107341  0.79349094559663047
  0.79845886728024762  0.80341121197887722  0.80834592189863241  0.81329344000107606
  0.81819532799268346  0.82317041946292158  0.82816432344042190  0.83319651883159651
  0.83828919061089668  0.84341514894921921  0.84848224376160930  0.85352439357755983
  0.85862196831909388  0.86377783450557111  0.86887000755732291  0.87395180321014421
  0.87903304955991857  0.88413660518724879  0.88927769211390395  0.89443043317752291
  0.89958945403135748  0.90472814736081364  0.90999221926090468  0.91528315040657493
  0.92054842392211789  0.92585211073018336  0.93121395360670134  0.93649724396819289
  0.94168830484648935  0.94694703678095904  0.95227809875263592  0.95761560597340811
  0.96289847114605975  0.96812838604972018  0.97336261769666199  0.97861582743875120
  0.98395770579597275  0.98930820853593049  0.99465198757424367  1.00000000000000000
 -0.00202653785364080  0.00902811726278335  0.01816498852917624  0.02727165936820388
  0.03605341871054756  0.04521042358489403  0.05494429192945815  0.06482605784020057
  0.07475441481242777  0.08492807862395579  0.09546778863591585  0.10595048674232804
  0.11587923880795346  0.12588775830991741  0.13639791561105791  0.14736879724892893
  0.15803009073202745  0.16806870291141204  0.17793677649105044  0.18798022809438181
  0.19816357621461730  0.20879732962085137  0.22008408541067206  0.23145807470289723
  0.24252498473797890  0.25345285777594961  0.26459653244073961  0.27606761402864471
  0.28766645151215209  0.29926704056618725  0.31075374672685396  0.32164659046014765
  0.33196559367351813  0.34215230726620671  0.35208768653253003  0.36233956429818903
  0.37332834635832368  0.38419354867807715  0.39497363231558391  0.40600694466976800
  0.41712744338062163  0.42820608286634948  0.43964241544870442  0.45237406433873167
  0.46402794812129239  0.47443196467913396  0.48495778801537065  0.49643419473150974
  0.50739219476852415  0.51819199125476756  0.53017794612275182  0.54216414454428474
  0.55345999973091486  0.56489495443841220  0.57632024950022198  0.58708317560518219
  0.59695377004133998  0.60698548141630060  0.61743314988377462  0.62826390485734307
  0.63875821576875325  0.64888874110961225  0.65871512881190486  0.66875425654895559
  0.67895742315140062  0.68944341577085133  0.70024706664524061  0.71109140915811353
  0.72212925515254722  0.73241715731944856  0.74248482692686191  0.75200825182108766
  0.76109101561303594  0.76989241439534117  0.77898747689545689  0.78802362797470060
  0.79702208609104963  0.80591610851727136  0.81520429171754938  0.82511684920434758
  0.83575201057212578  0.84679219335492040  0.85730232593609634  0.86720171919099664
  0.87744759862731758  0.88861521310579139  0.89983278992632598  0.91054283573419803
  0.92128162432740812  0.93266046700997740  0.94428773712411196  0.95622065146333735
  0.96809576140570974  0.97940198859251559  0.99001594758210965  1.00000000000000000
 -0.00245404679516189  0.00933916967304149  0.01939489363359435  0.02898772539782739
  0.03913992139534215  0.04947122324291273  0.05998574834908947  0.07031959506176440
  0.07993263293996507  0.08929955282699154  0.09839287708810814  0.10761787102607519
  0.11692126351747921  0.12672281675028269  0.13634135233214373  0.14587896713352963
  0.15605417379303768  0.16707881780446299  0.17874639799037798  0.19011787215048748
  0.20045894091444644  0.21061320153150326  0.22112995864198359  0.23180141905328430
  0.24274776315545793  0.25440779419474291  0.26698062686040719  0.27975654326224053
  0.29198710337984374  0.30377206650113403  0.31491303235064644  0.32515131612850562
  0.33567006659321891  0.34708077910050006  0.35863800540696139  0.37020991474824400
  0.38109816448218736  0.39246786746232021  0.40307265871038267  0.41338034944740326
  0.42312987192559220  0.43244231370164987  0.44231483422508056  0.45279713604054839
  0.46381926944584917  0.47545571805308334  0.48753323503602825  0.50003265690651044
  0.51100764912775598  0.52224694368994107  0.53319936688981739  0.54453142138846822
  0.55557214338207550  0.56626097251541918  0.57645866517278410  0.58652785663528417
  0.59653539896749064  0.60634825353635857  0.61628977023828135  0.62663641967413164
  0.63672926483502845  0.64642258045239009  0.65547938334863054  0.66490261277055851
  0.67416916516314129  0.68350026887862358  0.69308612740090292  0.70259387777780935
  0.71209159910185060  0.72203869449072067  0.73221203238602584  0.74396711092963697
  0.75534823489607850  0.76661651146341780  0.77653572699675644  0.78569398101133936
  0.79502352636596674  0.80452656640712839  0.81393222441512769  0.82272182453771436
  0.83170554343997638  0.84156954698444775  0.85215314843063628  0.86296249028712824
  0.87392373027456283  0.88604553794600971  0.89801850899987690  0.91151836304467193
  0.92289900641360090  0.93374125167604927  0.94423081981208712  0.95514219659423927
  0.96615090977460083  0.97689835708256834  0.98808705670017183  1.00000000000000000
 -0.00257740997038408  0.00932516669360901  0.01976525243150862  0.03029300887456369
  0.04158406405555316  0.05361530858701542  0.06527929076945432  0.07612688843989783
  0.08702533453604021  0.09788008898443595  0.10851474429796587  0.11919988004240482
  0.13094604853165159  0.14415182173746058  0.15775821583943830  0.17133313670845232
  0.18325458450758170  0.19400387887121479  0.20389551099485581  0.21438831906776312
  0.22512663997981197  0.23591934324964625  0.24682673274351291  0.25790143054504905
  0.26923359747937597  0.28110349687936820  0.29351788364176767  0.30641919149162949
  0.31840456820391688  0.33000935795327530  0.33998668741571708  0.34950075948042969
  0.35952010673333223  0.37024771440347692  0.38098569749927685  0.39181583925912777
  0.40376191511150278  0.41573603114919017  0.42661500666307450  0.43717960729453759
  0.44772428882412785  0.45841744326863831  0.46921177723242524  0.47982372299194403
  0.49002449347251231  0.49958595094568842  0.50860544989876622  0.51763014196134005
  0.52696335364687108  0.53707020081035783  0.54774150540465538  0.55866099874669817
  0.56857213055220279  0.57887779266005235  0.58828241389853264  0.59748640293221111
  0.60635243480744205  0.61542951797553058  0.62480876246134820  0.63527176614666836
  0.64595424813322300  0.65602410541003087  0.66615380480685327  0.67600948283151563
  0.68560997812864455  0.69461825553378265  0.70377292035295924  0.71373657172424387
  0.72375082524324219  0.73353925250773222  0.74368983825609591  0.75420163500095994
  0.76531754468279434  0.77562292706465663  0.78594591915810286  0.79621693962946083
  0.80638736965364877  0.81618130770314035  0.82578810759575882  0.83512763410063406
  0.84532806377975434  0.85549229105136948  0.86616478190883572  0.87697146429665407
  0.88770411763579959  0.89798935541371017  0.90787956151874305  0.91727186415973805
  0.92700949871095562  0.93712183918937308  0.94729289140669048  0.95789457517379561
  0.96805374866118199  0.97823536976781689  0.98912128039952918  1.00000000000000000
 -0.00235522764402496  0.00952122691671689  0.01860225443867897  0.02864195293471035
  0.03902305755897467  0.05020725289369005  0.06125382785574497  0.07140420180957072
  0.08115127210272415  0.09117126712526902  0.10130216497882513  0.11129426766676198
  0.12120876442006685  0.13191714456563594  0.14349899560570151  0.15456646715967221
  0.16504269868617291  0.17459354494306734  0.18390679479803276  0.19274122035339381
  0.20104083291031188  0.20958036920074241  0.21846314436823611  0.22793412489436943
  0.23779764640974821  0.24765572992566157  0.25821171122282066  0.26913823315116403
  0.28030486893162126  0.29206981391424636  0.30441358084312004  0.31766885498929115
  0.33075050768574160  0.34242503525981255  0.35323684151255474  0.36383205151110770
  0.37409483913391195  0.38390385346747613  0.39371470353559324  0.40416438285193296
  0.41517813008500065  0.42656293751523650  0.43775474383814794  0.44838124344323749
  0.45908802800817644  0.46981601387786809  0.48144664600738296  0.49195706408497059
  0.50318916377471568  0.51485164000761163  0.52608727906530384  0.53715836002180994
  0.54897238002760906  0.56134231046345739  0.57362366090378292  0.58550929890802561
  0.59691263052894694  0.60765500784048143  0.61795724919026651  0.62874123315860897
  0.64053761711824708  0.65290044463209107  0.66471051596944175  0.67655373992116630
  0.68787162857506667  0.69802264706631001  0.70774846459323260  0.71769735547355240
  0.72776566280427690  0.73773780286756807  0.74735525030505534  0.75773815990052384
  0.76854699679498450  0.77907179047892627  0.78980265005107808  0.80118981679269929
  0.81230012472917512  0.82271483340744911  0.83295509477579466  0.84341448480114234
  0.85317803918714175  0.86191709617749679  0.86994535543131346  0.87814580829848066
  0.88709869582556089  0.89703112108475302  0.90748772537616207  0.91737845226449211
  0.92696592540352696  0.93613680851529113  0.94605337972805148  0.95650813197319606
  0.96687304723636502  0.97745288737316105  0.98839147518148451  1.00000000000000000
 -0.00205250004878522  0.00836101926590931  0.01665777037648563  0.02504353902117415
  0.03379920315167123  0.04329681227380593  0.05367965650258284  0.06370272334033973
  0.07319227001577636  0.08273018957677711  0.09276814927788747  0.10295799083301399
  0.11284575089035236  0.12305096286790762  0.13419734153022306  0.14611267506309755
  0.15848366972209349  0.17123480925880730  0.18457323444872920  0.19793643380694970
  0.21054445166574565  0.21995056643211544  0.23006960381555802  0.24010551158046720
  0.25086155566485818  0.26091995448235189  0.27077192105942921  0.28056676012171772
  0.29022933572429432  0.29994873915683656  0.30996277527666866  0.32067587080472487
  0.33218412343771581  0.34352099144458054  0.35497059150625759  0.36619399487216892
  0.37743857929748070  0.38811455066098888  0.39834332819376095  0.40812579707818136
  0.41798734137103449  0.42805480871721396  0.43822316203759165  0.44834874518418216
  0.45872612004357843  0.46973227406010892  0.48098110961832613  0.49255409246212489
  0.50397745904197322  0.51547545652339788  0.52714821400675493  0.53784814647533929
  0.54961149731930869  0.56024208375453444  0.57336259969631165  0.58566448249078285
  0.59825173372389906  0.61145891086243509  0.62395901895696881  0.63457782035026111
  0.64383862204924713  0.65222927175639311  0.66073165411488732  0.66960350798978086
  0.67857923425382194  0.68719632541485998  0.69610854570784919  0.70538406883413818
  0.71566434031588710  0.72602551155617945  0.73575390037160049  0.74558856961377074
  0.75688437126693453  0.76921000337131828  0.78053369568129838  0.79141216483925991
  0.80253628774161700  0.81415948206686528  0.82599948919195210  0.83794341541888484
  0.84911595531087902  0.85888554487065394  0.86795926379097810  0.87756508472532080
  0.88790019212042781  0.89748890859366948  0.90698179926476030  0.91615921772824338
  0.92679699081323752  0.93772429252647271  0.94766482325084178  0.95789980093003257
  0.96841743766664035  0.97879996563075544  0.98955030370136954  1.00000000000000000
   60.641169694781865       -1.0000000000000000     
 F F F F F F F F F F F F F F F F F F F F F F F F F F F F F F F F F F F F F F F F F F F F F F F F F F F F F F F F F F F F F F F F F F F F F F F F F F F F F F F F F F F F F F F F F F F F F F F F F F F F F F F F F F F F F F F F F F F F F F F F F F F F F F F F
  <DiscreteSampler_grid>
  grouped_processes
  1 # 1 for a reference and 2 for a running grid.
  10 # Attribute 'min_bin_probing_points' of the grid.
  1 # Attribute 'grid_mode' of the grid. 1=='default',2=='initialization'
  0.0000000000000000 # Attribute 'small_contrib_threshold' of the grid.
  0.5000000000000000 # Attribute 'damping_power' of the grid.
 # binID   n_entries weight   weight_sqr   abs_weight
    10   10   1.638283057659075E+013   8.321612395664054E+026   1.638283057659075E+013
  </DiscreteSampler_grid>
