 -0.00198180002222959  0.00762082975264829  0.01633767156679742  0.02580877116148834
  0.03634022343502074  0.04648483337570348  0.05585471415469839  0.06531176676872780
  0.07518020845308815  0.08515314268765591  0.09486627462796261  0.10435758858428200
  0.11390640910531892  0.12328355534403658  0.13240489650596479  0.14192153522455120
  0.15258205995664920  0.16357822017744911  0.17378448445854916  0.18362012329023830
  0.19364013158563043  0.20328893938025325  0.21255261012470944  0.22202159359580301
  0.23178478490682997  0.24355031163131047  0.25507754390030313  0.26604194011625060
  0.27649468947087863  0.28646201290087359  0.29647011246647709  0.30631144992881332
  0.31690238268103921  0.32826327793094423  0.34010134885395993  0.35165208509550611
  0.36309799599584652  0.37458458683646761  0.38597416278923280  0.39761630348634208
  0.40924787083665720  0.42016738876038873  0.43074634298981557  0.44165097637832618
  0.45299499333995547  0.46476874015514180  0.47607143570132904  0.48716905913754860
  0.49785065540399609  0.50821279770448824  0.51855065706543513  0.52877338886921232
  0.53898275951374985  0.54914407750949312  0.55991263706947181  0.57132211557508883
  0.58241720733250046  0.59302267189304503  0.60335394963279732  0.61376283761818407
  0.62481611554028649  0.63693964797632363  0.64937227551979881  0.66169426043013435
  0.67328326783814407  0.68456085777583753  0.69674603135597790  0.70930712141407726
  0.72064436862900039  0.73130684250998124  0.74138349427881844  0.75143603193396125
  0.76136250992487997  0.77154636626026962  0.78288932041991699  0.79375610690887188
  0.80538609332859645  0.81651307795313111  0.82816010119718408  0.83862101979474124
  0.84839431448701830  0.85782163910094034  0.86764265740152668  0.87764783459747953
  0.88808430436665953  0.89847955920241152  0.90898459098354378  0.91935549222982949
  0.92924089242721908  0.93898406904665221  0.94833251433837273  0.95767866181306427
  0.96781270813470177  0.97815968711061019  0.98896794410446276  1.00000000000000000
 -0.00075352897272700  0.00700949949563646  0.01456309203512583  0.02285626755009440
  0.03167066533135483  0.04079480759202846  0.05059835757858464  0.06100372445255164
  0.07154617467182553  0.08247104659144432  0.09404065148931690  0.10602846199726895
  0.11773076147593618  0.12889874150218966  0.13901221160255095  0.14968166737462882
  0.16035375096828788  0.17075584947830325  0.18085125687925074  0.19075199316101288
  0.20062901208974263  0.21088581922174904  0.22139378433297088  0.23182910973156698
  0.24160115046670580  0.25184216318918407  0.26294384578772984  0.27410637854611958
  0.28500132938042733  0.29551579423646740  0.30574335965940025  0.31557294496066834
  0.32486563082431708  0.33465569877817364  0.34452422443685810  0.35458052325034733
  0.36464274127289503  0.37458575441059738  0.38419851483430384  0.39383818811243360
  0.40346861145699764  0.41398281636275763  0.42405417681497970  0.43392692333807842
  0.44262894046628765  0.45112376500924062  0.45992389812078194  0.46916496630252114
  0.47825415183042808  0.48799315868171911  0.49801423804029715  0.50883898571336028
  0.51970624140652655  0.52948687665145744  0.53906068017862263  0.54865550767034188
  0.55825351797116141  0.56812380091623826  0.57789990823400339  0.58861275970295679
  0.59998142190626746  0.61050836257111762  0.62053157706109752  0.63026433416914474
  0.63960746880894703  0.64917088289162805  0.65925126495005415  0.66978291517233079
  0.68018027661092295  0.69104807267519763  0.70206683003541048  0.71274267076070563
  0.72339972796510288  0.73455609584842685  0.74618480812061827  0.75812323413731275
  0.76980644015869937  0.78073940280216836  0.79116498033640492  0.80118422128193878
  0.81106376762187615  0.82119317305661610  0.83141944220304898  0.84325051943370410
  0.85505570621620297  0.86789645589951903  0.88033326318029281  0.89250661662801456
  0.90423746055959642  0.91620930701898584  0.92892920546683988  0.94203648444792010
  0.95542093878517997  0.96875616252931962  0.98342061586102891  1.00000000000000000
 -0.00844509811050882  0.01904853469579490  0.04339159784206596  0.06791901149988878
  0.09153601400173522  0.11418492170559913  0.13417677796616034  0.15338666440508150
  0.17275782717653304  0.19187777429664832  0.21073682799940463  0.23182274306443379
  0.25340989635880651  0.27497506025430041  0.29664070224766476  0.31847913101822484
  0.34054367397968893  0.36272780914473363  0.38507506757135768  0.40741709261366471
  0.42971625685018811  0.45216192460431165  0.47472896595695607  0.49697590066024966
  0.51922448246463870  0.54216494166895712  0.56549686686905620  0.58964418854533218
  0.61460272308558472  0.64027666656895721  0.65660874965598914  0.67159901522039422
  0.68730355527416986  0.69013250743984778  0.69143982650884483  0.69450994691330270
  0.69940854955113396  0.70412859167893416  0.70882241990666772  0.71355004227485397
  0.71829854817405869  0.72309147359501769  0.72784254469548026  0.73261796193203610
  0.73741554070424309  0.74221740000182590  0.74702907328544388  0.75188338378073083
  0.75675471928586280  0.76164868113373352  0.76655552373328606  0.77141537650568393
  0.77622866586447781  0.78108740859655201  0.78603644772742087  0.79098920609532997
  0.79590706453431981  0.80086209567919819  0.80595093748571678  0.81102025895676488
  0.81603142522733851  0.82105287350779754  0.82613626479453883  0.83125089108171868
  0.83634564205596729  0.84144724651886449  0.84660888865487949  0.85175604458818166
  0.85690261787280020  0.86200704371698944  0.86712242200867096  0.87230827799011068
  0.87754524624160424  0.88272999903840943  0.88788462918304456  0.89310886778528575
  0.89839281983231745  0.90368577548121709  0.90895712886358326  0.91427319057207135
  0.91964275485210434  0.92503589098122740  0.93038036968070836  0.93577589178450316
  0.94115565419927283  0.94646076114322542  0.95174218301529401  0.95701358825776883
  0.96228686361636961  0.96759317334903872  0.97295051095273444  0.97833251402753740
  0.98371365767242369  0.98912688317294950  0.99455527831165957  1.00000000000000000
 -0.00300979105015349  0.01037578589739103  0.02224316765095822  0.03450510126043689
  0.04743631653800262  0.06019196912316509  0.07265439609021830  0.08456684931318589
  0.09556470406819671  0.10656914987481131  0.11782351693044719  0.12872436773454973
  0.13908846742831210  0.14961077805635037  0.16039295394122910  0.17093987821041615
  0.18143727969750020  0.19270806040235289  0.20484384921875021  0.21664184580139492
  0.22749222962259655  0.23784587942756860  0.24790529154553761  0.25849402773858637
  0.26926994402416038  0.28010139044831028  0.29097514031684429  0.30254648541040269
  0.31375154139488154  0.32321123917035099  0.33273662489113937  0.34281649815087184
  0.35305938998774361  0.36322308767181971  0.37334654821563040  0.38429073352945392
  0.39580098174009060  0.40647271225201514  0.41639936460850213  0.42528670594043100
  0.43386114034407680  0.44284985951949418  0.45238945582650014  0.46222082114584034
  0.47239512354074076  0.48360553288664337  0.49595728480893020  0.50797675195402070
  0.51913277196110619  0.53030343839430050  0.54149652255722691  0.55279272778538857
  0.56534626594148374  0.57865536815337326  0.59008512815931002  0.59999605570379766
  0.61060237682449636  0.62225024481786606  0.63331721340039626  0.64328057201008859
  0.65342835613777450  0.66414185191372388  0.67359463798437180  0.68272202625496192
  0.69205510483048871  0.70157525015663302  0.71095088362267733  0.72027813142989339
  0.73003074395522294  0.74082805518001726  0.75087915007802652  0.76026847547525334
  0.76958043729663339  0.77938160925847855  0.78928538913870372  0.79833398661315413
  0.80716348012750527  0.81656931934625099  0.82632011628822510  0.83590796734768780
  0.84590568047835479  0.85593339706198013  0.86544452585585563  0.87458697394715246
  0.88403953914357036  0.89401198451463071  0.90411124996617920  0.91437647586232373
  0.92570263211803328  0.93733540490336709  0.94840552275475132  0.95909007409837854
  0.96947778393776929  0.97941726218388769  0.98965241961666794  1.00000000000000000
 -0.00262695200090126  0.00982409197729159  0.02006580083302360  0.03018699422029883
  0.04019040099255530  0.04969836728333882  0.05960791313798688  0.06963870618168277
  0.08005889862831078  0.09024697693073006  0.09988166779480070  0.10961613079005986
  0.12012469959121846  0.13106970005772228  0.14195852984548857  0.15264604493429432
  0.16351121835708043  0.17482389658432052  0.18586698473485627  0.19581531158006826
  0.20534959633023858  0.21582201549714056  0.22713059908740141  0.23831369898513485
  0.24924399643317588  0.26040824570225513  0.27157012791887253  0.28269128409643107
  0.29391710442732089  0.30504391670913228  0.31610325413187401  0.32686486208921911
  0.33721108107988024  0.34715074034115395  0.35788740439516553  0.36950589942100026
  0.38045075175213672  0.39040580187710239  0.40043646764110913  0.41027988555357831
  0.41985008121552619  0.42887787844701847  0.43789781876625283  0.44769187757759243
  0.45816078048731629  0.46865237004019178  0.47921225085345626  0.48892003498519510
  0.49829829757381117  0.50744191964459229  0.51682928679211049  0.52665185123173552
  0.53705041962883904  0.54830142213309963  0.56033724501583415  0.57186697272496834
  0.58302705739086147  0.59422210764212591  0.60548916457270852  0.61684052162419245
  0.62844433522790699  0.63995481832737133  0.65046096878717596  0.66022311456788574
  0.67000479681966363  0.68008092824949173  0.69036788033977747  0.70038203527955412
  0.71020258669484759  0.71997865277927664  0.73011968862969268  0.74117005674257075
  0.75291380251113671  0.76428219785741514  0.77450624430781290  0.78422405858216981
  0.79419488953394479  0.80444217437973786  0.81505989565936621  0.82576820211995394
  0.83656110321140353  0.84810433700352761  0.85901934832225590  0.86943004983643191
  0.87982767708937970  0.88962650229947571  0.89971051863279072  0.90936720385247294
  0.91918080324075402  0.92925724028559520  0.93986934220481144  0.95112734790841891
  0.96300909415034042  0.97549522567697222  0.98795934037614475  1.00000000000000000
 -0.00210466251924010  0.00857305177836260  0.01773552810026928  0.02736707613578621
  0.03725314960616798  0.04729099326783493  0.05725250567028058  0.06791679388918045
  0.07894536011114002  0.09003229728990829  0.10086639542479699  0.11200597383847016
  0.12324107165332072  0.13324862663267936  0.14247437741291050  0.15124126584267911
  0.15982757518237733  0.16872465747147897  0.17779766436550987  0.18693653233048205
  0.19624279107524203  0.20542442275574918  0.21489262742422466  0.22487509558574389
  0.23610475793061858  0.24858051088610619  0.26067714534511693  0.27218230113616959
  0.28380999747810598  0.29493833682889875  0.30518151632659662  0.31604940841683160
  0.32703281556011721  0.33763033039743179  0.34745610572560470  0.35790473396637196
  0.37071569062041854  0.38329534865956066  0.39505348485182035  0.40615093016718340
  0.41723714248913113  0.42801145460923179  0.43900950902574776  0.45075336837073482
  0.46300008206062321  0.47576634996958744  0.48665341535566786  0.49703302561234869
  0.50764999756944529  0.51828916086184462  0.52889792807276059  0.53958806448707985
  0.55158165803222770  0.56406719649421388  0.57643851951936720  0.58769146464320410
  0.59784444616551335  0.60782448648591736  0.61747363064728755  0.62709093476543509
  0.63705499503712271  0.64746293895463147  0.65860186759587913  0.66959758385333268
  0.68104879308132638  0.69290805508557540  0.70461998382814950  0.71641466357448480
  0.72787977150418970  0.73850757097489284  0.74874269983861952  0.75872615240621566
  0.76844509817085160  0.77801397614013368  0.78753722634295420  0.79763958249349309
  0.80821710597134233  0.81893526017534768  0.82941023168313699  0.83981768577707538
  0.84997785904290835  0.86078724633549908  0.87164139621903791  0.88114415617200548
  0.89027196484225957  0.89970225751895994  0.90946886457279219  0.91894112891646396
  0.92802423580754112  0.93721441322812493  0.94749429065332103  0.95812341423667868
  0.96836793464293058  0.97881302819066718  0.98944275119640279  1.00000000000000000
 -0.00287582118103423  0.01051532882319977  0.02250682846579383  0.03383626252792898
  0.04550173630969207  0.05678537445369731  0.06804045737682984  0.07911441456392844
  0.09037223499930032  0.10184405932271126  0.11345715101516061  0.12448488059315291
  0.13469480579521287  0.14466374784170991  0.15418992477325477  0.16352132460281785
  0.17287422607216568  0.18250111749862571  0.19259679098013230  0.20288742081843902
  0.21344631201652922  0.22417933723710814  0.23534365500012300  0.24647136365178468
  0.25741861085392320  0.26808506471564264  0.27829872038138603  0.28855480860420057
  0.29871806144285645  0.30898402521975177  0.31973344600447068  0.33083684254203760
  0.34208921821633131  0.35310662347146576  0.36356725078643332  0.37329881218833966
  0.38271967639959875  0.39215087606082277  0.40213818378559657  0.41210378023666266
  0.42256252811720729  0.43356905319462269  0.44488475766412605  0.45569460646454568
  0.46659512608402592  0.47739765125730460  0.48847655000763274  0.49979747752846815
  0.51169831487512973  0.52371980127652584  0.53457203571430678  0.54500053794460956
  0.55460457306125965  0.56475964769211295  0.57457680489415008  0.58426044278166556
  0.59374275796143250  0.60345264319816461  0.61397882037025342  0.62511773545720561
  0.63652006027475538  0.64821987624615141  0.65957296435031632  0.67034532310768868
  0.67992556848888686  0.68980359179295470  0.70055807302820505  0.71155068939641242
  0.72214198832647636  0.73348749680646208  0.74560722412712543  0.75849065682876593
  0.77134379900959948  0.78325779351794200  0.79408369669888446  0.80399915804484923
  0.81386158066815906  0.82409849479642472  0.83453695391962190  0.84508009793624672
  0.85515406097676905  0.86476229302934471  0.87430801186813512  0.88359756855393001
  0.89297096076274285  0.90204154061753383  0.91061189524516417  0.92052261008159286
  0.93159948035258122  0.94211400298362780  0.95236587789018734  0.96217049628429252
  0.97224081228780801  0.98169931977362068  0.99095536343249724  1.00000000000000000
 -0.00218055748328753  0.00845379122350878  0.01857580181828784  0.02882116207629647
  0.03890157233406803  0.04899227031228916  0.06012665480984395  0.07200592818903689
  0.08443638179640800  0.09580758477324540  0.10686678977361816  0.11816348154499232
  0.12922115852829591  0.13946501536297626  0.14957124298344182  0.16021235780880794
  0.17117661903863191  0.18257402994324801  0.19523412162139184  0.20807207275876777
  0.22013816505955161  0.23205989884484682  0.24383139595299835  0.25486345587298970
  0.26519481273452300  0.27531198364361797  0.28557509967802447  0.29628191880490912
  0.30704340017463289  0.31727953659001795  0.32697573858524814  0.33630906597335708
  0.34558765391875057  0.35555965524725119  0.36557714869389085  0.37555999768472709
  0.38586302006373202  0.39699222983547766  0.40869882128690455  0.41998738539591041
  0.43062674115604710  0.44157039994778297  0.45312644577656547  0.46490085213622989
  0.47641004335819770  0.48778652847334963  0.49870113353792522  0.50922934796528452
  0.51970183621071309  0.53057953807941072  0.54233217096741881  0.55369689332261907
  0.56421619511910970  0.57437445140981980  0.58458086041147095  0.59486840010756725
  0.60492991876221558  0.61564660701579543  0.62662604100285069  0.63772822178968414
  0.64935131939674617  0.66117714027892471  0.67266019004605171  0.68349655663204301
  0.69473822802494090  0.70610969507767951  0.71645930089622645  0.72614769194283546
  0.73583882650577925  0.74566905028544139  0.75513630050585345  0.76379234288684950
  0.77214835054795317  0.78059518720144128  0.78961868461066886  0.79851174663252755
  0.80690357806713231  0.81531098515377587  0.82380846345959047  0.83254995383099317
  0.84192708147198980  0.85099175408268102  0.85996056473503191  0.86896835022893681
  0.87877541907890000  0.88982028634958299  0.90036573408767817  0.91020305077759145
  0.92025063267240137  0.93086408559816602  0.94189208085198328  0.95316727764876552
  0.96502420369970432  0.97717809930346544  0.98883946718443316  1.00000000000000000
   60.747513071282199       -1.0000000000000000     
 F F F F F F F F F F F F F F F F F F F F F F F F F F F F F F F F F F F F F F F F F F F F F F F F F F F F F F F F F F F F F F F F F F F F F F F F F F F F F F F F F F F F F F F F F F F F F F F F F F F F F F F F F F F F F F F F F F F F F F F F F F F F F F F F
  <DiscreteSampler_grid>
  grouped_processes
  1 # 1 for a reference and 2 for a running grid.
  10 # Attribute 'min_bin_probing_points' of the grid.
  1 # Attribute 'grid_mode' of the grid. 1=='default',2=='initialization'
  0.0000000000000000 # Attribute 'small_contrib_threshold' of the grid.
  0.5000000000000000 # Attribute 'damping_power' of the grid.
 # binID   n_entries weight   weight_sqr   abs_weight
    10   10   3.550398140009275E+013   3.970922841272333E+027   3.550398140009275E+013
  </DiscreteSampler_grid>
