 -0.00261128892508686  0.01055520459785388  0.02038320225262285  0.03063239322763388
  0.04090767454852567  0.05284729349780101  0.06500785189308621  0.07714005095934133
  0.08908571967041619  0.10073029647248607  0.11231778569416585  0.12421833597300640
  0.13615963528046759  0.14799812416336952  0.15976099796076146  0.17063725251033687
  0.18131606534878364  0.19176446206227454  0.20227491099961095  0.21266972238624859
  0.22299131517399293  0.23330786042611268  0.24360814663592140  0.25404413363110623
  0.26461235421104967  0.27502833667163301  0.28472569546644105  0.29394864461880810
  0.30351084553694441  0.31305587896678849  0.32382792306902530  0.33453746507489929
  0.34470950335772621  0.35482255461927720  0.36524776830145977  0.37665313226667452
  0.38871390529287547  0.40049644474350082  0.41173312198730538  0.42283605954147752
  0.43382524417664353  0.44398126711436464  0.45374959351497102  0.46409292117672118
  0.47521846265037698  0.48676914263553733  0.49816581981799851  0.50903387014319124
  0.51949289579379931  0.52950845430587901  0.53950872809520989  0.54995933893533688
  0.56095166524337137  0.57222299137588883  0.58338475310770399  0.59417440430433832
  0.60406247947869196  0.61332942255898049  0.62250577957145914  0.63224356818644112
  0.64203439432972986  0.65147823445558783  0.66058300243377577  0.66979833208958395
  0.67938804431964428  0.68926791693800815  0.69915616786440582  0.70882657079215716
  0.71877600900659000  0.72905236965416742  0.73958755053612724  0.74983285997794447
  0.75989077082676704  0.76987278760675981  0.78010201179560545  0.79075767856828605
  0.80214130707687004  0.81317466616250556  0.82272663701407489  0.83223557709495699
  0.84211021047023182  0.85196464726994436  0.86134042740748051  0.87086541435991238
  0.88114783149759279  0.89179638357083979  0.90231368054808514  0.91301090368127924
  0.92369755690784594  0.93448700181174926  0.94559144357393132  0.95691611525745279
  0.96743727432317694  0.97758576431697530  0.98824778191894236  1.00000000000000000
 -0.00115444027527913  0.00738272736505810  0.01595377452831362  0.02493551400251001
  0.03458971894823562  0.04473025153575791  0.05504690270294118  0.06517894161436336
  0.07448618344252447  0.08431102957612124  0.09498500049094798  0.10632438712870604
  0.11733015698735091  0.12772841294305159  0.13737597855230008  0.14683728795359416
  0.15632974428445323  0.16617535152450655  0.17697035467776703  0.18783477197462617
  0.19951782048347066  0.21024946646770973  0.22163462573633047  0.23277225319462203
  0.24460891661415743  0.25619677166776600  0.26813991933437492  0.28021084404809676
  0.29210851354360706  0.30374370489812463  0.31504165684652563  0.32639956996054137
  0.33714147427512031  0.34703309822702766  0.35722850277187035  0.36765418400361727
  0.37768462875084874  0.38688381555301909  0.39553818477962865  0.40428210227668421
  0.41337386022169859  0.42272372772374145  0.43244243142750843  0.44171737182552856
  0.45058820463005117  0.45975075617577515  0.46974296890837414  0.47981309432500396
  0.48955566783189436  0.49917786955237092  0.51063714078969247  0.52226392131686827
  0.53382288432319602  0.54480429863129487  0.55708992055575912  0.56825879740158391
  0.57936201326959180  0.59031905122004935  0.60095214295846322  0.61160752473178093
  0.62208014681111112  0.63251624098225934  0.64276616370751927  0.65268156094079977
  0.66276040970169081  0.67273461272703516  0.68304407335216266  0.69340539106488552
  0.70345271242856600  0.71405234150628216  0.72523238447349792  0.73588574125055140
  0.74617865730982147  0.75670410828636303  0.76767399998511343  0.77773376717379206
  0.78719592474373545  0.79716484426528111  0.80755733993193601  0.81777659123994317
  0.82839199528585661  0.83963312600246809  0.85105833207971893  0.86195546966502812
  0.87239442230201636  0.88285933489037549  0.89365897827227014  0.90475466783164471
  0.91560758020810895  0.92595784647487889  0.93638437549430487  0.94682507178713482
  0.95743682754795845  0.96947099890064226  0.98381440080721994  1.00000000000000000
 -0.00871146426854080  0.01839256650713257  0.04239979426969852  0.06643821355510149
  0.09017919848868575  0.11329085064321545  0.13441597355393600  0.15379501079536206
  0.17379987891532922  0.19389386450237667  0.21373523351744567  0.23451116545876607
  0.25625012793895924  0.27806220185966363  0.29988952286520815  0.32150463201450741
  0.34324565294687770  0.36536071311142271  0.38756850172393609  0.40987445685117202
  0.43228337073008832  0.45473133001508864  0.47732558331029906  0.49997229788229081
  0.52278450331686932  0.54537552789350163  0.56774027907134861  0.59232521342783995
  0.61774689327985299  0.64470936478411034  0.66968729294125462  0.68606697002431161
  0.68987270009326906  0.69117495168027543  0.69379136059576729  0.69854718460557652
  0.70323259554148743  0.70791164774436588  0.71261794690921010  0.71734715964749107
  0.72209902850773833  0.72686984380084563  0.73165106067642671  0.73644059983721166
  0.74122617657358614  0.74608731765089109  0.75095815623658302  0.75582578333072992
  0.76068704409475241  0.76548478434743406  0.77021509490344464  0.77501117361148797
  0.77979323597287398  0.78459170051414862  0.78943775975382668  0.79432043887728743
  0.79925021073604963  0.80415806960288294  0.80904342318697364  0.81394878572289175
  0.81885469628015861  0.82381009707364183  0.82874906520014568  0.83371383654047770
  0.83870815529031051  0.84370601990219418  0.84868597289882153  0.85363378688808089
  0.85859636393142846  0.86361856974833884  0.86871552326399226  0.87378832729574474
  0.87890034547571627  0.88404921579550921  0.88917915023835736  0.89428390922302625
  0.89945543354272595  0.90464033023039192  0.90984441735264854  0.91512119320506602
  0.92043042822955323  0.92575183766315705  0.93112163917116375  0.93646593664448907
  0.94173180106282772  0.94696460220466017  0.95218891237832037  0.95741223367750838
  0.96265724795683361  0.96799452524203466  0.97339984184345751  0.97873405966726168
  0.98398046128751426  0.98924989373246786  0.99463580382658834  1.00000000000000000
 -0.00259595787496631  0.00949366437104476  0.02009802359868893  0.03026327342724436
  0.04020012290216636  0.05055432805953303  0.06063151691404820  0.07114332217768590
  0.08124314493715931  0.09207217692857046  0.10310360682595730  0.11447260572444219
  0.12612844755862390  0.13729764392003266  0.14795018993038850  0.15797760096195584
  0.16799024289196035  0.17805023166767781  0.18856788596584939  0.19935620151010511
  0.21089604749827434  0.22333794803444512  0.23509470502040186  0.24611828495055663
  0.25691494401444065  0.26735190420474547  0.27774071714027387  0.28837497717585353
  0.29937229669709514  0.31055364977641836  0.32127964811092102  0.33133687016464763
  0.34055663316923618  0.34930918097892377  0.35818681133705821  0.36813471662482006
  0.37816587079795178  0.38863464014815713  0.39845461386278619  0.40878323837615205
  0.41880840347899845  0.42854612898858885  0.43868837214301376  0.44977211590380994
  0.46023493610245148  0.46957510870914465  0.47911350870741742  0.49029943294940381
  0.50106667744334998  0.51095770124314610  0.52069801734950893  0.53098954709455448
  0.54128406321420242  0.55112130680262572  0.56117576971352323  0.57191397242929731
  0.58237963898499301  0.59320859655768376  0.60404589885811188  0.61497822358828713
  0.62564509116258016  0.63455593001138100  0.64424148812858939  0.65406105972520767
  0.66406290835779802  0.67414900011378653  0.68406441555910813  0.69407812636427713
  0.70438910413391431  0.71498287956348716  0.72570813989334781  0.73627707280004928
  0.74641478301274355  0.75605083891340896  0.76541681369829717  0.77531636111486191
  0.78598947949380604  0.79678692523286976  0.80708363515270587  0.81684398023426241
  0.82659669560710236  0.83695612269625175  0.84795553880848151  0.85882518525674623
  0.86951119634757867  0.88058493357029133  0.89208700806755981  0.90347851035985771
  0.91502083439687820  0.92758777090543043  0.94064844910713519  0.95317718913433747
  0.96474652976595154  0.97625449037097278  0.98764453930211615  1.00000000000000000
 -0.00255523459123207  0.00896867195475459  0.01938987150857131  0.03077972166600906
  0.04277242103105398  0.05484223071938860  0.06598248625300694  0.07669435169501727
  0.08720017929525119  0.09725620273385802  0.10798033187680270  0.11932153777313337
  0.12997795100248383  0.13995144532525827  0.15009174414994322  0.16067631808254035
  0.17099812709628009  0.18071856317305968  0.19013085336665239  0.20037689747479873
  0.21060064047860719  0.22016728551557757  0.22962355530380216  0.23998037414343337
  0.25129270817620208  0.26249318078881451  0.27338259489061484  0.28503250468440555
  0.29655512323529665  0.30789877286699230  0.31973410082905129  0.33218377906078872
  0.34393391532041945  0.35519109068462679  0.36708752149752033  0.37841347274924786
  0.38914874996613219  0.39928400215582088  0.40926546875784470  0.41962386569512100
  0.42963436822305628  0.44019212462278889  0.45197857862582380  0.46373774154790853
  0.47532144236779644  0.48697584915537506  0.49840578361378435  0.50883909570491381
  0.51852950590857716  0.52795678336900054  0.53730161837789026  0.54729327590157018
  0.55774832414808018  0.56859905980728032  0.57961495552430609  0.59114397065521973
  0.60286791715061028  0.61455204535297447  0.62648009790698667  0.63850419704677119
  0.64994409635289896  0.66093172554236834  0.67101565399892560  0.68057471711914919
  0.69030811246649348  0.70004975351048460  0.70972484330486774  0.71953017967994437
  0.72906754060791068  0.74127104187688930  0.75288116277536943  0.76482008842516602
  0.77504452796250556  0.78431276994144328  0.79364594052204362  0.80294416959864978
  0.81240019250548479  0.82174782190795559  0.83098049909021698  0.84161135124658148
  0.85258064634870889  0.86289389875726963  0.87306916415432301  0.88358800168831664
  0.89429353851542559  0.90481218068142777  0.91547706955539010  0.92490697556948465
  0.93396010252460848  0.94272820198262586  0.95190314466698678  0.96096532373247201
  0.97053009273138524  0.97992005854525366  0.99006059415256764  1.00000000000000000
 -0.00244276632672750  0.01051835064271133  0.02098611045803719  0.03165890741599317
  0.04199868118419624  0.05401999370217137  0.06483733148762523  0.07537576348271258
  0.08536783245084523  0.09508776163301275  0.10396810370254451  0.11268062609243197
  0.12142631864738519  0.13087149224847036  0.14087705755667665  0.15200053763833316
  0.16469635975538938  0.17799165953996576  0.19011326958775704  0.20066957512177019
  0.21049606387170464  0.21991972938133741  0.22907017307433797  0.23847602803826010
  0.24829946597754185  0.25860214218230287  0.26888575454340907  0.27958626080524351
  0.29074484782238991  0.30254717854869317  0.31419154222585594  0.32681738657286363
  0.33861462227296435  0.34998777115161644  0.36006689338688214  0.36970222266637209
  0.37919905720604091  0.38889426857974113  0.39889129381377858  0.40872024316733307
  0.41854271724064640  0.42802330296981628  0.43750166516294559  0.44663115331244596
  0.45608214159330607  0.46606796586771587  0.47619341468394077  0.48554523793898413
  0.49446453069513341  0.50382765827837006  0.51443285598140864  0.52524712807811980
  0.53604970736222513  0.54710153828189012  0.55840544421834770  0.56956844141525020
  0.58069554898686160  0.59232101453584651  0.60434325705429714  0.61625682009031213
  0.62777460124759665  0.63864245095477956  0.64945144010964584  0.66042291772792527
  0.67175938134640589  0.68293133488631930  0.69428505301580412  0.70493225500408885
  0.71577030489645121  0.72620019343086328  0.73621206173928355  0.74665733223130704
  0.75743497104980873  0.76951242469377945  0.78064828372093442  0.79142220132593077
  0.80131472916419455  0.81130973487918245  0.82107585495536750  0.83028599043112383
  0.83909236541201404  0.84780927158791353  0.85730999834099131  0.86670542764544400
  0.87593168146948563  0.88580946651945092  0.89619269948880942  0.90728598932055704
  0.91823425078407328  0.92896374995075970  0.93976926643112624  0.95108725460719745
  0.96255488477730333  0.97408034577155367  0.98675168245198075  1.00000000000000000
 -0.00232266654314484  0.00937208977993041  0.01964344924228257  0.02998290334130090
  0.04069033655899318  0.05082285997015540  0.06084860753025904  0.07110538273711677
  0.08140458119263798  0.09168977323686410  0.10188273245987507  0.11215788465823727
  0.12260770899404513  0.13264642699436879  0.14240840760434526  0.15211427110821649
  0.16211345982139208  0.17236516093649110  0.18248959987976407  0.19248871362982206
  0.20218750958155415  0.21174763176381700  0.22109388296052937  0.23058072206563934
  0.24081580276424666  0.25182210228410296  0.26308506754046473  0.27424024659340041
  0.28589246974697968  0.29816222941292825  0.31079486829261493  0.32329664946925712
  0.33482372639789482  0.34519240742327639  0.35529002200993659  0.36526765689217672
  0.37554247739363389  0.38550089557762945  0.39544032966978110  0.40566335155922417
  0.41641599513925692  0.42582134293981228  0.43484835990203130  0.44415876784194935
  0.45410738654639848  0.46440060311116699  0.47412425848831136  0.48371901756702307
  0.49354692598350258  0.50341936361866069  0.51312458201515332  0.52280391474377963
  0.53287812749208330  0.54386346836729993  0.55623949182123700  0.56817441692978043
  0.57931779654079063  0.59025390129938571  0.60057199899149938  0.61041099974341972
  0.61965847406819852  0.62879973514118281  0.63829196767272900  0.64830620029021135
  0.65826063217112751  0.66854751281031954  0.67864923006735978  0.68861247750244514
  0.69760666669121674  0.70709531502948753  0.71692959082804386  0.72735049614919500
  0.73679292702042354  0.74693598307441378  0.75805228316170581  0.76918073373494278
  0.78042023226385160  0.79149863388791497  0.80414697341379826  0.81679345693199479
  0.82995411316361634  0.84307573582473050  0.85554368806651315  0.86752645974730158
  0.87938727628018909  0.89173353716573167  0.90309835353830958  0.91392773044563935
  0.92433213550344306  0.93465074226511480  0.94502513983308278  0.95525969082700579
  0.96566875021916632  0.97653481191249747  0.98807873964658299  1.00000000000000000
 -0.00242965910969963  0.00945584126172566  0.02005044370927007  0.03069954007173368
  0.04147756706098137  0.05148166374349124  0.06154970012405596  0.07340532664254389
  0.08540539256969557  0.09777228152006086  0.10982375323614695  0.12116332248958332
  0.13162236827856921  0.14163939697974823  0.15216826475975756  0.16287563820913845
  0.17335479313120619  0.18371376454358798  0.19457158150059017  0.20638997311598195
  0.21658743027675795  0.22670287977888590  0.23619549090188052  0.24626008266975377
  0.25768806687366180  0.26838005915604390  0.27945114655425046  0.28991528900431685
  0.30138090000675538  0.31300453824587998  0.32414789304533348  0.33548936970126098
  0.34575956215319070  0.35718663473408147  0.36843523151924573  0.37803898938877029
  0.38672204990116271  0.39587235654166503  0.40571248717189612  0.41475253108095966
  0.42328144932430445  0.43216242515648007  0.44232793793375069  0.45362790628370070
  0.46429331693067183  0.47593467977888076  0.48783146826596457  0.50097576311219782
  0.51298136059370325  0.52425600411849527  0.53536000933173267  0.54668243801235883
  0.55850278428418565  0.56960855329691151  0.57970995140986259  0.58971248608491189
  0.59983180568600902  0.60939439467980239  0.61904448085819774  0.62827375160891563
  0.63749704009467800  0.64682897354023139  0.65651383544697217  0.66646646327633641
  0.67644227920274269  0.68621087508848300  0.69634695208511244  0.70689885701952515
  0.71706502462789568  0.72703139542098960  0.73757643743582646  0.74819730320106104
  0.75918760085452697  0.77004962316738867  0.78155413843458332  0.79292209042324113
  0.80345436797769565  0.81426324858093835  0.82496214353729358  0.83600220729972918
  0.84744102760629336  0.85855119257539469  0.86892505588628099  0.87948354870698531
  0.89025258527172968  0.90165627779795010  0.91335251597898737  0.92430751593939464
  0.93494836681936500  0.94547486059427355  0.95560320343863425  0.96453219325030681
  0.97287492461936798  0.98147968895190141  0.99054899738795499  1.00000000000000000
   62.218303300236101       -1.0000000000000000     
 F F F F F F F F F F F F F F F F F F F F F F F F F F F F F F F F F F F F F F F F F F F F F F F F F F F F F F F F F F F F F F F F F F F F F F F F F F F F F F F F F F F F F F F F F F F F F F F F F F F F F F F F F F F F F F F F F F F F F F F F F F F F F F F F
  <DiscreteSampler_grid>
  grouped_processes
  1 # 1 for a reference and 2 for a running grid.
  10 # Attribute 'min_bin_probing_points' of the grid.
  1 # Attribute 'grid_mode' of the grid. 1=='default',2=='initialization'
  0.0000000000000000 # Attribute 'small_contrib_threshold' of the grid.
  0.5000000000000000 # Attribute 'damping_power' of the grid.
 # binID   n_entries weight   weight_sqr   abs_weight
    10   10   4.260483669398641E+013   5.137405536856633E+027   4.260483669398641E+013
  </DiscreteSampler_grid>
