 -0.00224400908736802  0.00937730080306967  0.01908617751438357  0.02983770570511195
  0.04052908216339624  0.05170596604491894  0.06275378256737547  0.07311317768311658
  0.08347245316465317  0.09377495636327410  0.10276863482812787  0.11163570535051255
  0.12060742711431408  0.13011536919987382  0.14038948531559450  0.15012638657445077
  0.16008249938362770  0.16979983825221201  0.17938707911953380  0.18980207693656548
  0.20136796533025864  0.21275734909473326  0.22372902838783817  0.23645012336231505
  0.24983720621630073  0.26365371645629165  0.27574207599450501  0.28715568294771582
  0.29783658959044801  0.30836529023927978  0.31838693658930772  0.32800451121199287
  0.33819870261558033  0.34880150772868823  0.35916358388831277  0.36930641717410473
  0.37919952662568901  0.38899018420068454  0.39918088004718721  0.40952491509036437
  0.42026769603746084  0.43092129538952967  0.44153147370968726  0.45274516656713892
  0.46359206956664711  0.47447148258310945  0.48644730600535080  0.49844102943824586
  0.51056853692775916  0.52169564967333359  0.53159291176705414  0.54095317113183039
  0.55005225528719504  0.55891310254359516  0.56784769545215286  0.57698564722604950
  0.58710368794719370  0.59799789360870304  0.60901031384301862  0.62038874088928175
  0.63118988517400454  0.64150769079198755  0.65124409900375324  0.66103933536901971
  0.67073458481623238  0.68035065501404501  0.69035827845217834  0.70067783015211305
  0.71120275777234465  0.72188868876883572  0.73230442072202107  0.74260981724249975
  0.75288602644141822  0.76309996615138720  0.77306689122540551  0.78321942963726388
  0.79428711424707144  0.80656671808520697  0.81876431205474753  0.83011744406639587
  0.84055304927071395  0.85031240986614198  0.85984916194990157  0.86931456201981272
  0.87930585909777981  0.88961958686283216  0.90036620842904147  0.91116166791332431
  0.92197566582236445  0.93239230104229720  0.94344044309610386  0.95504073985540228
  0.96716446465579065  0.97847799307761019  0.98906888930501957  1.00000000000000000
  0.00017791879738134  0.00393477305305165  0.00818268084603046  0.01293623093412289
  0.01827645634486763  0.02432907549392260  0.03106653276015519  0.03800229031666149
  0.04544875869467118  0.05378547117700385  0.06196561530081273  0.07015755183465393
  0.07895148867494098  0.08856807890954639  0.09804852769529185  0.10745269837681416
  0.11700514772779869  0.12664826970044624  0.13641927732700362  0.14653078683538184
  0.15703942532795548  0.16746921493367375  0.17707719122628626  0.18653444600309083
  0.19604174079812797  0.20595780309978637  0.21640010082727718  0.22673601530681828
  0.23715503101179314  0.24686133876558816  0.25661341212389516  0.26642033702230900
  0.27610365373187673  0.28597216624392580  0.29664584216358053  0.30772436156702015
  0.31841924521305787  0.32919622900697615  0.34199603228064279  0.35645799479821971
  0.36890516618327440  0.38020936877440936  0.39072005124402776  0.40013429290355862
  0.40874160975659685  0.41802631668609114  0.42786335118482988  0.43749867508717688
  0.44694839211600101  0.45647336038091668  0.46667971689031756  0.47721288271104051
  0.48868105659520494  0.50051739462678724  0.51209627662196089  0.52331009686564467
  0.53419856449843972  0.54481187331819680  0.55525100856303000  0.56577382626367034
  0.57634673236919820  0.58678565320480924  0.59711395944623002  0.60739977256258626
  0.61801422974145825  0.62799637653180740  0.63741318668278590  0.64699389009793618
  0.65723175071212392  0.66688636451457972  0.67618189279202268  0.68617407815146747
  0.69832904430876996  0.71276734375119477  0.72675613565954245  0.73994929429109291
  0.75321721631838900  0.76604496964179669  0.77905058505024583  0.79168529719423120
  0.80421392069920938  0.81688168436439812  0.82964392386129149  0.84249337269389402
  0.85493779318995122  0.86645568046320498  0.87736967072902527  0.88798811347228335
  0.89912023472031610  0.91085858490865401  0.92268222663507704  0.93414923908404091
  0.94646483812092697  0.96007643458780245  0.97691543073205533  1.00000000000000000
 -0.00860066751375766  0.02255914416723122  0.04621331595811193  0.07017244553106730
  0.09366211825404698  0.11624521363228554  0.13702049838420780  0.15653671837050417
  0.17657385422955560  0.19655535609620117  0.21617573746410523  0.23758810593310239
  0.26041475974832290  0.28253967815609393  0.30456973876386123  0.32696871401566890
  0.34922159807017844  0.37116819985515159  0.39326432679115519  0.41547590751059743
  0.43752370053132100  0.45955603627848046  0.48185390380756077  0.50422409367228038
  0.52676946595067620  0.54951864460687405  0.57244322612207166  0.59696672765280934
  0.62208985363743508  0.64927758891858578  0.67270962089762909  0.68194733074311609
  0.68923067882418487  0.69090253063207641  0.69311380269715994  0.69773939596152423
  0.70251354348552697  0.70721898586372567  0.71191980906166763  0.71669087943994458
  0.72148319268073591  0.72623362380300926  0.73100311478670421  0.73574769931410877
  0.74057955715517410  0.74542153172339709  0.75028916997405437  0.75517128065899974
  0.76000144727135777  0.76480397256178656  0.76960096687063506  0.77446233400406128
  0.77942973788119296  0.78439511574320964  0.78929653716467230  0.79430401008800622
  0.79926537872583681  0.80413318342606410  0.80898964407118323  0.81388438298950982
  0.81883203318130138  0.82379214282073232  0.82877266259589533  0.83377932024666035
  0.83877473721144957  0.84381961324863486  0.84894351813407454  0.85403292162953104
  0.85912198170548448  0.86425655026058257  0.86940790074989538  0.87445227342658938
  0.87931693536431066  0.88427332945538772  0.88938695059609441  0.89455192091137448
  0.89975500114333162  0.90503572596004767  0.91029892279169144  0.91548125388886947
  0.92065867312673044  0.92582219685456146  0.93100376585413158  0.93630870351077311
  0.94170369732242210  0.94703346935661037  0.95230521115358513  0.95753691643663630
  0.96285192012899778  0.96820628485696669  0.97341886984677750  0.97866717723431185
  0.98400064810078014  0.98930437873225474  0.99458451348310639  1.00000000000000000
 -0.00243597866759317  0.00912674250274434  0.01886483362920180  0.02957469929421112
  0.04003168034098029  0.05056199070532125  0.06102920944937902  0.07076072531872947
  0.08047105799385573  0.09034660316086363  0.10019751868419993  0.11046503703044253
  0.12034752547434552  0.13142170149174964  0.14319674728182225  0.15253610060044520
  0.16067439166520098  0.16931608019315919  0.17775710364324721  0.18648489602024806
  0.19537708380287597  0.20445474921451101  0.21402849314793684  0.22370446628167215
  0.23388686221358743  0.24494068328609972  0.25478441237731564  0.26465161114609881
  0.27386332882745418  0.28284015877944152  0.29163281576093730  0.30057716239044313
  0.30990452263741775  0.31959039270123596  0.32987603052926523  0.34014323926084988
  0.35024075149590128  0.36047545226194777  0.37160031817301675  0.38303309169079025
  0.39468063839119805  0.40668370674184451  0.41828754918651562  0.42821169738577852
  0.43800026958356125  0.44822026387224317  0.45870162084785332  0.46871497734075335
  0.47883017417853019  0.49057164338512876  0.50379123620445443  0.51716874008560998
  0.52952205495448301  0.54136377166767691  0.55328751723215008  0.56519858507479348
  0.57618459134814215  0.58701064528948932  0.59757053126916371  0.60812325515774868
  0.61734662140437480  0.62663342936809241  0.63658149501548189  0.64752284295722617
  0.65908390048162346  0.67080379156775694  0.68305368799847377  0.69509757685830864
  0.70681429109862681  0.71826273464824397  0.72962458633749594  0.74143293054023085
  0.75343695705894309  0.76441681911910841  0.77506817748385770  0.78544392974316535
  0.79543280753721723  0.80565434476357467  0.81652211905387873  0.82888614903922531
  0.83938097296851688  0.84971528937427854  0.85969399056035911  0.86977153786658001
  0.88003495076225002  0.89048546330762168  0.90091468060252167  0.91114833620136670
  0.92153574693625495  0.93236972657316253  0.94317841816013992  0.95344042860415479
  0.96370047590898833  0.97608096161014712  0.98767816107804007  1.00000000000000000
 -0.00262351620238998  0.00961426202392334  0.02109586260905872  0.03286897339052933
  0.04572291293776527  0.05929012795667797  0.07275232199541370  0.08492950436661822
  0.09558984644941149  0.10541097468816600  0.11480884449284828  0.12409295959082949
  0.13351143488622250  0.14313187565463117  0.15320578661916223  0.16348260475695184
  0.17384463283901858  0.18389170029737806  0.19363011706299163  0.20390792270106498
  0.21425816558722441  0.22485781554139148  0.23539088975287273  0.24637325661242548
  0.25746816051732158  0.26849367038621857  0.27984350873761193  0.29095500816230407
  0.30146583296638030  0.31193251579824038  0.32224307660003704  0.33193494149040226
  0.34158943581716861  0.35102688588159914  0.35968260139127217  0.36772670284945169
  0.37630875052776919  0.38613632660343988  0.39565388522898248  0.40496029025010338
  0.41421445363127546  0.42478532419013149  0.43636138505132327  0.44770301452782418
  0.46003223686077516  0.47182106429550397  0.48312784756223365  0.49372855651352726
  0.50424818555660933  0.51433489510356112  0.52337819023114163  0.53243612754680891
  0.54172589526836801  0.55173785494461258  0.56198547107557029  0.57297998893175328
  0.58481410518867327  0.59693036320341109  0.60932951182357054  0.62262302399357772
  0.63398803262611503  0.64433396436163926  0.65420805748297461  0.66439751015764514
  0.67380217059522374  0.68359145309529745  0.69330372957907571  0.70453723845488159
  0.71482262454491086  0.72511278285464897  0.73616234525089863  0.74746191449770738
  0.75884958975930306  0.77029962571694532  0.78237099316248371  0.79457845744591515
  0.80660304034816199  0.81755077441675628  0.82736004925595097  0.83721842327079499
  0.84649829940777022  0.85584774735412983  0.86521108939919833  0.87519596132808841
  0.88572326926291767  0.89634349804502955  0.90685712734154833  0.91712571050945635
  0.92946769128539997  0.94129043973677273  0.95218697875006808  0.96232509379032238
  0.97189566425280072  0.98125183760317514  0.99070486418107739  1.00000000000000000
 -0.00138775655977786  0.00579253339961541  0.01271193930670954  0.02073263343021942
  0.02884378583283580  0.03706701714909718  0.04522616464888845  0.05341860870167087
  0.06135168141915272  0.07017012397378691  0.07964032780172974  0.08974862444882796
  0.09996943974638717  0.11040087668355437  0.12145633225221204  0.13237684999113875
  0.14296451744152688  0.15307309176802461  0.16286014644061855  0.17210183572765553
  0.18083392616370669  0.18985464656458884  0.19977926341436220  0.21094216953627656
  0.22281318179574139  0.23409710533288178  0.24463009340516695  0.25477787027059551
  0.26494260491469374  0.27547644372976465  0.28629279477726105  0.29723531021107358
  0.30789281489765036  0.31905077340874577  0.33064151247917689  0.34211211135237141
  0.35364745786769525  0.36501638452965468  0.37628163641293422  0.38784485945681701
  0.39981432534555711  0.41206540702954264  0.42374369679272650  0.43583810534001333
  0.44588171409116439  0.45548796934499336  0.46498934470534387  0.47469752877740434
  0.48426924265789739  0.49304008135677890  0.50179542840608282  0.51148391000538784
  0.52162737669644132  0.53147240995621758  0.54116553036678872  0.55315322974926628
  0.56535609640410422  0.57675149524982694  0.58860995455887943  0.60122718794978514
  0.61436644254084249  0.62634049679700565  0.63652966831665625  0.64628886007097774
  0.65574333276817565  0.66591517234466313  0.67570744199856891  0.68488610545071771
  0.69471125723808003  0.70472170973616510  0.71621720998645821  0.72862962567188905
  0.74028070624492170  0.75160024541077297  0.76269695090664258  0.77395373596969874
  0.78522998875677774  0.79663385557838018  0.80753755963203300  0.81811209142878427
  0.82878869931979138  0.83962909465872948  0.85016464775267131  0.86008840419059840
  0.86973006179143697  0.88008401961516802  0.89156483978290701  0.90357719754868349
  0.91569415476324556  0.92796799862256496  0.94006510578046121  0.95149128611810230
  0.96277226001939875  0.97513818354505055  0.98707389492341635  1.00000000000000000
 -0.00329780827389145  0.01224827803001991  0.02380899356814221  0.03503077370913719
  0.04519070040648258  0.05544691604067669  0.06518941680340791  0.07409729753322100
  0.08238749476131402  0.09233204990086832  0.10275420052239224  0.11314101202876892
  0.12238743352855889  0.13249425750933452  0.14343027855129320  0.15365934900078479
  0.16362047548179540  0.17372760787925684  0.18425190313086939  0.19493910131894518
  0.20563866931437930  0.21615946271022202  0.22757738459843807  0.24030416403927332
  0.25355109447033047  0.26558944400396695  0.27586271281488828  0.28540791132266685
  0.29508187827803622  0.30521322486613411  0.31558340785141420  0.32521376837001004
  0.33514427968940830  0.34636879551694666  0.35867275382111868  0.37170162423054026
  0.38455351947883903  0.39648943144435622  0.40780128433105040  0.41838400249939844
  0.42831610952158228  0.43834730455255411  0.44864390734606424  0.45855596405118615
  0.46787213050343029  0.47693716670492559  0.48585111723901159  0.49473317428616759
  0.50425534224243662  0.51479238622891266  0.52563402975647966  0.53647848009837618
  0.54696097502102570  0.55736830237673318  0.56732488640200129  0.57699564939913350
  0.58665834043093879  0.59676033214117619  0.60742437272680805  0.61835239840497158
  0.62954774804092983  0.64085444927354396  0.65235087258605107  0.66397989708890459
  0.67579800023234171  0.68766269991565199  0.69822338638796799  0.70812936126272197
  0.71820931633913188  0.72838160084902948  0.73876248578994863  0.74850876804036026
  0.75826029723550525  0.76826747261043016  0.77844534305786539  0.78884058956856318
  0.79910430470715732  0.80924313710213314  0.81973952324863120  0.83080922314127970
  0.84225794719321445  0.85376773807582973  0.86512214079573246  0.87596301028058943
  0.88578893276661319  0.89533041386244983  0.90422890686145307  0.91302254306065533
  0.92216747706665736  0.93140721971588880  0.94118218448325186  0.95211619122524926
  0.96386748795305122  0.97662437861790663  0.98834771462684567  1.00000000000000000
 -0.00257355483622945  0.01046218512940424  0.02039606307279895  0.02994982217607570
  0.03915156536520671  0.04994696585304011  0.06118423169505457  0.07311566594928175
  0.08476881326298437  0.09515051435656204  0.10460265962209754  0.11313358586724301
  0.12173054531626885  0.13072539907668723  0.14000290490383469  0.14937951206562738
  0.15879315882849113  0.16831380680727565  0.17851087165613802  0.18897610106823684
  0.19938450704786589  0.20989585040046010  0.22064957816531292  0.23179357221492566
  0.24317418811249283  0.25402376878054428  0.26434377215446087  0.27389921143330936
  0.28314807024162447  0.29216093836200591  0.30160203225048687  0.31162552086388740
  0.32176657827499067  0.33152065457282376  0.34155156812302695  0.35141185716097872
  0.36359505301101408  0.37599129330957565  0.38847728840153323  0.40041332085829023
  0.41190458030062882  0.42324639070176939  0.43443367177709674  0.44429734554881994
  0.45374803890140597  0.46295819937442251  0.47207356228766151  0.48099516751073818
  0.48959120237368031  0.49806260225076959  0.50873801605172264  0.51948049114529737
  0.52932204732036803  0.53843923028725171  0.54886575184653807  0.56016740165081869
  0.57040129390689964  0.58048725015926073  0.59111018321941367  0.60146435635388096
  0.61189222292322487  0.62188140770765477  0.63293128268718801  0.64458924060417266
  0.65575444422217766  0.66719012580206694  0.67862405271085946  0.69074679808295003
  0.70314193161805605  0.71513581979221963  0.72663149831541773  0.73764751567081022
  0.74812033119681454  0.75800815421796253  0.76773709518635203  0.77792553912834173
  0.78843754479026895  0.79919090267199255  0.81002885761695675  0.82110129664942766
  0.83239940067369467  0.84393964368547836  0.85556665402218590  0.86723743614659221
  0.87911309400273396  0.89108496280974681  0.90290610353036505  0.91386862485067311
  0.92408504156795646  0.93414371993137246  0.94431761374691325  0.95527075426520802
  0.96701478849059075  0.97883825873862995  0.98940154389648038  1.00000000000000000
   11.268607528080510       -1.0000000000000000     
 F F F F F F F F F F F F F F F F F F F F F F F F F F F F F F F F F F F F F F F F F F F F F F F F F F F F F F F F F F F F F F F F F F F F F F F F F F F F F F F F F F F F F F F F F F F F F F F F F F F F F F F F F F F F F F F F F F F F F F F F F F F F F F F F
  <DiscreteSampler_grid>
  grouped_processes
  1 # 1 for a reference and 2 for a running grid.
  10 # Attribute 'min_bin_probing_points' of the grid.
  1 # Attribute 'grid_mode' of the grid. 1=='default',2=='initialization'
  0.0000000000000000 # Attribute 'small_contrib_threshold' of the grid.
  0.5000000000000000 # Attribute 'damping_power' of the grid.
 # binID   n_entries weight   weight_sqr   abs_weight
    10   10   2.211306094390260E+012   8.988222910341568E+024   2.211306094390260E+012
  </DiscreteSampler_grid>
