 -0.00191333887793564  0.00828693544294267  0.01728990414817486  0.02662163798935582
  0.03634398985710529  0.04645631965699303  0.05622583155004256  0.06599321368146077
  0.07592307503313747  0.08652217984041176  0.09805917254300225  0.10893089894996134
  0.11938081402358355  0.12970396351081226  0.14095204484061261  0.15197381948109931
  0.16358637236099352  0.17411495747153463  0.18388556201568293  0.19378332677223770
  0.20301233336435515  0.21240524458718019  0.22166899750921859  0.23122741090148027
  0.24101110608657594  0.25133427297787336  0.26248704319285077  0.27346895823866407
  0.28390571832844957  0.29473221492676266  0.30653531670076234  0.31772974476079618
  0.32758618141869128  0.33760835189908261  0.34735287442400015  0.35686215034971497
  0.36640222997309307  0.37680750031629406  0.38848418617052594  0.40057747677617717
  0.41224343721299200  0.42353482628795780  0.43455829654019762  0.44477130151329647
  0.45486840723264399  0.46512000025455785  0.47588250853511349  0.48682731672797042
  0.49733140026393297  0.50718147200323871  0.51732976682040133  0.52780091626665160
  0.53811984314101591  0.54820592667130641  0.55842835149897541  0.56887414139503201
  0.57907876195594821  0.58909125964900744  0.59916731888735431  0.60916304290082601
  0.61933602587729109  0.62990394837318786  0.64063822825349670  0.65091464056421100
  0.66062499780185124  0.67014717969925042  0.67982063352120525  0.69045042865246609
  0.70158921853659595  0.71293415734016363  0.72441140123324377  0.73594141638714439
  0.74751975645238533  0.75853184168275678  0.76874432765083967  0.77891752303342932
  0.78856805900990845  0.79835753486861549  0.80796679536275584  0.81768266643421550
  0.82766277636327745  0.83778085962148396  0.84774573197546987  0.85761402431151124
  0.86741689666703148  0.87764232641640771  0.88814398480633971  0.89912457608604446
  0.91089185458969701  0.92314920993454774  0.93545794619457434  0.94783901021614247
  0.96030718291983208  0.97285613578792052  0.98594733740954166  1.00000000000000000
 -0.00101851726550195  0.00727634961668557  0.01538601687740730  0.02397987496358879
  0.03307456433053438  0.04217482873333330  0.05124238326536149  0.06099891300003926
  0.07110417564249515  0.08106675537432648  0.09105392436941653  0.10139963727594366
  0.11274321779518794  0.12410153556070067  0.13330640083519824  0.14225837842623995
  0.15143176960351926  0.15997663638385762  0.16825772254676127  0.17623336879877999
  0.18425382488431832  0.19323075157608305  0.20300291022142122  0.21307238032227654
  0.22348007086266075  0.23466780590968933  0.24603310722396454  0.25762947000218633
  0.26903175243492794  0.28034203999635166  0.29194413037523576  0.30393262817548011
  0.31553189417937466  0.32625772454091739  0.33681110008363230  0.34724631018708135
  0.35746769198785638  0.36738320570088284  0.37741667861186390  0.38769345970924385
  0.39806032966713545  0.40778797830371866  0.41714186480105969  0.42610505929895026
  0.43497638269981431  0.44422563929876524  0.45373747411884507  0.46317185201023808
  0.47267292283361162  0.48303835272673440  0.49421947981802306  0.50483795268181697
  0.51526873016169228  0.52483468796378019  0.53429727996467513  0.54369790556131847
  0.55367196392544238  0.56381037706798054  0.57413084718471807  0.58425184737756830
  0.59406232993268837  0.60379611097277630  0.61396084995692246  0.62425284519990443
  0.63431750811467036  0.64389961857887945  0.65402229892815245  0.66458842086089942
  0.67538624245713985  0.68664697891651172  0.69913189964108802  0.71205772244285404
  0.72482579176308748  0.73770520621985680  0.74997470366910257  0.76181238555797992
  0.77309752081493666  0.78414277419117751  0.79563144556613352  0.80756382421559803
  0.81923213460226763  0.83036882610902674  0.84131640995149160  0.85238325065279630
  0.86332859799369865  0.87382523800920864  0.88417618598455161  0.89463361569759381
  0.90509072832455817  0.91582189604487374  0.92708402450228256  0.93924495349313197
  0.95248356520681321  0.96686799318187644  0.98277482123911386  1.00000000000000000
 -0.00771525498220660  0.02208994322393011  0.04530861017162164  0.06893953088192691
  0.09194702242202366  0.11359066108481704  0.13401127787324743  0.15348219390755596
  0.17311340213358611  0.19276647501288499  0.21242922564939146  0.23338578292331300
  0.25546899616729796  0.27749738273969238  0.29951515848181459  0.32158288132200480
  0.34356420251033815  0.36538005027885528  0.38706307325480488  0.40867086116751733
  0.43018942499694207  0.45168004971455311  0.47308000781839293  0.49457933107486191
  0.51621279378843532  0.53892110636530255  0.56211225079398219  0.58612201907968497
  0.61020859068156563  0.63442522435866544  0.65350973414609792  0.66879043342499500
  0.68630392120350658  0.69010905379063314  0.69139854443053039  0.69428078507572999
  0.69914151656185586  0.70399899915320419  0.70876610129668083  0.71351497264826180
  0.71825703940649011  0.72290990667175370  0.72756155672814338  0.73231246730243027
  0.73716477206131181  0.74198085520668822  0.74680506769445332  0.75168383657549942
  0.75658829919943860  0.76148702568900872  0.76638851007048625  0.77126674766381054
  0.77614647018292116  0.78111139055202949  0.78607407342935420  0.79097988616588499
  0.79595454552127209  0.80096931501287127  0.80598555826958529  0.81097629680378602
  0.81592233676579196  0.82084060862404273  0.82583311360639322  0.83089303052269370
  0.83592215566142769  0.84092615244663516  0.84596547239836417  0.85108038745921621
  0.85621955858732202  0.86138465850798041  0.86660610633365720  0.87174748578255001
  0.87683833413278389  0.88194087989030090  0.88712654230494492  0.89240539876825786
  0.89772594708291309  0.90305994374156018  0.90832642748921821  0.91365800704133193
  0.91903558619727199  0.92440112796438945  0.92974735742188319  0.93504386209056101
  0.94038816201721098  0.94570447672296887  0.95110480243472617  0.95655020748236785
  0.96192307264483790  0.96726301304591200  0.97267123507477293  0.97811430738494709
  0.98356629227563752  0.98905737764942536  0.99454156221207435  1.00000000000000000
 -0.00265890604524293  0.01047197789453203  0.02085454246437524  0.03198033381910936
  0.04291844982856361  0.05368322242484104  0.06419524834900144  0.07369470510273568
  0.08296644205999180  0.09222763656520146  0.10164969469701660  0.11113088108568277
  0.12048660767743952  0.13040027892391573  0.14108442770923732  0.15205529280119656
  0.16270934972924572  0.17359761204927338  0.18510396916238803  0.19699198834565695
  0.20911256581422399  0.22041731805972228  0.23179833589199089  0.24417730504004084
  0.25792264087863170  0.27183865693087794  0.28495865943685017  0.29673482955045327
  0.30757428398398312  0.31846848713649950  0.32925196318633881  0.33990496461111408
  0.34966749113864110  0.35993319359991927  0.37032014438243482  0.38079063054701945
  0.39154865651493881  0.40227405718799092  0.41360932833897673  0.42473114085921104
  0.43572774228879274  0.44678188114553768  0.45793131572960016  0.46848524208820774
  0.47860478292963038  0.48894190847326163  0.50023992930292449  0.51147399236521052
  0.52244557738214681  0.53279586063181461  0.54341798489755366  0.55355774170954342
  0.56357472010555931  0.57344222570902204  0.58349265276193119  0.59450197084208178
  0.60551526707826808  0.61764145046552876  0.62856705547101233  0.63891334330684701
  0.64941285326253428  0.65978350268116548  0.66936270319106939  0.67874713206297554
  0.68801186478654530  0.69768911230620756  0.70729730481358688  0.71724691841599608
  0.72726845616886104  0.73772540085791871  0.74807711222666418  0.75791243681185450
  0.76791493898633345  0.77871837490675866  0.78987083663878299  0.80013944968405526
  0.80958355990167197  0.81903067929978279  0.82824401714146023  0.83731093947653112
  0.84624365269546775  0.85534908433827872  0.86554277964576798  0.87557306178058703
  0.88622026229641981  0.89706532604441169  0.90747898827278051  0.91785080800785990
  0.92728446781198237  0.93711860910594469  0.94653382201326652  0.95580699703173422
  0.96549634680674290  0.97568249798654416  0.98731217966742069  1.00000000000000000
 -0.00327031740762166  0.01231907963226593  0.02484394982014319  0.03730907473493793
  0.04860568242779575  0.05930998834413801  0.07007698458902160  0.08103697750833522
  0.09255564236395367  0.10410237240752146  0.11553417049673928  0.12650374752496454
  0.13675054343123408  0.14704639006091577  0.15764726154277015  0.16829982467741422
  0.17871465778454212  0.18990367597457247  0.20200798351045718  0.21437359480562310
  0.22665189512909081  0.23887943603897696  0.25139194395691833  0.26453727837325730
  0.27751877954455240  0.28918342269860525  0.30023530554860212  0.31062602801961819
  0.32045907997006501  0.32959953329337771  0.33906558307075263  0.34894281571015873
  0.35861831567693603  0.36832922858837530  0.37864884408028576  0.38981369118561510
  0.40039113123326620  0.41047141855992381  0.42086113867978514  0.43189936944310786
  0.44260669978099482  0.45292334831049014  0.46272082581127894  0.47275205623579258
  0.48267598565252900  0.49256277353536371  0.50202678372076248  0.51101577014153909
  0.51981322009110020  0.52861599203615039  0.53740521402425678  0.54708110919992847
  0.55670193440817317  0.56638743273168479  0.57553608354274144  0.58496979281912509
  0.59456649101016790  0.60416677275950681  0.61403554706246211  0.62377071951753860
  0.63324326245208573  0.64247480672288870  0.65212763956038866  0.66176322340249305
  0.67171937485516442  0.68208675496730820  0.69369510282778113  0.70570939318645276
  0.71685224731924790  0.72704175225627676  0.73701031987873955  0.74666287929500041
  0.75643074418210321  0.76578828184166159  0.77543761601128858  0.78529913731705925
  0.79531536614469045  0.80559537260675740  0.81612255525862332  0.82731511311853390
  0.83842809882745806  0.84975046815709954  0.86097290619142486  0.87248161158360671
  0.88358386603844274  0.89509112933040247  0.90672951452538308  0.91850248532483991
  0.92923634675525268  0.93954449900285519  0.94960920417584893  0.95922974538553096
  0.96910294573039590  0.97913782288374240  0.98957411825160391  1.00000000000000000
 -0.00353119983664240  0.01199936538971716  0.02296802087912364  0.03273549526638069
  0.04193441138631508  0.05098177559392501  0.06055040527029459  0.07004141119968489
  0.07953681073384736  0.08929440968650451  0.09907235776798981  0.10915623431737857
  0.11941309805790189  0.12980137738126885  0.14048132689076881  0.15101466758318888
  0.16127131094898867  0.17078469565532722  0.18022493823709773  0.19056638480469462
  0.20220985510213837  0.21307344822241281  0.22286130916491451  0.23264979448141859
  0.24273245464319515  0.25260711799195446  0.26221105384046467  0.27179524368023844
  0.28180053856640719  0.29191021788073501  0.30171542955895764  0.31094384520425328
  0.32001774361585905  0.32916144872978348  0.33878310875074569  0.34849228902846030
  0.35803364726108289  0.36734347237343823  0.37706434063075361  0.38770733044674288
  0.39878379204847075  0.40963742369920292  0.42024534637249389  0.43095004524216124
  0.44201468621572937  0.45273054672025548  0.46290686142722359  0.47299378964708655
  0.48384560857495651  0.49547343077162986  0.50695318035238024  0.51810949579282850
  0.52908737188710719  0.54019872026519877  0.55144873134316519  0.56236201775055605
  0.57310782364950474  0.58410484259060558  0.59627056010448998  0.60898045808454770
  0.62112498793604598  0.63340884459871682  0.64514431607836720  0.65753399282379410
  0.67008070202301218  0.68255480419219183  0.69489133795942104  0.70674578708283697
  0.71808377814526381  0.72875105390179173  0.73866849286042191  0.74837311753921831
  0.75831284078994177  0.76815126118821953  0.77823342173318699  0.78885426080129883
  0.79901632815285917  0.80953414360603315  0.82032663541697015  0.83073409962897538
  0.84110605970155272  0.85098670428544743  0.86182182216098346  0.87292005740655687
  0.88344146442780946  0.89356422579466954  0.90327454601999635  0.91293786619564454
  0.92362254705602986  0.93512359248239363  0.94703210861575249  0.95838145037652300
  0.96866278915677695  0.97901341039186662  0.98972611459907800  1.00000000000000000
 -0.00213778213030377  0.00897070723958719  0.01831232805248910  0.02813064900549392
  0.03828252429101601  0.04837805236124484  0.05799837975793482  0.06738335738511511
  0.07645827659217094  0.08544221512833314  0.09438004788942694  0.10343608393139841
  0.11253993513536369  0.12180682590904113  0.13131457262025104  0.14080127685805829
  0.15031368531544262  0.16003265824854571  0.17001015959673554  0.18073173863513092
  0.19117170105307979  0.20169179376178767  0.21183092125065833  0.22220770043824609
  0.23375348483512359  0.24604142989804745  0.25752484502975870  0.26835896170491441
  0.27888097333645862  0.28949482453832143  0.29984995740933368  0.30986995685157176
  0.32049600864760508  0.33131396285887371  0.34178793232824051  0.35235738439880010
  0.36315423369419503  0.37374046368235170  0.38355505585256355  0.39330312369219544
  0.40382699166252783  0.41490647278304787  0.42564760649000505  0.43601275591090444
  0.44675156472069416  0.45791269589996048  0.46882578937499242  0.47966227762979191
  0.49065114197143628  0.50155565128784663  0.51232929200775223  0.52268420745548638
  0.53266311421762180  0.54261170124349922  0.55279618241865081  0.56288644123285725
  0.57279360797247925  0.58313267515212130  0.59446343119754197  0.60626660719029490
  0.61693699323525397  0.62724967124874886  0.63768600575004186  0.64809221108273796
  0.65846102322441957  0.66917537126529048  0.67992528973092703  0.69027048928920731
  0.69996784428965020  0.70985603086593696  0.72056140964707738  0.73195116260016135
  0.74351427613158982  0.75464079014448138  0.76563095432986306  0.77677345038524770
  0.78803652487160236  0.79943584087730102  0.81111210100297992  0.82409473104381104
  0.83756482716814629  0.85032629464490517  0.86146001567113806  0.87162672259495677
  0.88204980975450464  0.89286294288501966  0.90367711094604608  0.91429969948229906
  0.92538286278286908  0.93680449863877135  0.94698468255049784  0.95716717832594633
  0.96734178893088241  0.97756464228054019  0.98837210432222533  1.00000000000000000
 -0.00227120967228779  0.00938991708076106  0.01879152638579991  0.02908087681207319
  0.03952239718717152  0.05121993528058476  0.06238161196290090  0.07454095153160217
  0.08496496553059790  0.09479023970451850  0.10492009570161234  0.11508932582706648
  0.12505541348528920  0.13516749066778083  0.14640488097615645  0.16091572565832662
  0.17453774000054534  0.18667352334834245  0.19849882014761835  0.20963119612062669
  0.22041826152637170  0.23104521983734186  0.24124237453692240  0.25112384548459310
  0.26084568652511314  0.27053139841524593  0.28040290332058948  0.29033431812230120
  0.29964056755552332  0.30878430299393161  0.31775273837226292  0.32643168049394405
  0.33514653908055125  0.34427184162160362  0.35351585253929035  0.36409918964298144
  0.37437402119421515  0.38635720812660723  0.39811697382190364  0.41030713482806236
  0.42291065138892925  0.43568281306170042  0.44825099613759828  0.46046911549270536
  0.47254576475590815  0.48475693932329883  0.49711028664764556  0.50916031739825451
  0.52075472688816904  0.53227576978133873  0.54352125586762379  0.55425096388267758
  0.56527856664496934  0.57756624187063310  0.58973478346220454  0.60204144436735596
  0.61364102438778689  0.62446342090247353  0.63434239176348506  0.64379807059170580
  0.65350594516652483  0.66299344101584823  0.67312773463583564  0.68345145081937619
  0.69462913448433716  0.70582374706304052  0.71585151194851937  0.72568926434164827
  0.73510328829097793  0.74465425883381775  0.75482600135392253  0.76547782196565572
  0.77599059583700014  0.78598547639219085  0.79585756313787481  0.80605181728431996
  0.81736089499734210  0.82852844931142688  0.83964099250737567  0.85040416152309795
  0.86010867068932950  0.86869952371971626  0.87731071165977914  0.88569703054091775
  0.89405798926213353  0.90255240382770630  0.91107447020689702  0.92035364750292437
  0.93022129161840816  0.94045095357911479  0.95085834552174420  0.96107872543059381
  0.97092381481090206  0.98086739588928362  0.99036710577505438  1.00000000000000000
   61.878234771393494       -1.0000000000000000     
 F F F F F F F F F F F F F F F F F F F F F F F F F F F F F F F F F F F F F F F F F F F F F F F F F F F F F F F F F F F F F F F F F F F F F F F F F F F F F F F F F F F F F F F F F F F F F F F F F F F F F F F F F F F F F F F F F F F F F F F F F F F F F F F F
  <DiscreteSampler_grid>
  grouped_processes
  1 # 1 for a reference and 2 for a running grid.
  10 # Attribute 'min_bin_probing_points' of the grid.
  1 # Attribute 'grid_mode' of the grid. 1=='default',2=='initialization'
  0.0000000000000000 # Attribute 'small_contrib_threshold' of the grid.
  0.5000000000000000 # Attribute 'damping_power' of the grid.
 # binID   n_entries weight   weight_sqr   abs_weight
    10   10   4.760709692534220E+013   5.786673808087186E+027   4.760709692534220E+013
  </DiscreteSampler_grid>
