 -0.00253264608773605  0.00949965692688627  0.01938075568113052  0.02991979056062073
  0.04013372012471363  0.05070728077949301  0.06137652654327304  0.07230327396725154
  0.08285087212406175  0.09281237211141823  0.10294256359453642  0.11304283119358477
  0.12364407668518264  0.13403860715827420  0.14422814546337653  0.15441534938675719
  0.16543924469651072  0.17637828827403301  0.18713326136811340  0.19743943564951125
  0.20766639487164185  0.21781602069108905  0.22783988248177883  0.23801781404379085
  0.24823624067233577  0.25864636631723165  0.26939725050902219  0.28075182941074228
  0.29205380159307542  0.30274248628817013  0.31349769836975122  0.32408563299370913
  0.33450189146816189  0.34397746315586863  0.35334023501768608  0.36270044980078037
  0.37201935440919115  0.38116554661484908  0.38973915929865599  0.39844542931828208
  0.40791654158091006  0.41809903831232281  0.42874026487925732  0.43923292757548776
  0.44933468915310293  0.45958374270022928  0.47010808749081340  0.48074068859747748
  0.49206335432703124  0.50436018226899382  0.51730166328358351  0.53036408491735898
  0.54216480397107325  0.55165412213690324  0.56038000446121505  0.56893787690504205
  0.57737169731352911  0.58578164686088408  0.59425168247638627  0.60321264257220863
  0.61238396378557669  0.62186297610866170  0.63164904782094000  0.64165796192475089
  0.65161838982756359  0.66093647003846134  0.67104470853742360  0.68162278199248105
  0.69318375770055418  0.70521827030102890  0.71697838204850084  0.72880767727436913
  0.74086846530147354  0.75252506976898192  0.76375722955694170  0.77505221188635354
  0.78632375389487008  0.79736040005485498  0.80843164260705225  0.82007421709425088
  0.83264567176404836  0.84571888599279388  0.85789787631975956  0.86890864729002348
  0.87948107142230625  0.88992736737054801  0.89970162087170424  0.90926864437708455
  0.91958495929401862  0.93195928449498566  0.94463050007119953  0.95762377328905446
  0.96883261945910393  0.97965231891055782  0.98965777247779829  1.00000000000000000
 -0.00043047530074327  0.00644758726919245  0.01309269332101937  0.02013655850320577
  0.02801499020046215  0.03600763474700322  0.04422699112732285  0.05260913334670620
  0.06119327463282281  0.07031538786273431  0.08061326342793067  0.09082022874474430
  0.10091660022789177  0.11037297111524540  0.11985031426221250  0.12926553650142222
  0.13934464527651091  0.14921960192004705  0.15861257556454997  0.16799910288386616
  0.17854495228999706  0.18901540724866936  0.19839481278922386  0.20755955950117155
  0.21706953179566024  0.22688303213364064  0.23697858328688692  0.24742265952920695
  0.25901239043780722  0.27124194843185490  0.28244390621062387  0.29263299357930511
  0.30238283419255491  0.31182953328178870  0.32117361186177273  0.33111504912332784
  0.34159048645779028  0.35199703548684558  0.36217841762226088  0.37235030213148496
  0.38392533520488731  0.39630567210287448  0.40904860875469157  0.42204572312764904
  0.43422632486921259  0.44541065844281519  0.45591039550269186  0.46629725587331528
  0.47661053133359138  0.48627763324398909  0.49553709067538432  0.50547412970940719
  0.51580382185375062  0.52597847662159514  0.53592908100658332  0.54632033770797295
  0.55744124487396740  0.56882324550828944  0.58033339973938480  0.59180906098519526
  0.60289460678892148  0.61398169317733864  0.62471482982839810  0.63502964946621754
  0.64541213775017048  0.65644036313339571  0.66792925728724450  0.67946587390525648
  0.69111890492193984  0.70266799611452446  0.71388210550190390  0.72470495357805409
  0.73535437383839064  0.74592216781727549  0.75675515208940103  0.76760024578200847
  0.77833597514748165  0.78979464949948608  0.80247440765130329  0.81495671338511311
  0.82559762712560603  0.83575080188103057  0.84595062542099375  0.85623660248715772
  0.86616763948879039  0.87579180461418549  0.88583281363957389  0.89605022716456306
  0.90631292563466881  0.91694938452206021  0.92820970366226419  0.93968188264959240
  0.95122297280673529  0.96495805287984282  0.98148762943563295  1.00000000000000000
 -0.00793076300950378  0.01934612724630754  0.04232772332939453  0.06552675629029187
  0.08834868301560737  0.11080763987473193  0.13057281564204593  0.14985544773341819
  0.16939944347453118  0.18869071302108506  0.20782413320843796  0.23006587584584909
  0.25235852621234234  0.27467796019965707  0.29690653661061117  0.31907787723538078
  0.34121387363988137  0.36334961935661886  0.38550609268879643  0.40756091322461202
  0.42947682508668888  0.45138377552012643  0.47328643274170956  0.49500588038416660
  0.51689612759897097  0.53952290339830822  0.56246316654122974  0.58579094760878836
  0.60987753337016903  0.63426761416112021  0.65077344245219138  0.66836811202102764
  0.68650204449979813  0.68993873103374781  0.69119667961904352  0.69363971971344673
  0.69869643163837936  0.70347134303715253  0.70819791401950194  0.71287559067873429
  0.71755412809100216  0.72231657471683175  0.72714020647282140  0.73196832475035212
  0.73684758230559588  0.74175287829838588  0.74661779148939234  0.75150423108197384
  0.75642540743658693  0.76132870172878908  0.76619247576513505  0.77107647841537408
  0.77606244012171643  0.78109859204827414  0.78612721288136500  0.79120711355020268
  0.79628369318012382  0.80131114190686459  0.80632284140295973  0.81140437406488553
  0.81644005163818856  0.82140364207076388  0.82637763571008727  0.83139922494223450
  0.83648414513584635  0.84159830455183582  0.84670383569869079  0.85184583184082974
  0.85695874408652462  0.86204678759548692  0.86718865859412420  0.87235130803740080
  0.87752135005748588  0.88268910734352413  0.88786044045871659  0.89307677597080837
  0.89829506764833134  0.90360734912055540  0.90899048603273702  0.91434901280595449
  0.91963748132456324  0.92491819227591598  0.93014466717246935  0.93537485760349603
  0.94064563719353333  0.94590281155575551  0.95115345700864096  0.95648560675293659
  0.96182815740788652  0.96714777377082806  0.97246285519643094  0.97786723606243120
  0.98336313257159136  0.98890802719357884  0.99443713194249495  1.00000000000000000
 -0.00176113993879513  0.00711095179917983  0.01514722426712631  0.02461594213434199
  0.03392384343301237  0.04296539372656209  0.05220971414019199  0.06209293672077461
  0.07364208177315472  0.08581219911410123  0.09805039443842900  0.11035895115786939
  0.12267244056898975  0.13405748000595383  0.14414529296642448  0.15424777434003711
  0.16442355712669929  0.17448968514385718  0.18427250426239974  0.19387468841371797
  0.20376091309285438  0.21409870583769122  0.22413169016594583  0.23345814506160054
  0.24256024955126168  0.25227691744491626  0.26270013485418403  0.27346893925856425
  0.28431394342139027  0.29615151015241353  0.30835371361230346  0.31954232939802124
  0.33000415724557247  0.33993021530468337  0.34955111038891362  0.35868566145140057
  0.36777137277831884  0.37724834139355345  0.38668907787685036  0.39635070402103012
  0.40544223541834051  0.41473955317230737  0.42459359946887820  0.43444338573153157
  0.44497168724120739  0.45619556483554713  0.46740079524576977  0.47843920407261376
  0.48936504571927386  0.50024701790193260  0.51141341170763599  0.52256573146784635
  0.53400400216130950  0.54518848451961455  0.55598283258770298  0.56624434380076605
  0.57595740754130198  0.58601276698926907  0.59785898080958888  0.60880916079862013
  0.61975089164984754  0.63078055809549782  0.64203950875760407  0.65165515700080012
  0.66049453114831724  0.66919803563295954  0.67800313618152197  0.68685925596404485
  0.69592987975748333  0.70490097222436254  0.71489296589591733  0.72598532020940743
  0.73695943940159014  0.74843039579399639  0.75988875957784663  0.77182439626343280
  0.78460565390388859  0.79758340681317419  0.81024949488453879  0.82263888670806895
  0.83484985090891672  0.84700699821179581  0.85931232329926077  0.87155187319503247
  0.88322477674581490  0.89440985838718423  0.90484914282651396  0.91497105016380209
  0.92488633214011773  0.93453414501576759  0.94418037731724935  0.95372241449015904
  0.96371099082111567  0.97453396333248399  0.98647015039634312  1.00000000000000000
 -0.00220110193605291  0.00856431145367703  0.01870536933740676  0.02942343614952397
  0.04061086717646108  0.05173882418157188  0.06324242443341412  0.07241018207412003
  0.08303179833516772  0.09386028019357760  0.10450386143565721  0.11466179348319472
  0.12458549658813743  0.13589158887812641  0.14734599608095034  0.15911951230298443
  0.17032206773403741  0.18136358559695392  0.19261547898994802  0.20432793661806561
  0.21616228928508674  0.22785868135658674  0.23905492698564171  0.25002241452132928
  0.26115371479075339  0.27264197851717631  0.28420957697860827  0.29546476845338654
  0.30647332982150766  0.31699623817369960  0.32763318512664596  0.33825089131036662
  0.34912258064217799  0.35976666359986931  0.36961028530696299  0.37922599977120747
  0.38866065499963326  0.39818057516149169  0.40784252757626260  0.41807561372543889
  0.42960060600852551  0.44077291508453237  0.45105179311149229  0.46096088927383483
  0.47071612999483159  0.48040225230917910  0.48971402725221580  0.49868121511230540
  0.50866153305087158  0.51961963742677841  0.53143716987093881  0.54310240662541742
  0.55423506736979133  0.56557293623450089  0.57572765440571427  0.58527267145126660
  0.59524634754584393  0.60563012790240955  0.61576873559940581  0.62525462662675024
  0.63493124897855524  0.64477604152266010  0.65444525254324348  0.66411551389937751
  0.67507171921775000  0.68654351625204779  0.69732247076687981  0.70804309513521968
  0.71900930360824045  0.73014917296488235  0.74151200652003879  0.75242695514300106
  0.76297688160626498  0.77340832392105541  0.78398668805651428  0.79454054414876674
  0.80485108673268346  0.81513777024700962  0.82560189229598213  0.83556617283203605
  0.84458443116379600  0.85335944032148559  0.86197968523290891  0.87120852561555762
  0.88119226124738703  0.89089996588772657  0.90097877267352378  0.91093521839815605
  0.92155851854603144  0.93309437220280533  0.94401408299160272  0.95472778971635097
  0.96650091717577147  0.97894731874543028  0.98974069755881633  1.00000000000000000
 -0.00180003777092852  0.00775154809992513  0.01583179020181373  0.02438207404899170
  0.03305491169517878  0.04249308004255429  0.05334969534488493  0.06444672597612244
  0.07535871569914020  0.08553036145975079  0.09497555696594219  0.10485818239694628
  0.11533844564203811  0.12556220266091603  0.13521830586968156  0.14504001443259926
  0.15598071193888360  0.16739996980613803  0.17840719170136413  0.18893898818842414
  0.19855760064543532  0.20815813161982455  0.21757017957440497  0.22691291974891020
  0.23606614129667330  0.24500893669887081  0.25464236243812821  0.26541574665016582
  0.27637989163687504  0.28725378844692911  0.29886378193378399  0.31135098941657069
  0.32361807601128340  0.33512766772392849  0.34626251904759714  0.35690544339453917
  0.36721457765075971  0.37776672474793649  0.38801281225046175  0.39758673811602829
  0.40677681856193004  0.41637088998360200  0.42716123558439578  0.43906043414961704
  0.45086262486056261  0.46165576204883424  0.47197594765188966  0.48222850228523384
  0.49215794647366035  0.50177404785360491  0.51152499233340931  0.52166558607456959
  0.53228485652035495  0.54304758383555352  0.55422706212910500  0.56576367909466208
  0.57748597968879201  0.58875911690013316  0.59933188421477623  0.61030410906574306
  0.62136536640000395  0.63195736448106188  0.64248454599968008  0.65373363432865506
  0.66638766162244834  0.67848276812263641  0.69046154770782453  0.70289279579828956
  0.71601228115235327  0.72978410866238597  0.74459892998485933  0.75556151184347453
  0.76548576040470162  0.77520132241745965  0.78573311602725460  0.79598240464157100
  0.80651388045906836  0.81658955136825040  0.82695015880449985  0.83630675076558803
  0.84608240514331035  0.85663801007884210  0.86705419757432334  0.87775710566613629
  0.88875831324633425  0.89967497642353422  0.91005916940151521  0.92027314843719676
  0.93068964734778892  0.94100044799407345  0.95064647083533782  0.96041388638827419
  0.97049403965216063  0.98053588186019225  0.99022939370521212  1.00000000000000000
 -0.00185536680105857  0.00755744234643352  0.01572205089742437  0.02444701665465340
  0.03309310973947085  0.04171529249123030  0.04990185222840469  0.05827707551031068
  0.06731319120959749  0.07632412202844115  0.08691531889471502  0.09871174690945404
  0.11041896151175723  0.12157009590170104  0.13236381588557034  0.14307612085787100
  0.15332466609331466  0.16318125429908728  0.17328461803081621  0.18375858132842948
  0.19500744898165284  0.20607323875523587  0.21691208848255381  0.22791751653481265
  0.23858685272229346  0.24909793871084313  0.25926016837680022  0.26973224104802523
  0.27995096942465175  0.29033412929056135  0.30084938823929974  0.31197423337578434
  0.32399739963808255  0.33599069265563775  0.34722913039641257  0.35824710715895058
  0.36928774941112114  0.38030839830599489  0.39131565566971932  0.40266333936858728
  0.41431639104693713  0.42601821702525305  0.43761204145693944  0.44897404942001401
  0.46012614404501850  0.47080717776763942  0.48141492654752038  0.49240034630264540
  0.50381575214166441  0.51528491301390500  0.52590215851588895  0.53620393599565053
  0.54648906054825430  0.55670944535291922  0.56685759984538231  0.57648495928675803
  0.58667807100365477  0.59772428232137731  0.60863329928558585  0.61965019598941151
  0.63096584913380438  0.64251083996776959  0.65384215609439045  0.66611483023457363
  0.67746630912116212  0.68936536496007850  0.70035288251221062  0.71072647473004813
  0.72089295402167619  0.73111314372331737  0.74174712885345517  0.75253047198749634
  0.76344063248081384  0.77386851285209468  0.78321301709937996  0.79195233647037999
  0.80044500016451692  0.80914887571750993  0.81852160640525784  0.82856557860400215
  0.83953635362812473  0.85167315312397907  0.86307283894576847  0.87431129151812148
  0.88548352206134773  0.89695113625845546  0.90881923532983133  0.91992209107489320
  0.92898472674912436  0.93832898457961234  0.94824750643107369  0.95817782334309221
  0.96749223904994142  0.97670024185174342  0.98788068161752784  1.00000000000000000
 -0.00254248187206061  0.00935066491655453  0.01929105873154006  0.02899545077058324
  0.03874085893718321  0.04918853649865024  0.05943195929895505  0.06921789778577674
  0.07911818354286253  0.08895896739414651  0.10019944187053149  0.11157711885843542
  0.12250755286266977  0.13250430323675064  0.14227238440492551  0.15239218222905912
  0.16236455633296715  0.17234003646600782  0.18244524166551931  0.19241943269164938
  0.20211773447305029  0.21223900750581712  0.22339207615984286  0.23529543299789599
  0.24730061995079666  0.25897696302982581  0.27021828249438101  0.28111688187837935
  0.29190971288891332  0.30251793664019194  0.31345765117980950  0.32541765649263948
  0.33702887329767778  0.34781376928759739  0.35899016284406066  0.37040875950106250
  0.38146757613613302  0.39252595929734674  0.40408938109587172  0.41661803633207373
  0.42925613056334838  0.44216592845809005  0.45480598005255285  0.46692354258313828
  0.47782169414445569  0.48809622867189206  0.49801142130805814  0.50780780132574821
  0.51767668815636814  0.52742557027301773  0.53728655198673481  0.54749722710861559
  0.55892091718221160  0.57094589141670338  0.58297446701445432  0.59461947961041084
  0.60525575098760653  0.61473693733579937  0.62427932693939003  0.63446027239052605
  0.64487920527412490  0.65503314105064936  0.66496417043734668  0.67509361385757694
  0.68531377608467459  0.69582270498982202  0.70642236192711561  0.71718433083960775
  0.72774911969173206  0.73842815522213456  0.74895122788083301  0.75817011858648253
  0.76707055553066905  0.77602563780433220  0.78488833195335328  0.79334484453966791
  0.80191283117024659  0.80999921842573941  0.81993585964217353  0.83023148892204079
  0.84119747023550850  0.85261108473777047  0.86367116025606683  0.87489691735972530
  0.88464846246533757  0.89454796374671641  0.90570170035485642  0.91666518082190473
  0.92770128146444619  0.93867453255773381  0.94935955319755239  0.95989814442742893
  0.96981084606186685  0.98020763890593288  0.99017082902299924  1.00000000000000000
   61.116715891908839       -1.0000000000000000     
 F F F F F F F F F F F F F F F F F F F F F F F F F F F F F F F F F F F F F F F F F F F F F F F F F F F F F F F F F F F F F F F F F F F F F F F F F F F F F F F F F F F F F F F F F F F F F F F F F F F F F F F F F F F F F F F F F F F F F F F F F F F F F F F F
  <DiscreteSampler_grid>
  grouped_processes
  1 # 1 for a reference and 2 for a running grid.
  10 # Attribute 'min_bin_probing_points' of the grid.
  1 # Attribute 'grid_mode' of the grid. 1=='default',2=='initialization'
  0.0000000000000000 # Attribute 'small_contrib_threshold' of the grid.
  0.5000000000000000 # Attribute 'damping_power' of the grid.
 # binID   n_entries weight   weight_sqr   abs_weight
    10   10   8.476937954081245E+013   1.081760438344896E+028   8.476937954081245E+013
  </DiscreteSampler_grid>
