 -0.00188656086924735  0.00785009724717331  0.01717794745124707  0.02647532606573288
  0.03591319690030096  0.04565979232850745  0.05572882366186867  0.06588293932183424
  0.07610088150041849  0.08661806089867548  0.09784040231488805  0.10827308977590235
  0.11797932882428144  0.12734758423608689  0.13675431891563850  0.14634193899461406
  0.15615351007645031  0.16596365457785731  0.17613696424409334  0.18629263907694590
  0.19632445250130107  0.20666535106568215  0.21794634857708081  0.22982721167327227
  0.24123546295126000  0.25244791903691921  0.26373916502611300  0.27498929780917419
  0.28647520152345912  0.29905211937980458  0.31188200510085862  0.32387436295594157
  0.33500109557041574  0.34524338278975764  0.35551442199512684  0.36552422733985679
  0.37549812761799767  0.38505396788941404  0.39433778468216962  0.40402357085382407
  0.41436890199501708  0.42457617653187463  0.43423398073427538  0.44435958917226942
  0.45476642938101258  0.46465956185940510  0.47409130963502855  0.48454245170042159
  0.49563239308588308  0.50615548035952185  0.51596145043596486  0.52589527382422963
  0.53621108791085392  0.54620943428281166  0.55577859305171506  0.56607593218456365
  0.57752208257552284  0.58856526142321519  0.59909313658124841  0.60961695970969809
  0.62008608697577094  0.63114743577997345  0.64194183880081224  0.65355902595427839
  0.66546052925553112  0.67654150732998108  0.68743958150043349  0.69795182993926341
  0.70843738816635082  0.71916917245504108  0.73028040527394111  0.74186098236626008
  0.75286158765639377  0.76316761986462844  0.77320775457275903  0.78244649349991824
  0.79242527809893626  0.80219584290422985  0.81179291878479276  0.82106600952668651
  0.83013970483119148  0.83990119095426730  0.85018519918458979  0.86064441087726384
  0.87149453785593123  0.88314643605628418  0.89531358152995921  0.90664805309634489
  0.91787032177832617  0.92970244603316443  0.94183973268046939  0.95395941450807642
  0.96553107913930958  0.97732583371197090  0.98858279317716136  1.00000000000000000
 -0.00076791672896385  0.00661612534957820  0.01386107040576007  0.02164802631318408
  0.03006829325374122  0.03879747684249714  0.04815213268371522  0.05804221661070585
  0.06800339800625411  0.07835834018108237  0.08945663530838438  0.10148108897405908
  0.11450682219877062  0.12693047337136018  0.13830368720071176  0.14905816601510624
  0.15944256178155258  0.16951480125667615  0.17952060881331811  0.18974308493485051
  0.20017749210664615  0.21040547776290877  0.22008652807732521  0.23006027805853316
  0.24063316012861283  0.25136148369727690  0.26215735086628295  0.27353790845665005
  0.28594348391440916  0.29824545641196010  0.30976585429549891  0.32123291340713422
  0.33181227243523487  0.34208635070644028  0.35275943943754029  0.36425085729174400
  0.37572139002998078  0.38596537020919924  0.39580540307306533  0.40578372445661459
  0.41555203035603083  0.42492187680792237  0.43399235151078774  0.44377821383448873
  0.45408082386178839  0.46489800767680639  0.47606306751262822  0.48726940819116443
  0.49859637955560160  0.50981575800882095  0.52098819156057197  0.53185781103093177
  0.54271848262666400  0.55378796283158960  0.56468720448747589  0.57520618384659516
  0.58528867485914859  0.59534703249940579  0.60592904710148965  0.61726180455678747
  0.62844584403968340  0.63915548389413057  0.64942030470292755  0.65964838208306309
  0.66985034402318833  0.67999515091699070  0.68984233315549681  0.69997930115082685
  0.70945099409153956  0.71912155375029285  0.72951874452817767  0.73927481367553216
  0.74864672428143353  0.75775904152583806  0.76741109011389430  0.77748112992437324
  0.78756754231320358  0.79761753992772355  0.80781631268338483  0.81832324161846126
  0.82882026562761790  0.83877952666960609  0.84871141555817964  0.85923877607539634
  0.86941513786860791  0.87886359726898000  0.88819787381614690  0.89889556515591851
  0.91054580166513699  0.92244339547831333  0.93428523674352226  0.94670256862971180
  0.95909086579990366  0.97143047884992761  0.98485528331292460  1.00000000000000000
 -0.00874794344082375  0.02064807486569075  0.04463342905597963  0.06909081083661707
  0.09290772441216917  0.11518502189238053  0.13613263693400321  0.15593023332805198
  0.17615195481520826  0.19644485758034461  0.21676218313185178  0.23818326786867419
  0.26038250906886551  0.28211711560810082  0.30379018426291310  0.32542708627740169
  0.34704952584327814  0.36865242232696532  0.39048228622151943  0.41242042927114109
  0.43458063949616704  0.45689244786734551  0.47964738855700606  0.50216232633058866
  0.52448182617116557  0.54762199265076406  0.57098352865694557  0.59501611884913774
  0.61955975376710326  0.64565084429323560  0.66339256745195940  0.67502167154835357
  0.68918071932725722  0.69038721520097635  0.69193249592817430  0.69606184977069729
  0.70092753601998248  0.70570300219394200  0.71045907272239928  0.71521188330403274
  0.72004709476343787  0.72482259981763830  0.72955525577106006  0.73431768892609517
  0.73916778439254116  0.74408535467442027  0.74894214720845131  0.75379718443231192
  0.75868078444676335  0.76352976089065294  0.76837762356599504  0.77332679953976036
  0.77829627367616361  0.78323339633957545  0.78814622875592655  0.79308070211330772
  0.79796284453025534  0.80287422455767610  0.80786342542896039  0.81292177419959422
  0.81793344158905101  0.82288851681279129  0.82785090746081624  0.83287820241342780
  0.83790768792077130  0.84294020938997549  0.84800383623677067  0.85306432748524152
  0.85808405417097933  0.86313114050465245  0.86823309883434008  0.87335045697088987
  0.87847219958173040  0.88366450169514388  0.88889199866043656  0.89412425336866519
  0.89942167714516530  0.90468275638099105  0.90989622450866348  0.91519168047842536
  0.92047864927715561  0.92574180702026154  0.93106752427070605  0.93628851407268010
  0.94144568738597578  0.94657148898840582  0.95176978472542650  0.95703071669107054
  0.96230021972654123  0.96761455766853921  0.97296252402276751  0.97836125963302101
  0.98382978036405688  0.98927402464997516  0.99463341030777230  1.00000000000000000
 -0.00197793390662166  0.00759390098336747  0.01612289240642051  0.02558262844214236
  0.03560201619917681  0.04678678384384519  0.05951303623019706  0.07065241107099708
  0.08077689812849013  0.09097825370187931  0.10148365198963666  0.11216041075902985
  0.12200381059078470  0.13318336786153412  0.14483425347919809  0.15654578390588353
  0.16888531976997742  0.18108280470498572  0.19194586724948726  0.20161046026482299
  0.21138794221592808  0.22180596477786652  0.23216793107287065  0.24249158068790228
  0.25271885323678078  0.26356426169276836  0.27393833104380877  0.28387140284810897
  0.29367778976216330  0.30376326746167864  0.31363487906770471  0.32394717405643242
  0.33427834053693695  0.34594320064615791  0.35785370410136669  0.36983090559541842
  0.38132991519265746  0.39259925944811225  0.40430273886614143  0.41636032527368910
  0.42841808511793300  0.43996033396339684  0.45140392864732365  0.46303401081296175
  0.47396090567549332  0.48404749638514838  0.49390235328284265  0.50389588389436846
  0.51438552166000195  0.52495693548390254  0.53526038925103980  0.54554812791302387
  0.55592371278608033  0.56624437239028558  0.57645292074826882  0.58685934219363722
  0.59715394937668487  0.60718482498509863  0.61709308376600513  0.62689005484873017
  0.63649146749161079  0.64583287087429742  0.65493173546000316  0.66410053874124497
  0.67390627615823939  0.68389768516573712  0.69525472240580066  0.70696582148646525
  0.71828770856191793  0.72966469742321816  0.74103574766984315  0.75173098422500706
  0.76148233628945494  0.77127409393563184  0.78156068441104665  0.79189168665997756
  0.80184931849608643  0.81187011047251934  0.82290263875577885  0.83441888722841540
  0.84601496664382836  0.85787464982238693  0.86874643433565368  0.87893043235185697
  0.88802217173325404  0.89747555192995143  0.90770854845865534  0.91851131039506062
  0.92906782787346254  0.93892683886751604  0.94925784722628448  0.95918319676838482
  0.96903172152621697  0.97863038435938721  0.98937124811792831  1.00000000000000000
 -0.00290272089783606  0.01106055263458994  0.02306092487504838  0.03525400383944380
  0.04666620414495300  0.05767602725942979  0.06734823998434948  0.07656494606922512
  0.08643765180397001  0.09689250102927122  0.10760767567263194  0.11829317937931683
  0.12920633788867722  0.14150703492757805  0.15339588932099615  0.16547122595192798
  0.17681838702527763  0.18757675592374551  0.19792309757383331  0.20822287237397913
  0.21841736840395770  0.22846937699153747  0.23869678752779419  0.24882426424893017
  0.25878159032420367  0.26883421458670442  0.27913919084505490  0.29044468113960481
  0.30104485021561134  0.31198463809300436  0.32293600912048559  0.33428905442650575
  0.34543115137791897  0.35653958388374341  0.36820450993998266  0.37944958655821254
  0.39108633101306933  0.40220754281850002  0.41387854561241655  0.42603721265928107
  0.43776363539097035  0.44888285997470567  0.45968508464106922  0.47049997611700900
  0.48143885775985484  0.49222752484386201  0.50258299405831464  0.51259270747202912
  0.52304152867283371  0.53408359835308206  0.54534780071460698  0.55632216604090301
  0.56733585556893751  0.57854955484694170  0.59010316500474846  0.60183967453180265
  0.61337549740881980  0.62434824979926284  0.63516834371315734  0.64612851831164719
  0.65722966067207744  0.66833599208747019  0.67878243645438374  0.68854259265175410
  0.69799728654947424  0.70761933272020561  0.71769065119802344  0.72799909486179970
  0.73881447910313613  0.74956214131087284  0.75986172068604496  0.76959957122952849
  0.77882931381860043  0.78794285344601511  0.79743388232364187  0.80731665285122856
  0.81745329374574349  0.82767596099532414  0.83740059142297840  0.84709094232599480
  0.85688127913011480  0.86615174010340767  0.87508600829655991  0.88382563989418450
  0.89272739699070658  0.90241846391625036  0.91227114294467060  0.92183145572582692
  0.93152279474472188  0.94130719080057335  0.95118324293206957  0.96118240361515805
  0.97136061907792692  0.98126672079350974  0.99094035239556022  1.00000000000000000
 -0.00269508168792364  0.01048808684264629  0.02128383139178434  0.03129443515536168
  0.04119499935636759  0.05049967415411981  0.06025077443053959  0.07007010438340500
  0.07996040032098209  0.08996301940634126  0.10070754694904135  0.11182978507855111
  0.12414165950663110  0.13586065564631616  0.14681801287622259  0.15720280476542836
  0.16727049179351988  0.17738762266438732  0.18757509897871558  0.19841003760787837
  0.20937198999667719  0.22054756909462897  0.23236759461541881  0.24510331226693763
  0.25750930400246036  0.26924928006119220  0.28090085612792326  0.29302060236094396
  0.30479648675937815  0.31642665594695502  0.32699786822958221  0.33739767056669340
  0.34707382659507324  0.35645353727737444  0.36599011561982514  0.37588833124624821
  0.38622960942243906  0.39650783871164147  0.40600414314700589  0.41602220261547995
  0.42559706365979888  0.43517651728366330  0.44495121217313832  0.45480792194777941
  0.46496459048943278  0.47580865810548734  0.48595900759849248  0.49598516774138274
  0.50546967320456138  0.51485247498506670  0.52410680165288659  0.53382971338517582
  0.54381702549115152  0.55487633388909130  0.56586245094516774  0.57612131232517960
  0.58656997364811758  0.59734823207885634  0.60785323346675768  0.61799518016047783
  0.62794649759667220  0.63817624285806718  0.64839546384007030  0.65830026982372158
  0.66896575721130325  0.68009352442373427  0.69131907402092019  0.70230964220500014
  0.71344959257484875  0.72477794635066284  0.73597876921720995  0.74680599161272454
  0.75782162795001939  0.76856357567165601  0.77945585492021618  0.79031066008663897
  0.80038499238784933  0.80952491896422241  0.81890692561769396  0.82878172266685057
  0.83947538465187244  0.85026765495137169  0.86057975972684930  0.87040039692131921
  0.88013357214241961  0.88983664354729675  0.89957153196672235  0.90926187492355237
  0.92013858715814767  0.93306835267433519  0.94507195501395402  0.95586770523359832
  0.96724445491065647  0.97851037830285981  0.98951744183433232  1.00000000000000000
 -0.00228189255930434  0.00902308987389283  0.01971714333767213  0.03019458391369160
  0.04094096551714667  0.05097813845034321  0.06092427808272932  0.07160114512538340
  0.08304170769828484  0.09513595304996578  0.10698239810061073  0.11758289454058213
  0.12859289121458692  0.13967471484116489  0.15088734096728282  0.16243610335596281
  0.17344848560161827  0.18426152792220538  0.19457772482506103  0.20450467276123291
  0.21425379336022765  0.22393891904018687  0.23383049352230212  0.24470550687058451
  0.25656833847302846  0.26867815761309677  0.27921705355211229  0.28910567521236968
  0.29887340073476687  0.30845988943549968  0.31874883505301055  0.32993166755131115
  0.34073553211013374  0.35084477804087560  0.36055830555472224  0.37060019095012986
  0.37986392803524593  0.38900216462356602  0.39808755711705679  0.40708185423222276
  0.41594976069269696  0.42516088240554278  0.43493891786564121  0.44487975774975719
  0.45431685782592185  0.46376782368200986  0.47322911121601330  0.48281250159712896
  0.49218214963117479  0.50198645695475963  0.51230010710943885  0.52331399100448894
  0.53474070048891109  0.54653479372827185  0.55877023448811169  0.57118597276826155
  0.58362804982489347  0.59594427226439006  0.60818323897528082  0.62035239768239425
  0.63183459775524364  0.64266573740360911  0.65327130476418760  0.66388012149739706
  0.67436981286790965  0.68489020032396408  0.69579479019896329  0.70703516159948865
  0.71838617997507059  0.72960242372804940  0.74126862355390333  0.75208950663236307
  0.76213171455474327  0.77202567113022269  0.78215092509161166  0.79179530939280374
  0.80122374053505230  0.81084866321805438  0.82129071376687324  0.83308174573198968
  0.84649170168507493  0.85909658465012162  0.86960814523215457  0.87968151262315564
  0.89088983614806061  0.90168475293045136  0.91217753666536683  0.92236747707279965
  0.93302713732303477  0.94329033422084352  0.95379515220005295  0.96371758580213152
  0.97349463495252742  0.98290782191518633  0.99157324171771521  1.00000000000000000
 -0.00264137695516973  0.00977500139139724  0.02026306941864082  0.03086678196051364
  0.04149814067248846  0.05165305113821505  0.06187330385780460  0.07271557174979471
  0.08344983506997937  0.09437437780741359  0.10548091432094168  0.11714088281291692
  0.12807970340318967  0.13808273231174090  0.14793160766924954  0.15821302421017114
  0.16845331453134488  0.17811336767322480  0.18756905437019336  0.19674377642238935
  0.20567199276144990  0.21437174058949612  0.22283678648737001  0.23133272799952448
  0.24149319918011736  0.25128828311137452  0.26246084045624907  0.27294766152921618
  0.28246539733365095  0.29162950481563388  0.30043813760526616  0.30949735655335930
  0.31890293713484957  0.32892443039743130  0.34022123307334001  0.35235490159004074
  0.36397209269469416  0.37504130714576916  0.38591702221753921  0.39697300848223332
  0.40837707831557041  0.41958444315336502  0.43063530486300450  0.44043355595621242
  0.45010303492647835  0.45997270716571748  0.47030694223189673  0.48054818084312795
  0.49075316014157599  0.50158880349880575  0.51377678833120222  0.52637050495433335
  0.53783773214464958  0.54909205737197297  0.56026697957565075  0.57128407842252438
  0.58192197888442709  0.59211419839634272  0.60184591440551904  0.61146305284477587
  0.62115818589294347  0.63061993338481392  0.64019897672492498  0.65052066119529883
  0.66152075227526830  0.67194013116740969  0.68194983075323168  0.69224499066412137
  0.70307703197350335  0.71385683320100679  0.72462320755102405  0.73555102022000285
  0.74657862834386501  0.75778148200034889  0.76917223145574021  0.78003768135081397
  0.79039273723068226  0.80054510144546343  0.81156951874069916  0.82297151931813450
  0.83453011221977513  0.84620980752738040  0.85709862511204737  0.86753868779180821
  0.87801836234170549  0.88910277317254394  0.89991568477370665  0.91092498302831937
  0.92161157721999565  0.93189619746263253  0.94255938137993600  0.95328033445109839
  0.96409402116846776  0.97478839850619825  0.98630064762760239  1.00000000000000000
   61.850929532019975       -1.0000000000000000     
 F F F F F F F F F F F F F F F F F F F F F F F F F F F F F F F F F F F F F F F F F F F F F F F F F F F F F F F F F F F F F F F F F F F F F F F F F F F F F F F F F F F F F F F F F F F F F F F F F F F F F F F F F F F F F F F F F F F F F F F F F F F F F F F F
  <DiscreteSampler_grid>
  grouped_processes
  1 # 1 for a reference and 2 for a running grid.
  10 # Attribute 'min_bin_probing_points' of the grid.
  1 # Attribute 'grid_mode' of the grid. 1=='default',2=='initialization'
  0.0000000000000000 # Attribute 'small_contrib_threshold' of the grid.
  0.5000000000000000 # Attribute 'damping_power' of the grid.
 # binID   n_entries weight   weight_sqr   abs_weight
    10   10   6.227879305794640E+013   5.897227752128422E+027   6.227879305794640E+013
  </DiscreteSampler_grid>
