 -0.00238484700435487  0.00951309798927601  0.01917237834374689  0.02865771711386440
  0.03801817156792615  0.04754869474571913  0.05713749257830825  0.06744273308380434
  0.07809415319038447  0.08912992218751016  0.10080203564996322  0.11275123883273315
  0.12479599121259874  0.13569768442527483  0.14614930610548463  0.15626281127715877
  0.16661183573692612  0.17660441678869998  0.18659579307371810  0.19684198848499368
  0.20728535053174818  0.21750175139406333  0.22757347242266177  0.23723206029640151
  0.24661556544645827  0.25628198208389463  0.26586016717071570  0.27586048883809322
  0.28590833941763133  0.29641276572505676  0.30763510875111993  0.31800582026890006
  0.32874078167516779  0.33856334127383741  0.34811550732812252  0.35746517273952388
  0.36670309908892473  0.37565040699409297  0.38492324665802968  0.39494943458518245
  0.40556909067884228  0.41637555125805603  0.42739522485511156  0.43825408428510554
  0.44881547458594961  0.45921635449214177  0.47030721187706220  0.48179820600850526
  0.49318517846878007  0.50516242954795332  0.51682259365595762  0.52759219617306374
  0.53817220113285236  0.54949897626162880  0.56161768446818339  0.57357068236015774
  0.58542486422498685  0.59785706763044000  0.61033633778670138  0.62242596145974005
  0.63444916176083854  0.64578210606378939  0.65726755583732510  0.66862503585812727
  0.67926378726015113  0.68923998956912214  0.69916968486076392  0.70940522286723884
  0.71988964341850092  0.73037813583531708  0.74103395093263280  0.75221221961486373
  0.76327220850614175  0.77420016599160402  0.78512886648437064  0.79521645865205426
  0.80483471647432403  0.81410606933956897  0.82249997044620726  0.83113971587650481
  0.83986900572243517  0.84858337959555641  0.85735778759495118  0.86727595570769345
  0.87767410957728065  0.89032274586792470  0.90194314142674115  0.91289652846845248
  0.92422390743113014  0.93602423213973374  0.94768092646243351  0.95868784327907608
  0.96924511309061911  0.97941052355233305  0.98973936218063541  1.00000000000000000
 -0.00055760389863676  0.00591385866114958  0.01291667878363518  0.02038321236384549
  0.02829135757800529  0.03631325629489157  0.04467442077508500  0.05372429241794185
  0.06301173743819108  0.07220149610062387  0.08141500984580279  0.09109890250875086
  0.10119657791769932  0.11134346476024226  0.12136957170468782  0.13131505455257891
  0.14130729881545312  0.15156465185382628  0.16199634539753169  0.17274514452718331
  0.18415042299614484  0.19553586868691622  0.20650259432984230  0.21721254043627439
  0.22782039881254473  0.23864851729435366  0.24966113206821491  0.26067587804858300
  0.27173640993801779  0.28287506387527706  0.29433143800732942  0.30605021514851877
  0.31647776792377347  0.32629721458562938  0.33625421508218906  0.34588151066908712
  0.35530623311725962  0.36420924184547349  0.37319628148543477  0.38304188357180419
  0.39274832262593345  0.40229919189120611  0.41192997624075084  0.42143955073754946
  0.43097506797072765  0.44039584295960538  0.44959667511935542  0.45927096151560542
  0.46909857467941840  0.47909641656858054  0.48958723179217639  0.49995581846975956
  0.51012182075139567  0.52076573663479397  0.53280763338814552  0.54568063721271609
  0.55880302023592254  0.57215984028575595  0.58517100418977830  0.59796619283867358
  0.60941680512038987  0.62010890174141142  0.63026101113642874  0.64033028206768638
  0.65071049395389424  0.66139412920352347  0.67235060347745013  0.68313335396901009
  0.69376071840555154  0.70468429788890674  0.71609935553755122  0.72758739498944835
  0.73921851254997362  0.75112566912035161  0.76288002655464415  0.77418131754339481
  0.78431204253450870  0.79510559709972084  0.80579168533614454  0.81607293126636737
  0.82605918440106252  0.83640733362433162  0.84715315915565015  0.85786492596017472
  0.86860523463428330  0.87870403627354066  0.88835178165461115  0.89831037782467948
  0.90890174960311809  0.92010311895747288  0.93093708539828646  0.94185646364565856
  0.95289914177460655  0.96547398013547436  0.98072270833328112  1.00000000000000000
 -0.00852481575353001  0.02304360700073287  0.04679723699794142  0.07096281566748770
  0.09447811951469740  0.11678726386895226  0.13747236418128170  0.15717782154409421
  0.17731145380107355  0.19746029054046163  0.21760182913610493  0.23911052962337609
  0.26130683295305751  0.28303305974798870  0.30472210602345073  0.32635107487906095
  0.34822706879754717  0.37040843253018368  0.39252448868255962  0.41461289576789973
  0.43681760796414182  0.45899169914168381  0.48102879018789968  0.50297198059736414
  0.52480586728214929  0.54754944427695607  0.57068887747339603  0.59498745243535722
  0.61954119858317624  0.64518346724843711  0.66397112995337038  0.67504672668377164
  0.68869427710682696  0.69035497357138975  0.69202991345491505  0.69595629879135756
  0.70073039808621185  0.70545563025667046  0.71016426886260164  0.71488153236729912
  0.71964996113026802  0.72442104015637576  0.72915236099405245  0.73387595430092734
  0.73864008229357381  0.74342936909771151  0.74825702756522583  0.75307497426410075
  0.75792559192900166  0.76281149478688670  0.76763934264955636  0.77243360292743179
  0.77729948129732507  0.78220953666087645  0.78706044586479351  0.79193533302476149
  0.79686426251821063  0.80177937137031141  0.80669061504435913  0.81165749063357917
  0.81669745212105904  0.82176944727615808  0.82686991434538726  0.83202968095851249
  0.83718294433475826  0.84230424231250567  0.84746118831561723  0.85263301918887036
  0.85776554667869387  0.86292908374384680  0.86810381859735486  0.87319610248072110
  0.87831540763183624  0.88351137238475919  0.88875173274872121  0.89396477604392344
  0.89913667214210891  0.90428292941936794  0.90947974410109078  0.91473363718970480
  0.92001840361856202  0.92528336318802640  0.93060297974850992  0.93591294447690965
  0.94114899435865118  0.94637180462920467  0.95165131950407522  0.95698761166826585
  0.96237046830752648  0.96773442170512514  0.97310150631852732  0.97852880826092314
  0.98396342845463924  0.98932034189364570  0.99464436749695573  1.00000000000000000
 -0.00205299215234730  0.00800706715994240  0.01680435294160590  0.02624626035320900
  0.03598987048829087  0.04620186600606094  0.05789106533344066  0.06905806079406365
  0.08002904870898886  0.09083886550663677  0.10137022731138685  0.11203320300603251
  0.12267789995313236  0.13328361528669128  0.14377807691886657  0.15371061866601210
  0.16399917363443278  0.17434094833859265  0.18389842334783740  0.19317397489011701
  0.20197807326002484  0.21210946732160044  0.22330289405254136  0.23396100487748453
  0.24439435265165516  0.25487091538249596  0.26565245497922513  0.27562655129584906
  0.28521670461013710  0.29523240162777786  0.30567536214440016  0.31657707016001879
  0.32757990874129961  0.33866625952696872  0.34954094440361466  0.36064734849111285
  0.37171494234272334  0.38294950449351473  0.39358043934582476  0.40449534217287708
  0.41515919725920597  0.42548153527668164  0.43594246753409210  0.44683839703590539
  0.45896123102762010  0.47153969947060859  0.48333113634233654  0.49370899391670292
  0.50391467151974922  0.51389554702005336  0.52365818985302515  0.53380026247224011
  0.54465036960453828  0.55675159985982203  0.56807013839443754  0.57886460114556948
  0.58926431306390026  0.59966748347854282  0.61003982615148777  0.62015940805490344
  0.63032258052874102  0.64064441876267220  0.65041291191323736  0.65972728353953702
  0.66892834740457263  0.67870962639649446  0.68866693401361023  0.69864030745993533
  0.70851149512803679  0.71893284409949765  0.73006489891982551  0.74134565715898648
  0.75291738387686014  0.76367619615610993  0.77474081572046738  0.78555733598473554
  0.79578729581308882  0.80479291313612589  0.81426637350443110  0.82406044550657076
  0.83397535252722343  0.84409305022257031  0.85420680196364940  0.86560525771714292
  0.87712979280222236  0.88837283380845933  0.89980899134141135  0.91126302331171383
  0.92299711759836045  0.93349766427532055  0.94340189063745405  0.95308010902736995
  0.96324942704947525  0.97468174780991368  0.98695572402457366  1.00000000000000000
 -0.00283962633905850  0.00975446909929679  0.02062802167601302  0.03184917162020441
  0.04301082335849408  0.05438512395885217  0.06572698575859244  0.07737456621372833
  0.08810514440662380  0.09864262792894593  0.10861356451695417  0.11872614147735830
  0.12878205262116005  0.13849369962512206  0.14821054272106221  0.15739235079012234
  0.16670604220735077  0.17665223470483726  0.18763118204346715  0.19942256187522564
  0.21110306622596198  0.22127251758228683  0.23142759556749334  0.24230281660103065
  0.25292769752706012  0.26235178968134715  0.27204014435293267  0.28212532774014065
  0.29239201641043538  0.30266044774542272  0.31353071561340856  0.32487582025242306
  0.33564321091785904  0.34630519952965327  0.35651865624507784  0.36639262687241830
  0.37618250822739135  0.38589864856183587  0.39598116589324533  0.40614104767311632
  0.41555803211387227  0.42493205838509729  0.43464301318983395  0.44468629347503047
  0.45492695029859803  0.46541126866963983  0.47595945969454850  0.48557043025075830
  0.49524258076218652  0.50587278159075066  0.51702811648209002  0.52740639584009386
  0.53701349806256271  0.54659036040986508  0.55606030223753766  0.56524721618229357
  0.57448201845058899  0.58435421945067589  0.59459763781916852  0.60491938017516911
  0.61563959017550762  0.62625702267146122  0.63652011918845086  0.64657477820651321
  0.65689041743449250  0.66771807572920205  0.67852023253798843  0.68941510248175530
  0.70067482384166113  0.71188731222538515  0.72259920734244532  0.73323245946099724
  0.74405870361661930  0.75539777699532951  0.76797040244709613  0.78128502895875629
  0.79367582387020619  0.80468420761069348  0.81494706304627729  0.82513641787561687
  0.83565524666642910  0.84580708647381087  0.85618131097922001  0.86627003222417720
  0.87623411365706094  0.88662579083749582  0.89752342509956062  0.90806970419592425
  0.91848557937098518  0.92908437099266616  0.93930470347946993  0.94941176930003146
  0.96028526814727144  0.97307957656167698  0.98675989124355024  1.00000000000000000
 -0.00288157867918507  0.01001308791381916  0.02096006939784769  0.03136331442544592
  0.04135096561591784  0.05075815770929967  0.06000697754081970  0.06947520816993014
  0.07917030658048534  0.08943645991104994  0.09872320072535945  0.10807380530249727
  0.11792129470110507  0.12774450036229767  0.13778037354977801  0.14768710056120601
  0.15638098577935580  0.16514864219396164  0.17433912938453838  0.18356877353661596
  0.19307446500841702  0.20243451325085737  0.21246495008542243  0.22308813919041040
  0.23366618177785103  0.24453314811123991  0.25624293172337637  0.26839529940576012
  0.28010330586036836  0.29133170079094739  0.30261262918286175  0.31369132089365065
  0.32419395888594671  0.33443553296366751  0.34475403008381617  0.35542502384325458
  0.36566058043873434  0.37611100198271546  0.38691222955454341  0.39750066622484231
  0.40823247503777954  0.41970591875052737  0.43182865269485116  0.44305592426451718
  0.45359729060228315  0.46423854841614526  0.47473558630616214  0.48476190123303398
  0.49497382198321777  0.50594782638032598  0.51747415229698068  0.52877222269812718
  0.53969712886578081  0.55034635597477932  0.56050360292893497  0.57105466345969680
  0.58175177559903668  0.59301235914589645  0.60466114829658246  0.61773369609687434
  0.63085202888644165  0.64356886987476591  0.65550000550543108  0.66672491354710917
  0.67789382547123944  0.68880757802143555  0.69906274078063324  0.70902708065794018
  0.71882928644027488  0.72870715185612700  0.73849429637270370  0.74851896516417338
  0.75856525561832677  0.76880695662348175  0.77881337145103002  0.78868933305749367
  0.79850873094341646  0.80865374346809538  0.81884042912347155  0.82909557426928782
  0.83886812495366747  0.84884691448195304  0.85855928733273090  0.86771027211332186
  0.87669710962209990  0.88657618639396085  0.89697193633766892  0.90761724621878415
  0.91860770284197835  0.93098585256168698  0.94354029611741896  0.95545568434682748
  0.96757444328330877  0.97886959418944364  0.98945170672166860  1.00000000000000000
 -0.00241572226327125  0.00894547325033818  0.01863292064489743  0.02820710077052700
  0.03750329179206287  0.04739171508877451  0.05731610351645799  0.06759494857578521
  0.07672294774084031  0.08592590740571490  0.09567764584824250  0.10538285839584696
  0.11480266354133573  0.12436987998586625  0.13458541985649874  0.14513117821648219
  0.15565510626792492  0.16654188864582958  0.17790356052586678  0.19009074056801578
  0.20291879942592597  0.21420246654040495  0.22363345245649424  0.23334372413784715
  0.24253078772840692  0.25150900200231824  0.26018325217805927  0.26874394097442611
  0.27778044695160081  0.28748084265595614  0.29736376706581064  0.30720831062081899
  0.31677741351997413  0.32620029243350684  0.33584265661370399  0.34637533499764239
  0.35717400224542351  0.36816980416109341  0.38019772903900095  0.39253967589468480
  0.40428587451133635  0.41531074684797059  0.42631433311875566  0.43777177596673217
  0.44942387054349509  0.46049259163967865  0.47045795573394089  0.48047231095167392
  0.49120968922796993  0.50179728810423985  0.51181356724138516  0.52209939896560698
  0.53339798995228260  0.54548035797592587  0.55544956009132085  0.56608606652793059
  0.57668180821791704  0.58718280596395134  0.59661125190869502  0.60623097509510060
  0.61664336472916359  0.62704014426193599  0.63752729124045815  0.64838849744039617
  0.66053098600636539  0.67261050621250129  0.68434222083066309  0.69454353024082538
  0.70380561490474447  0.71354241837167742  0.72314070842971923  0.73212588492120834
  0.74077611976826008  0.74989932813022420  0.75987322661663148  0.77028181107155846
  0.78084737102670820  0.79149784648339261  0.80218278189036252  0.81289223428538837
  0.82386351853283868  0.83508273603678373  0.84641905122785643  0.85796486182987119
  0.86979951205760375  0.88242128151791255  0.89656067771462133  0.90835831222123764
  0.92026416659076737  0.93178525084805119  0.94326048094959314  0.95495504061384717
  0.96605060031360868  0.97736365853011742  0.98842466226644332  1.00000000000000000
 -0.00237890718483028  0.00904378103859325  0.01865346603834319  0.02973358360889502
  0.04091865845753325  0.05208475554974694  0.06346684328894546  0.07648957361387720
  0.08962451062233823  0.10182146909760638  0.11315248748005249  0.12428219059570292
  0.13581485618736347  0.14776555672361397  0.15964794668725865  0.17135118492663109
  0.18304684715305414  0.19444787269340336  0.20527463441113022  0.21573083045803529
  0.22618016206857247  0.23682885531213294  0.24790655226786976  0.25958834519196067
  0.27113983214857562  0.28206832803420939  0.29229131773059175  0.30178624959929956
  0.31138635584625235  0.32094600885602126  0.33092852078157176  0.34083917586091877
  0.35088739176707262  0.36141002787970472  0.37210514905105979  0.38224845520626699
  0.39166815793994536  0.40209706478698876  0.41261970827127775  0.42389706061112509
  0.43494908736679289  0.44626648414864023  0.45735607866406452  0.46780314572128839
  0.47805020188059316  0.48760946151116730  0.49705338582283970  0.50637532565975918
  0.51537463379051451  0.52486949167039076  0.53478181807378156  0.54488171941618035
  0.55486245097239617  0.56405831414933183  0.57353454825157379  0.58320098480721083
  0.59265249618834570  0.60170605009843681  0.61057632150854324  0.61940279625199413
  0.62849519035648738  0.63845185558877182  0.64938570042622723  0.66112947556996293
  0.67332558331585635  0.68556194230707046  0.69779022640979593  0.70945136255608621
  0.71965109695628915  0.72907979447074389  0.73874820358055926  0.74857839774407642
  0.75846094802967656  0.76746814391622620  0.77648631798165280  0.78667694836122193
  0.79647662215324688  0.80624472061086305  0.81648276435351674  0.82720872703578530
  0.83807204880437947  0.84888111385530884  0.86001821617199470  0.87161820796478984
  0.88288438869380581  0.89422926715837037  0.90640348176011176  0.91852919299353941
  0.93115672121624748  0.94291079674468814  0.95374559036984219  0.96305881978051167
  0.97217987554309748  0.98124538987237109  0.99054689709490684  1.00000000000000000
   60.975980495514825       -1.0000000000000000     
 F F F F F F F F F F F F F F F F F F F F F F F F F F F F F F F F F F F F F F F F F F F F F F F F F F F F F F F F F F F F F F F F F F F F F F F F F F F F F F F F F F F F F F F F F F F F F F F F F F F F F F F F F F F F F F F F F F F F F F F F F F F F F F F F
  <DiscreteSampler_grid>
  grouped_processes
  1 # 1 for a reference and 2 for a running grid.
  10 # Attribute 'min_bin_probing_points' of the grid.
  1 # Attribute 'grid_mode' of the grid. 1=='default',2=='initialization'
  0.0000000000000000 # Attribute 'small_contrib_threshold' of the grid.
  0.5000000000000000 # Attribute 'damping_power' of the grid.
 # binID   n_entries weight   weight_sqr   abs_weight
    10   10   3.124704420347126E+013   2.547399415358784E+027   3.124704420347126E+013
  </DiscreteSampler_grid>
