 -0.00205844543297685  0.00771298920062921  0.01667589440744352  0.02656781920606216
  0.03726300745962649  0.04805401737923071  0.05885946144310988  0.07031848871856623
  0.08257667460449433  0.09485816246432976  0.10701305827769841  0.11880575749860056
  0.13068799882660428  0.14282761260886290  0.15440300035820412  0.16560385843977754
  0.17712143162235250  0.18885717822474396  0.20072484734050650  0.21172277332962061
  0.22192704659670917  0.23206259377881436  0.24252963945889353  0.25248788688193385
  0.26180937224305567  0.27083447898819629  0.28032459351803179  0.29012287277092264
  0.30014228099204365  0.31055610257763089  0.32145262348865539  0.33202908044496082
  0.34182582487163338  0.35164870379924873  0.36152902046093810  0.37122904175557181
  0.38123037159653045  0.39180642595688664  0.40252353708220939  0.41282211921952633
  0.42279962667744764  0.43268123687097754  0.44261843898270209  0.45242399540297523
  0.46232564557232686  0.47202443019917872  0.48159141337742384  0.49174216135606152
  0.50280185949946665  0.51427620025967180  0.52521776834497225  0.53557994320693958
  0.54574748175226251  0.55615676599965969  0.56705528067658872  0.57827157965094977
  0.59004733413479338  0.60191019935232459  0.61307078640329427  0.62411340050291209
  0.63507159200585372  0.64576734320294060  0.65620684105871763  0.66688578824406475
  0.67826142699549574  0.68990224738145123  0.70164644423527212  0.71361588771926976
  0.72547307935566252  0.73681900374164566  0.74712891060589515  0.75655595042752832
  0.76550771977737153  0.77510916449523082  0.78547618578927558  0.79575361804360645
  0.80598547280589183  0.81654770810387867  0.82674400661354475  0.83658225491146743
  0.84612695647586889  0.85597795881920002  0.86607180046156762  0.87614246566771969
  0.88569912968075570  0.89527905792614337  0.90489179285719423  0.91429490726585327
  0.92406708355947476  0.93405787986996580  0.94482696554169687  0.95616530462845384
  0.96725365478378633  0.97830517969774111  0.98899960180183788  1.00000000000000000
 -0.00068591019526355  0.00707245213666267  0.01500568654881803  0.02319374544731526
  0.03163517370625927  0.04043139557050338  0.04981716169960454  0.05967840497211210
  0.06935517372098410  0.07880640151857332  0.08831830532830424  0.09790857128491126
  0.10721577654657574  0.11622700531236137  0.12587852664542823  0.13638885398340747
  0.14754168395361056  0.15919085820884510  0.17127500935237416  0.18338734851554939
  0.19463178400466988  0.20497852623398152  0.21528694527994913  0.22525922555946623
  0.23553021724872841  0.24570061648965436  0.25586514314872694  0.26630054873501685
  0.27726225595975673  0.28944132751306600  0.30167064946432598  0.31294048369482008
  0.32294110943877380  0.33273503535223586  0.34206896181188168  0.35150096394473185
  0.36056018533213774  0.36910747081260342  0.37763190806058083  0.38578338255543004
  0.39421218535248603  0.40353068284948107  0.41366326618649607  0.42366551756576021
  0.43394574383569928  0.44494036907203482  0.45578021039796301  0.46623238660308880
  0.47650759009893112  0.48673951575007279  0.49700129755622457  0.50727876774411573
  0.51737269439200684  0.52688829635863932  0.53629792725303849  0.54673468096758393
  0.55825466680806235  0.56966998946320435  0.58052789858224141  0.59120514149361392
  0.60182918664459695  0.61234931937036041  0.62309213298894550  0.63406592908077242
  0.64489783361845254  0.65555592458062584  0.66651934929589607  0.67804054863796237
  0.68965948397341426  0.70112219273551790  0.71252881475779106  0.72403612041417675
  0.73510563674491447  0.74513488079757439  0.75522610226196485  0.76552720203770408
  0.77550786207364442  0.78515196627191808  0.79501306729758792  0.80520259101333802
  0.81581154179478144  0.82561666994683935  0.83487102298541516  0.84443560915218563
  0.85544396772818665  0.86819840794595349  0.88332137621649265  0.89773200028152733
  0.90941868837497830  0.92044566796547289  0.93165613860293028  0.94264941421643023
  0.95404707958316026  0.96736201373753239  0.98298713709302121  1.00000000000000000
 -0.00834609775120195  0.02312942513745473  0.04698728448467025  0.07120357220853728
  0.09469860721803057  0.11705543434913809  0.13767224156482663  0.15743092436483910
  0.17738790677060701  0.19721084038117148  0.21680588211893731  0.23779631082610436
  0.25947645871767788  0.28102589651499371  0.30259956551599509  0.32428691641331303
  0.34625629836360028  0.36852785224775314  0.39068286784241874  0.41279772222733363
  0.43520729935537378  0.45762945073408540  0.48008083247889544  0.50237105436185314
  0.52451583129330859  0.54783598854003346  0.57151367384880736  0.59636937855006289
  0.62129577527013369  0.64643865672879641  0.66436081246156142  0.67648334768684304
  0.68988878787312857  0.69056981855356148  0.69238326506200076  0.69661612570971387
  0.70142994968022321  0.70620565992382844  0.71093998963447380  0.71561690446469517
  0.72030089322868940  0.72504347384420376  0.72983938782576119  0.73470401484310732
  0.73962329148831640  0.74448344218713935  0.74926270299937470  0.75410461718087407
  0.75897284981897506  0.76378754152159667  0.76860174749495858  0.77343983144047634
  0.77825912043070422  0.78310128008016056  0.78803054127645211  0.79300566304483022
  0.79794641013271816  0.80292828990587262  0.80793367982705733  0.81295768970122129
  0.81797906797642672  0.82302086608946712  0.82806728390809747  0.83318561130069424
  0.83833887331901313  0.84342691993057850  0.84849339669237933  0.85356119872003833
  0.85861786554359265  0.86361359062523113  0.86858885288455356  0.87357895014715470
  0.87872578102177923  0.88393752629848066  0.88919668070451274  0.89444666610557733
  0.89970788414413838  0.90493003231284430  0.91013283413989188  0.91533205890642688
  0.92060476893227305  0.92584498229272161  0.93104528117677576  0.93620329901825405
  0.94140876673135854  0.94668111785967202  0.95202929192277719  0.95738467885873446
  0.96272027880461952  0.96800357214685429  0.97334120751421072  0.97869549802863198
  0.98401189970506442  0.98930156381997036  0.99462156756232933  1.00000000000000000
 -0.00242288159522541  0.00913746122991418  0.01953462932881051  0.02986092968583899
  0.04014618549192368  0.05126997832087719  0.06232341047904263  0.07368493496972114
  0.08448660166584872  0.09664943639899103  0.10876216223963238  0.12064230000899137
  0.13194873949212546  0.14281860859049689  0.15405238998839255  0.16504831150072144
  0.17513724706596051  0.18470663255709632  0.19433320385781605  0.20433892011621088
  0.21455456439490217  0.22462235795543600  0.23539822607103716  0.24625602313941941
  0.25938610536927764  0.27179631094249457  0.28267158196278358  0.29320380329785795
  0.30403023298628773  0.31477783773011608  0.32523274508605460  0.33568056475805330
  0.34645532597894835  0.35705151232683852  0.36706004187190572  0.37661527236279285
  0.38586929305701040  0.39544901825365469  0.40555754291078294  0.41594725214116707
  0.42567412797668608  0.43514804695409864  0.44515164053071232  0.45585921978761729
  0.46645881643166570  0.47686671664506503  0.48734739499914137  0.49751782182212195
  0.50729481954524136  0.51676991678570927  0.52678334114070813  0.53693878203295620
  0.54713328383211690  0.55718538052278688  0.56828818000789583  0.57901884711745899
  0.58979646442506428  0.59991119414814342  0.61046344639884964  0.62111883400806878
  0.63127766387805073  0.64138421053512762  0.65174922033406546  0.66192274009958307
  0.67190297416311295  0.68184202479883360  0.69198877813625004  0.70350915401484859
  0.71431895037871229  0.72541628201883879  0.73510738024544797  0.74448689242705601
  0.75431780627166578  0.76494490609286925  0.77512810237453711  0.78493798644764656
  0.79539128252031610  0.80696045077214018  0.81844236588013497  0.82951375617700418
  0.84083591823684289  0.85204256189444771  0.86272724661690581  0.87279590540840046
  0.88302195021648877  0.89291862845041869  0.90262791732821923  0.91224481187590489
  0.92215075441662742  0.93253776944735745  0.94336005089049679  0.95538315679579955
  0.96628591975652245  0.97749211071298125  0.98824409169633853  1.00000000000000000
 -0.00281540215884430  0.01054461575329293  0.02106389875604691  0.03155690413039687
  0.04157050547034370  0.05079389244705734  0.06019668329669528  0.06909321737191247
  0.07795144214504916  0.08698177697673594  0.09612876505298563  0.10555106254041510
  0.11599690676882135  0.12665736909679234  0.13673173757389095  0.14641832835200322
  0.15625768408326007  0.16648534563287895  0.17709155314064556  0.18810758671447922
  0.19944407243120352  0.21024759549238514  0.22059328681727747  0.23078666242857973
  0.24118900195295906  0.25181036756435821  0.26236173987227362  0.27362702288213869
  0.28539552859583239  0.29718901926423374  0.30828246253466196  0.31979941856796956
  0.33167792919075151  0.34282446771730379  0.35319441833055620  0.36346513768425259
  0.37354373741054764  0.38375901645140836  0.39397081409434731  0.40397631441004023
  0.41491703901239035  0.42585640800535451  0.43727482760335989  0.44827117543875811
  0.45923760449677820  0.47035353840261968  0.48136878446328363  0.49192288319069949
  0.50142895737387883  0.50996545122201153  0.51860131990141256  0.52799234733205158
  0.53789375332531597  0.54777568296891421  0.55716528393377129  0.56687194281104247
  0.57757286937128349  0.58967606341606538  0.60303376388357999  0.61604760680186899
  0.62886623347692450  0.64150023623432406  0.65406290564317127  0.66645157816593670
  0.67755234616835835  0.68817629907390754  0.69804624826127681  0.70792155823673608
  0.71792850018876042  0.72805206996625804  0.73806538210470707  0.74798250247498033
  0.75803677719856610  0.76817429934329629  0.77793285977669380  0.78739782425367832
  0.79729409545333962  0.80742011225526866  0.81802836858219619  0.82807909803940216
  0.83825545886069042  0.84832885759462517  0.85809562382309956  0.86799922469423185
  0.87785369333575403  0.88771263016346047  0.89770005630218963  0.90779427254384637
  0.91852913522889734  0.92905594316373830  0.93930704349043825  0.95133552774402175
  0.96341879351256221  0.97603783559893598  0.98810262243744795  1.00000000000000000
 -0.00238325465229487  0.01002218085626487  0.02020249068664858  0.03121472161610977
  0.04223543752341873  0.05272155958786975  0.06365515987735390  0.07549669771752850
  0.08755193089943167  0.09960343393728863  0.11176724746096350  0.12382692945947234
  0.13478278529463014  0.14539664711187542  0.15585754798873419  0.16615005844280659
  0.17625459561402168  0.18703480990706978  0.19914679405503036  0.21201835548883952
  0.22457729753243522  0.23626657210437302  0.24748163064477416  0.25859424042134027
  0.26945183915166082  0.27992095139088874  0.29018989821813534  0.30042712663624133
  0.31123541981354819  0.32228253039053145  0.33372262362235977  0.34443987094602457
  0.35480073401477658  0.36476854907517314  0.37478102985945100  0.38460883950067615
  0.39461364619448636  0.40492287957334649  0.41559564223890916  0.42548506042413003
  0.43491179815069414  0.44489817674932841  0.45506117151494230  0.46533286180358902
  0.47541133439255445  0.48585470266038389  0.49680278987274057  0.50724717764441041
  0.51630746852880161  0.52511360632914994  0.53413693421005781  0.54398782922381228
  0.55426767798217713  0.56458564321077453  0.57482657532834835  0.58559777369105992
  0.59579161629033883  0.60558985703056400  0.61500510701287592  0.62487057938253521
  0.63553194180645345  0.64627649000366294  0.65633966433221680  0.66593483412542442
  0.67565257178953975  0.68550885950870843  0.69584128071015994  0.70672082173676898
  0.71925403073682226  0.73097759576185772  0.74115398055792514  0.75119461655290320
  0.76127263894253228  0.77103518974485719  0.78045061864457110  0.78997177851777090
  0.80033869810306335  0.81132635141888798  0.82180917101312290  0.83185956747444079
  0.84253974253736086  0.85280646611295663  0.86377652829236051  0.87427547272643724
  0.88546444861368767  0.89622346153782506  0.90674195109265643  0.91765757163618211
  0.92889618258954176  0.93951272058323732  0.94942621118233717  0.95906405973961528
  0.96936228303807226  0.97996759754416496  0.99018981308931875  1.00000000000000000
 -0.00210239580068002  0.00868297584443505  0.01756373456328535  0.02727455774988806
  0.03677646061669378  0.04651853427781663  0.05651036737029054  0.06661101244799542
  0.07676611864354113  0.08670948543179036  0.09636892245502018  0.10592468689104305
  0.11589581210233293  0.12572434536945926  0.13532756590282968  0.14546187387482976
  0.15661400208768736  0.16813803243613346  0.17969520354194937  0.19180652213662192
  0.20476407213574929  0.21809516053087122  0.23027960614485565  0.24108243523435663
  0.25141409211041310  0.26156167148273346  0.27125786029671450  0.28082167579836737
  0.29096308332567378  0.30301575928960928  0.31588634682214767  0.32837416854597867
  0.34121212392916084  0.35414813926713490  0.36743187636707370  0.37971717721247467
  0.39075159328234799  0.40107487155511756  0.41137729921432237  0.42173330801823411
  0.43186058522218274  0.44105548748980594  0.44995455175158372  0.45933627640788655
  0.46841132775679512  0.47675513920883594  0.48529836219121592  0.49430705775745593
  0.50421230898089853  0.51546870321575766  0.52573587192212201  0.53616324971525620
  0.54633969198350196  0.55708165368433271  0.56780479297609043  0.57841877267961694
  0.58874104890997048  0.59841189273950479  0.60867295055906434  0.61877018059422439
  0.62865945434385029  0.63845846440203313  0.64883737890360016  0.65901493406681977
  0.66866767384191350  0.67752189033990451  0.68715881984901994  0.69694892501783412
  0.70726891835865835  0.71826497168845060  0.73002449640627609  0.74184098010482358
  0.75400419322479650  0.76616827948993371  0.77763580559586576  0.78823359985486885
  0.79916201206578230  0.80901630039028893  0.81840030974843292  0.82805029724229584
  0.83878975634062958  0.85107673520269600  0.86306007570282284  0.87482861120432309
  0.88748538249203424  0.89958280298901105  0.91142100810866822  0.92302448161211537
  0.93458232738611335  0.94570473499093566  0.95628862781153623  0.96554689329342624
  0.97434535807874167  0.98287340031355919  0.99135988076360981  1.00000000000000000
 -0.00208483986410284  0.00845025406690651  0.01696552662343523  0.02590496462408408
  0.03514072133112775  0.04450719402755622  0.05411393285919401  0.06367222935868562
  0.07364749763789183  0.08389733398719264  0.09486589746906542  0.10643805031474292
  0.11914209787374314  0.13172222836908776  0.14355320226885560  0.15561573448749019
  0.16777229579583341  0.17971462744352457  0.19118658539134009  0.20091412918986118
  0.21037031415107024  0.21877030509200196  0.22781638055319378  0.23691177963090054
  0.24616556977125759  0.25556060769011474  0.26554711716966795  0.27605110699371743
  0.28742911821678063  0.29875477709383208  0.30959685753389976  0.31960341642817086
  0.32957818304235265  0.34016386511442859  0.35075512712975448  0.36038431791241959
  0.36920855722664681  0.37792413300044797  0.38688293046665295  0.39617003391268452
  0.40568298168514971  0.41557565929379936  0.42574859225873030  0.43580764465237437
  0.44560895656609567  0.45524096108582057  0.46495135368503149  0.47481645961534880
  0.48665163791265292  0.49867129219726170  0.51109334638116011  0.52285026891566189
  0.53417001932430819  0.54497107445415682  0.55570684657845804  0.56645015299185419
  0.57673811422770338  0.58660810610613112  0.59601652072664735  0.60541363841640616
  0.61499313574120740  0.62458145402663900  0.63474797927159909  0.64577578977806793
  0.65712540225866578  0.66799405170175530  0.67833839793528439  0.68893214749443088
  0.70017728775794397  0.71102104439062430  0.72109493691803228  0.73107526450542304
  0.74088828037904786  0.75079612534029727  0.76047288981203964  0.77018470812426576
  0.78025587205711489  0.79056323065441669  0.80110427936517581  0.81239750446110426
  0.82440938193727165  0.83694655847507549  0.84937200862073425  0.86146915500618393
  0.87341464218073550  0.88517589851709388  0.89658553498468396  0.90779505727096932
  0.91921401457100782  0.93092633182512341  0.94259125571338764  0.95393820138248098
  0.96538745775813473  0.97679248791599882  0.98854841923347914  1.00000000000000000
   61.212824004101272       -1.0000000000000000     
 F F F F F F F F F F F F F F F F F F F F F F F F F F F F F F F F F F F F F F F F F F F F F F F F F F F F F F F F F F F F F F F F F F F F F F F F F F F F F F F F F F F F F F F F F F F F F F F F F F F F F F F F F F F F F F F F F F F F F F F F F F F F F F F F
  <DiscreteSampler_grid>
  grouped_processes
  1 # 1 for a reference and 2 for a running grid.
  10 # Attribute 'min_bin_probing_points' of the grid.
  1 # Attribute 'grid_mode' of the grid. 1=='default',2=='initialization'
  0.0000000000000000 # Attribute 'small_contrib_threshold' of the grid.
  0.5000000000000000 # Attribute 'damping_power' of the grid.
 # binID   n_entries weight   weight_sqr   abs_weight
    10   10   3.414643378954089E+013   2.949291547778433E+027   3.414643378954089E+013
  </DiscreteSampler_grid>
