 -0.00319491754492445  0.01169508371587567  0.02416663467914808  0.03655376761585660
  0.04926094630516024  0.06162688913448715  0.07343263287167509  0.08459288230105541
  0.09528094919766006  0.10522600722513342  0.11455570756536139  0.12347132056463886
  0.13280074429652441  0.14213594732937845  0.15109087589686368  0.15994433067727865
  0.16844259565974137  0.17858845030665887  0.18861077741142029  0.19852991757834051
  0.20840390072378603  0.21883674430827671  0.22895594270751385  0.24019706890432818
  0.25064494269171633  0.26138640293097531  0.27236055580891372  0.28350020912076235
  0.29494962185919804  0.30660177002542399  0.31822518545999184  0.32973372572872994
  0.34130454216480999  0.35299620819700062  0.36576105712816770  0.37807644813798430
  0.39006714693367406  0.40196561764745758  0.41395238554817321  0.42589513329565365
  0.43717673978895866  0.44786733471824197  0.45821993307929887  0.46843405724002357
  0.47853769145740571  0.48867871898873760  0.49888489770048733  0.50950767767169203
  0.52057063666546810  0.53176881179619961  0.54240735789952932  0.55241784659078896
  0.56271019212012785  0.57379566116451930  0.58465578834737364  0.59452471939519203
  0.60388435613082125  0.61295924934611090  0.62208846553522956  0.63090451064908903
  0.63998969850933429  0.64945669272799900  0.65981292419080539  0.67016904241446207
  0.68091156931342822  0.69117254598841282  0.70075892453956778  0.71043701349352473
  0.72026118852861643  0.73065492419960332  0.74128516440676440  0.75172912433518579
  0.76116635823866730  0.77051030027320078  0.77969455853128189  0.78856488909600153
  0.79739010293931267  0.80639681011115460  0.81589717480408719  0.82598987013853875
  0.83584164536789440  0.84542749340960699  0.85510339023905180  0.86511581395745341
  0.87531177007579120  0.88581636155814114  0.89646178610771177  0.90743304114625511
  0.91884029670567180  0.93066411546759309  0.94278962581049264  0.95474588494521995
  0.96591022598438159  0.97701044930032799  0.98809990584839757  1.00000000000000000
 -0.00041245038083417  0.00580849616126811  0.01232422000653391  0.01932671918735623
  0.02715583708169169  0.03564574664566283  0.04463525740623975  0.05394334184130948
  0.06329415409018754  0.07283490433140979  0.08265650766331893  0.09291435114665765
  0.10318936550397791  0.11284856333465705  0.12251034239886814  0.13326079749840383
  0.14496565415783971  0.15659461027276633  0.16793762882920529  0.17928641117764971
  0.19050836532938409  0.20144119130680443  0.21243269539269058  0.22323750168989775
  0.23375481111906996  0.24347589650735882  0.25361338874676109  0.26484870305761887
  0.27592357260072020  0.28622450670330540  0.29637389877934661  0.30666762550387722
  0.31654898724625063  0.32571511604774522  0.33528967691194222  0.34585146858330179
  0.35633736114568293  0.36723323389788948  0.37786950940677194  0.38847083118169901
  0.39827923550148175  0.40764147886169344  0.41681339555442748  0.42624058178365376
  0.43609433515220508  0.44618256658197786  0.45668468365899428  0.46729727988834319
  0.47789100754215963  0.48831983676483187  0.49906244462487637  0.50999728374845432
  0.52047089407593938  0.53017341038151822  0.53992780180975786  0.55022555263160045
  0.56045538933347372  0.57014165889982682  0.57955615957663742  0.58940162948232133
  0.59995888025017063  0.61090308643479119  0.62134986524148239  0.63192212011412352
  0.64270081635865850  0.65375889808440901  0.66505191288493315  0.67658797054827768
  0.68824463275772585  0.69990023813022673  0.71141151012548398  0.72280295089608571
  0.73425272018890142  0.74541439116451458  0.75600726484355174  0.76625059739749990
  0.77710443171767540  0.78861176724009330  0.80000609031157555  0.81121031600313465
  0.82239692762741490  0.83387725364315546  0.84564216575422491  0.85771502612847050
  0.86977896453959258  0.88071908653390785  0.89081900107799872  0.90064420566733550
  0.91025072876244728  0.91983065058299218  0.92965069925440202  0.94045911929174719
  0.95296536974516799  0.96689898912415728  0.98277395281075763  1.00000000000000000
 -0.00857302432960415  0.01964794896581304  0.04358826872447845  0.06777541314763130
  0.09143649856607995  0.11429085589113289  0.13491730836983559  0.15444891414783890
  0.17455127319843575  0.19447441080868810  0.21412456136843433  0.23569847558987314
  0.25791729878176300  0.27994172058607669  0.30197279689632600  0.32401860651038655
  0.34617803944380687  0.36841945693374500  0.39075404717592011  0.41312863917104192
  0.43565544078424523  0.45817639222442241  0.48068967563363330  0.50285121467141358
  0.52488102289832683  0.54727679128358486  0.57001208495068811  0.59416095960278625
  0.61895149101475100  0.64483745039643159  0.66223264487013456  0.67531294264760156
  0.68765763394674362  0.69038934075304137  0.69176010407247834  0.69553912812134144
  0.70039808272343651  0.70514402453013370  0.70989864841396544  0.71467247337829842
  0.71945193921333073  0.72421037865791849  0.72896292579811617  0.73372839163754044
  0.73855979167344354  0.74347632217726456  0.74842639265248345  0.75331541372715816
  0.75815619039959370  0.76297966683901797  0.76777747824792830  0.77266138357322900
  0.77763257766439953  0.78257884923971432  0.78748837632592517  0.79247956989567592
  0.79751458776928108  0.80254965422137958  0.80758389771370465  0.81266266577258139
  0.81769091786360593  0.82265977582035332  0.82763346691035500  0.83269352110484984
  0.83776408265576374  0.84281182664465693  0.84793192649178739  0.85305498944897618
  0.85813419248234990  0.86318072920620692  0.86826237301056108  0.87338743644552808
  0.87848237373105886  0.88362466174149801  0.88886382229204963  0.89410792352587865
  0.89929281580225517  0.90448981148148277  0.90969293113336813  0.91493433583066430
  0.92016245561650456  0.92542073532564439  0.93072143905679894  0.93606503606854596
  0.94144544186642887  0.94678212367284598  0.95208985939835278  0.95735170859137753
  0.96259661211069358  0.96787922169387841  0.97315148433654663  0.97842900099609142
  0.98381487346917562  0.98924612044111604  0.99463754328755427  1.00000000000000000
 -0.00246191995186399  0.00902918168662253  0.01999407510115148  0.03133205332654949
  0.04370676741724454  0.05621702483712414  0.06844095119003102  0.08013654572105050
  0.09095241354060855  0.10170335377030397  0.11149479126161117  0.12160924849237510
  0.13213142694928465  0.14268815312201746  0.15279887965360889  0.16308233996729940
  0.17401239644051983  0.18467787210023248  0.19415532858341447  0.20302268927916081
  0.21230902255632006  0.22207650211887270  0.23141410144394414  0.24074744702144102
  0.25020370570249745  0.26038629738169161  0.27061496176648048  0.28042499837488372
  0.28988145815973126  0.29893976977858561  0.30775208951912175  0.31657444043974381
  0.32533822138745316  0.33465217220930443  0.34559163343837263  0.35751068517948403
  0.36933395356126131  0.38117158760589176  0.39338638828004985  0.40574580226745321
  0.41839091266785444  0.43115342080995372  0.44428520709566327  0.45739346580147672
  0.47050303253520764  0.48309504426682481  0.49479313307104755  0.50583015060008674
  0.51649301291031047  0.52691278834802835  0.53711731789424433  0.54707901959116401
  0.55672438977486527  0.56628071677275116  0.57611700578244629  0.58640077425082116
  0.59703206977907142  0.60760307793868640  0.61783205810051878  0.62759291150384700
  0.63715522373441869  0.64722285130386104  0.65784300321897637  0.66842463522749296
  0.67872983698284850  0.68888884531618966  0.69913116373810091  0.70991917082430056
  0.72097655410514627  0.73204139639182098  0.74256675664211946  0.75269233692961568
  0.76245808175603147  0.77248689170933149  0.78253499505254343  0.79238973125500090
  0.80162278531027920  0.81113255507721327  0.82093285888062928  0.83089670869081356
  0.84072786389547183  0.85077088100328346  0.86082600150732347  0.87080796710691843
  0.88084804413333229  0.89117434972112552  0.90175527550703649  0.91203277233074997
  0.92232024147138991  0.93317320680936966  0.94424681855934733  0.95596271954728873
  0.96756575948019785  0.97903798296221489  0.98949769189265069  1.00000000000000000
 -0.00256363530290669  0.01007094859043441  0.02001968169408534  0.02942431588560315
  0.03844670907087910  0.04812457044535033  0.05751700336820711  0.06709070524890740
  0.07629423378225386  0.08547559899748081  0.09614665396699665  0.10691403104190961
  0.11741183432318578  0.12749332047142573  0.13917098540858397  0.14966272004829748
  0.15935479700882696  0.16881206928586365  0.17861139254004907  0.18894333523740206
  0.19920201918919819  0.20933694093317443  0.22095953530283616  0.23206769515833334
  0.24267478015505900  0.25309904115913084  0.26386679317694067  0.27447422266552357
  0.28429801226973955  0.29431766020707295  0.30458687620510128  0.31485493564390038
  0.32432173184386676  0.33344814058058170  0.34341115012862877  0.35358059470775594
  0.36406699302203122  0.37450703972264077  0.38577108629505608  0.39659081537492091
  0.40757961886858718  0.41833575791921607  0.42935477751505513  0.44088823964853541
  0.45222970836807097  0.46338022544611229  0.47339273313130498  0.48366498725358598
  0.49422338233908086  0.50460614052517327  0.51525521667249208  0.52541551185195512
  0.53548984040305736  0.54522905672143140  0.55439546967869380  0.56387123848613452
  0.57313600861772340  0.58299101427195910  0.59338042326426410  0.60405845390239377
  0.61526127033860878  0.62672056299934531  0.63808283595138127  0.64938023872615291
  0.66010479351372076  0.67011321272560664  0.67928955336497576  0.68869584077795098
  0.69907197429109280  0.71020254147175310  0.72183031991870472  0.73384266036222956
  0.74624162146241624  0.75775924467393041  0.76870516631346630  0.77897159393728643
  0.78832709261658307  0.79732396273432493  0.80634140441709778  0.81600737884533825
  0.82640230503198187  0.83674441985676673  0.84735062923928750  0.85847880672691612
  0.87139589107564563  0.88457334557513512  0.89845781996521135  0.91286337202478907
  0.92530272577627670  0.93705044654632097  0.94756728803626766  0.95837529104886909
  0.96908824615533518  0.97936346476020741  0.98969873200414771  1.00000000000000000
 -0.00208485432883730  0.00804063384694182  0.01676874548673567  0.02605515617791109
  0.03629728236851435  0.04733922990917953  0.05816730969586235  0.06924397250127820
  0.08043077961924178  0.09148116915871396  0.10261615930797627  0.11362395897353722
  0.12385361812518701  0.13402294134202408  0.14348950360074805  0.15340806057417289
  0.16317474774656068  0.17484487302886886  0.18731657128887641  0.19872268821524258
  0.20963872820829210  0.21983604065080573  0.23039117498584835  0.24108202802891138
  0.25146010215453057  0.26184249080183064  0.27237248587650825  0.28373560109004820
  0.29512780115130871  0.30490141827546186  0.31486709788412576  0.32373302188376690
  0.33265833876333839  0.34172627307264986  0.35091250465982682  0.36073793858368169
  0.37117523628836330  0.38185461784968300  0.39303801884751766  0.40401454520377872
  0.41468577543154062  0.42513271320653806  0.43545777078333847  0.44545560475274149
  0.45570461592609768  0.46614949696549934  0.47645073621549611  0.48635550598694699
  0.49621853085576084  0.50703235768153032  0.51928766237115342  0.53247874069205370
  0.54610158519774188  0.55876389211643829  0.57020140434819566  0.58118210890534150
  0.59277381034021115  0.60447867847297221  0.61509653763098360  0.62561532226060246
  0.63599922412598631  0.64667111883541106  0.65726063954039238  0.66832559940836267
  0.67933781317213826  0.69070583613253489  0.70220007753671954  0.71308344965469572
  0.72345956533306433  0.73413137732676215  0.74488707519877717  0.75493208483455787
  0.76431495805743999  0.77387823218213725  0.78401375957887864  0.79409742305794817
  0.80380603830184238  0.81395904597482349  0.82483959185104039  0.83555545942960152
  0.84575725236504640  0.85617339883509791  0.86696845869713668  0.87755841406268209
  0.88761244765322678  0.89731906761262603  0.90733025420987512  0.91766743612198021
  0.92801604083705236  0.93756923484211818  0.94787547359248348  0.95811857773726328
  0.96873405283257474  0.97885883269874396  0.98946362383053610  1.00000000000000000
 -0.00253761312962912  0.00954053745418972  0.02072391479358815  0.03146487772274771
  0.04269254900131038  0.05337974700235736  0.06364701517266595  0.07332682401074000
  0.08310116565209499  0.09343531400309799  0.10308065227006137  0.11267691348663081
  0.12201588197052426  0.13146886038749100  0.14078848204457542  0.14991253903030402
  0.15937448615936800  0.16942828849996289  0.18029451947595876  0.19145183963206952
  0.20231479654263884  0.21337716734587886  0.22406163329405560  0.23446815741148003
  0.24475683607050372  0.25527187278366714  0.26543920495716766  0.27574674451115072
  0.28714323556224819  0.29981784346742579  0.31194072538155898  0.32288919569402530
  0.33354567067719837  0.34388951114112870  0.35402376025520615  0.36388126953053029
  0.37393339558269123  0.38446370323954804  0.39513278309759459  0.40554286060250833
  0.41598135262535990  0.42614070742327320  0.43597002195497775  0.44519510498621961
  0.45413592187590651  0.46355414220279267  0.47339631550585071  0.48353235273322021
  0.49392654608739711  0.50462371733260658  0.51589284575778971  0.52697596451010986
  0.53807689918351098  0.54859184319944865  0.55868630573184863  0.56847189000857379
  0.57851728743773434  0.58926631320801770  0.59991710756783667  0.61072944464031353
  0.62193542950223479  0.63464511878435703  0.64743546850632339  0.65933735508249081
  0.67126971735246765  0.68316767745513685  0.69461482272041553  0.70590641453242553
  0.71715644295240788  0.72877328782274231  0.73976875026107303  0.75039351664503784
  0.76160512471998809  0.77283074173940380  0.78335666251922287  0.79382158925693369
  0.80400363926557294  0.81401654248423705  0.82422876690866487  0.83557776151716368
  0.84748265154233493  0.85877626083745062  0.86926308418444431  0.87927687329296977
  0.88892962857820923  0.89873324747089334  0.90911471287754131  0.91901297007898952
  0.92794943641947025  0.93681290691861840  0.94658531757064679  0.95686036685503606
  0.96643216142146815  0.97658089506636780  0.98787022777993783  1.00000000000000000
 -0.00229961287562437  0.00919302133813527  0.01989788876974084  0.03134722870152932
  0.04390632770871835  0.05614139338778789  0.06721436879585091  0.07737008649008632
  0.08741164299421005  0.09730837716251445  0.10747029177759788  0.11783962051358816
  0.12943769127261337  0.14065558309776796  0.15141376136404761  0.16196089460875374
  0.17230989119326440  0.18182674279865510  0.19138646476283033  0.20101544201421820
  0.21133203083884100  0.22195781824342736  0.23343650030289426  0.24610029301767633
  0.25822163261239001  0.26980236101139665  0.28036889042755786  0.29093492818771799
  0.30133944544584390  0.31155185731476981  0.32135692129954124  0.33137121217318644
  0.34196877872026787  0.35255695176991986  0.36293822839074791  0.37361292176687738
  0.38483956069318598  0.39586278708563843  0.40550407758640972  0.41495861595805528
  0.42417900439409556  0.43369904211068638  0.44399935006206609  0.45467346445269835
  0.46531822587668153  0.47637878032046582  0.48737823795728580  0.49800767681137581
  0.50796726875387743  0.51781311801918251  0.52780200322100901  0.53716003183821137
  0.54661210252207626  0.55661169262586230  0.56737023912878171  0.57781776681162555
  0.58844453076984771  0.59929638790326212  0.60996142565947298  0.61999987788225763
  0.63086618230783387  0.64092528761732637  0.65198936714826139  0.66230660706368827
  0.67440331426155842  0.68646266975757064  0.69881352910251759  0.71148632517231047
  0.72395478695268745  0.73619546060682062  0.74769425563420189  0.75794926900166204
  0.76787359148268519  0.77839520277290342  0.78918782910834795  0.80011881060460632
  0.81089316089721319  0.82212308986206251  0.83353596349944825  0.84502414249728586
  0.85662730403544651  0.86761697943224381  0.87847274540099474  0.88880477083892706
  0.89846874735148219  0.90716474686859938  0.91578306318117808  0.92467058100825528
  0.93364040464313947  0.94292394784511646  0.95231041530760185  0.96171515098090854
  0.97118480680493979  0.98050684068033578  0.99005754003498536  1.00000000000000000
   60.229123198157581       -1.0000000000000000     
 F F F F F F F F F F F F F F F F F F F F F F F F F F F F F F F F F F F F F F F F F F F F F F F F F F F F F F F F F F F F F F F F F F F F F F F F F F F F F F F F F F F F F F F F F F F F F F F F F F F F F F F F F F F F F F F F F F F F F F F F F F F F F F F F
  <DiscreteSampler_grid>
  grouped_processes
  1 # 1 for a reference and 2 for a running grid.
  10 # Attribute 'min_bin_probing_points' of the grid.
  1 # Attribute 'grid_mode' of the grid. 1=='default',2=='initialization'
  0.0000000000000000 # Attribute 'small_contrib_threshold' of the grid.
  0.5000000000000000 # Attribute 'damping_power' of the grid.
 # binID   n_entries weight   weight_sqr   abs_weight
    10   10   2.661350249896320E+013   1.930332390502075E+027   2.661350249896320E+013
  </DiscreteSampler_grid>
