 -0.00234633275498189  0.00888487452539460  0.01857523519496610  0.02951131592803198
  0.04031234362019204  0.05084253285504024  0.06094326852492970  0.07068174433178018
  0.08019955211887698  0.08973037125956398  0.10003127563127767  0.11133129437537193
  0.12300149526706709  0.13487837728756585  0.14647111811558794  0.15718020092179577
  0.16691183302711909  0.17715703790364065  0.18727638697450949  0.19675840998703467
  0.20614394202863554  0.21596339163018247  0.22545293291726931  0.23452934874154360
  0.24346474295483433  0.25291887621637016  0.26285672620862965  0.27317696017146459
  0.28379216580662653  0.29427106406474057  0.30496357827878101  0.31484442920288741
  0.32460997523090529  0.33500108958434527  0.34545616350507946  0.35576221632324434
  0.36592133174975350  0.37623353672688858  0.38720470433745768  0.39860827057031356
  0.41013867530281373  0.42170267770473535  0.43268339519169086  0.44357542564265440
  0.45462284350829552  0.46572436090611308  0.47663961225079843  0.48741368979664962
  0.49862065382807053  0.50937112786152505  0.51950881408837224  0.52926858360481088
  0.53913691546241771  0.54895897139358907  0.55909153991390348  0.56920196742344142
  0.57946459642787951  0.59017756237920527  0.60141103080924352  0.61211025261661633
  0.62232558681100525  0.63283004558240241  0.64298153993298524  0.65293422479942864
  0.66302458436861855  0.67373112197251395  0.68531685873660964  0.69710120980424650
  0.70869796469450586  0.72050082891430045  0.73195091334349505  0.74309017157262047
  0.75407106875261176  0.76514110622764719  0.77578572810146806  0.78588729012292724
  0.79613687769578945  0.80646603797975769  0.81699600608863521  0.82763504649227326
  0.83892419359147408  0.85128536815121925  0.86286808749807264  0.87423150930844762
  0.88494067130123666  0.89557802155205435  0.90632854260959239  0.91697320625534051
  0.92716368546029249  0.93681732104974169  0.94612655430316539  0.95541823616930166
  0.96590349105845696  0.97734568122662635  0.98845492860393003  1.00000000000000000
 -0.00053326224554572  0.00645711517884926  0.01358993866924656  0.02105027483826602
  0.02915305185609554  0.03797743310706911  0.04744833045429392  0.05660803783494624
  0.06625172367474920  0.07562620449171123  0.08574364041174999  0.09677316372178708
  0.10797540610755377  0.11900088573206283  0.12987385652845501  0.14068772204068541
  0.15110667810075365  0.16109936426936458  0.17148411878656733  0.18234345582596176
  0.19287151278995956  0.20265112443041711  0.21268042378472365  0.22313354937763549
  0.23345608936292256  0.24339981655157231  0.25361019873551766  0.26364076329868774
  0.27368118874983410  0.28415681403795484  0.29606823863120157  0.30795272612001651
  0.31882508349020955  0.32937153678136977  0.33957177486793411  0.34959373421223505
  0.35894171547613729  0.36820367743634330  0.37813827826369883  0.38857787543014410
  0.39929950675053161  0.40982776505879248  0.42084890083333887  0.43225624537141111
  0.44471120816879922  0.45708179465710719  0.46684854154752536  0.47633697032139050
  0.48499042927835539  0.49336065414964825  0.50195215488447065  0.51041310466358270
  0.51895641927886105  0.52824731439901906  0.53798958185087487  0.54869065620752278
  0.56025893517207881  0.57193988096316339  0.58348018401484070  0.59473410579586861
  0.60549248140426437  0.61554249713474640  0.62580212032148330  0.63607666725339274
  0.64687255867830207  0.65782236753926748  0.66846585410515513  0.67952690574239782
  0.69078200264121237  0.70250496198825096  0.71372785299948904  0.72513155939626295
  0.73683015224114834  0.74998015109948934  0.76138997628505156  0.77286972891354355
  0.78264702168093947  0.79286749827113423  0.80191211363316217  0.81089546277895863
  0.82028485605727375  0.82998827286137900  0.83982367963853577  0.84940455715675456
  0.85923758777325066  0.86984860451960033  0.88022360958163626  0.89043437460759156
  0.90108445296554351  0.91271246123482042  0.92469725149982518  0.93705744536491620
  0.94963058441898407  0.96331576934219709  0.97927630624024786  1.00000000000000000
 -0.00864266286206219  0.02086271313229825  0.04503049117103497  0.06972097217082618
  0.09360140747841185  0.11610920400303443  0.13682448541674500  0.15650954589459382
  0.17651614826707654  0.19658355734281233  0.21675420590326674  0.23839555220803182
  0.26080559300090012  0.28289778052376124  0.30496690035443358  0.32701528499035470
  0.34923115700257068  0.37163375706741270  0.39395966091943585  0.41625755382107471
  0.43843394956848825  0.46060408294146449  0.48275912622086570  0.50482059092135079
  0.52681465684771789  0.54953246403283229  0.57243304789726257  0.59595181763176963
  0.62000058142932235  0.64532554702564193  0.66209227310981011  0.67404995355323827
  0.68831174842175147  0.69031527365041856  0.69175665593138069  0.69554802389958137
  0.70039980329421148  0.70514838977306038  0.70992367673031054  0.71469772411334165
  0.71945702750917429  0.72423183988743012  0.72904836836504683  0.73386165086016675
  0.73866788779341330  0.74348084238049539  0.74836907520928675  0.75330939335203750
  0.75819810148600997  0.76304911524378605  0.76795322556911971  0.77290152471881501
  0.77781139431908597  0.78275453159284780  0.78773565904721221  0.79273720884869336
  0.79761324213036922  0.80258753797067528  0.80764152345362961  0.81272208172642213
  0.81781735273983813  0.82286929218593052  0.82786691276333835  0.83294965627380058
  0.83807250850570181  0.84317850538921513  0.84831786004275156  0.85346051468232276
  0.85852215562692913  0.86356576975959765  0.86858614963507763  0.87362512815237081
  0.87869915041685898  0.88381256673319775  0.88893013552879241  0.89410759890334279
  0.89929187435073143  0.90450483120249936  0.90972990319752056  0.91489955392119438
  0.92001946330802353  0.92515036764194325  0.93031706773305445  0.93555961099750262
  0.94084807334049447  0.94619737232806611  0.95150314475427067  0.95682120223073097
  0.96221818361363920  0.96755963597032490  0.97291564550676402  0.97833359483899884
  0.98373390686277984  0.98910178852152031  0.99448767769708057  1.00000000000000000
 -0.00247578294086316  0.00946567414452523  0.01989935405969633  0.02925503469945608
  0.03905942588337206  0.04919406336428851  0.05990991261734614  0.06898695019153032
  0.07778616945658275  0.08715747733969281  0.09764095513159389  0.10775317284833495
  0.11735970305509720  0.12766992248331724  0.13874901770457118  0.14947905266307093
  0.15984843706407689  0.17008630179269707  0.18004828813849325  0.19011398565006862
  0.20003958344323350  0.20951300033300074  0.21847083725693894  0.22798360367309037
  0.23931447652283611  0.25167789727968254  0.26219098482784492  0.27261526572340394
  0.28265886329348611  0.29294854233478218  0.30366834097701961  0.31456769364750548
  0.32530795708279020  0.33588909650426241  0.34678301781760618  0.35773133599444590
  0.36862570239778997  0.37997726346800076  0.39146311117698351  0.40241329398743736
  0.41239093177342434  0.42172398057042804  0.43093975485943431  0.44081806587201161
  0.45147870535140833  0.46246651225438418  0.47368240969312780  0.48482528651782558
  0.49614107586841211  0.50802056757874803  0.52048074956803192  0.53269380451012827
  0.54403555292813988  0.55560351662685503  0.56616625511207352  0.57638887597073118
  0.58708333041491656  0.59771511043948611  0.60808357994659967  0.61886161451203359
  0.62956393120352583  0.64183801768590298  0.65333925314271102  0.66456454363567585
  0.67428241288347268  0.68432038304422338  0.69534138285218050  0.70741486866740677
  0.71846445766876910  0.72937640635822409  0.74010830052743948  0.75113724081562638
  0.76120497102112605  0.77101141340569979  0.78036481030988381  0.79005461858335491
  0.80048343335061878  0.81079092466116942  0.82021572913117724  0.82956063386451961
  0.83968604693609328  0.85054928319094714  0.86103675921382106  0.87121501539265411
  0.88176921366579575  0.89259752104237222  0.90304238374990564  0.91303678762205542
  0.92335586994460117  0.93456379321723115  0.94576561183398844  0.95735461709955683
  0.96804300501736784  0.97916805199604318  0.98937542060117134  1.00000000000000000
 -0.00360895764483176  0.01171318395706304  0.02346914051351676  0.03386969416711661
  0.04432827032192720  0.05535760399747096  0.06676305185328611  0.07794115896062423
  0.08871496224976390  0.09931603065796347  0.10956785713981534  0.11960277290663551
  0.12937251475180381  0.13860097521145281  0.14734951697371124  0.15576441122834825
  0.16429413579081431  0.17305830365266278  0.18186060985594099  0.19081290576771145
  0.20023583533522693  0.20991974157981277  0.22030044069074439  0.23095003096388078
  0.24253183239415596  0.25408643802602304  0.26536847716701811  0.27622958945494963
  0.28738517751298809  0.29771564129259759  0.30841994950720403  0.31857894644815404
  0.32921817186600910  0.34008316284748169  0.35121423826224896  0.36213903037922751
  0.37245764034594026  0.38234515079301812  0.39215238178568113  0.40199030651791900
  0.41157635709930784  0.42125507346116642  0.43112736929587958  0.44133855454539644
  0.45197439517450272  0.46346320303126670  0.47581764084335382  0.48938322557966796
  0.50286720856870748  0.51597903293365821  0.52919715954372437  0.54182440630532414
  0.55378540229852058  0.56497597493106722  0.57580091095856578  0.58589094396258490
  0.59561643051726409  0.60555648614866775  0.61611725508930371  0.62780973225502823
  0.64008387247764786  0.65261887277598485  0.66523074437587482  0.67757811192643513
  0.68925256913677446  0.69993332290410282  0.70972435860618321  0.71915366760214283
  0.72860943291430946  0.73808428487604516  0.74748210078400246  0.75711774322861358
  0.76713331202255430  0.77771919469773398  0.78870474173370697  0.79957273190022571
  0.81013328534765650  0.82028815335244154  0.83044254769509451  0.84050437482595952
  0.85013512484121156  0.85956002992012248  0.86882419570212888  0.87892880467250167
  0.88990470203603278  0.90070354775271455  0.91100669014373581  0.92107027650065187
  0.93081322195576577  0.94028098771683555  0.94974364164687175  0.95948464999137872
  0.96959706095659892  0.98013546895369597  0.99000644897171630  1.00000000000000000
 -0.00236893542168666  0.00872382315828973  0.01846072769617259  0.02855568308485598
  0.03890925469248080  0.05096672843611617  0.06319049636301702  0.07488451145787164
  0.08552580655983198  0.09505654780036586  0.10425474823432671  0.11360172470966823
  0.12338328883774929  0.13258321426384800  0.14137849820111173  0.15064149659643833
  0.16026974484550874  0.16974798234571017  0.17954194995653516  0.18942798483432119
  0.19967907511850763  0.21029889747689989  0.22130672281944522  0.23243389253320168
  0.24308641688287214  0.25349155262498807  0.26383131194170895  0.27458261185462240
  0.28570551553182211  0.29627762270102465  0.30632992224795075  0.31644566868267443
  0.32720952927046332  0.33777233281929020  0.34831957108248646  0.35896866082784368
  0.36931107794445783  0.37945492708479156  0.38976658007124865  0.40062526474584048
  0.41221212633786786  0.42464538289893122  0.43726806906112781  0.44754299398325259
  0.45755752362442143  0.46773386911287379  0.47832500041969106  0.48846152792965214
  0.49871764214520925  0.50957266530953260  0.51992604538811316  0.52999401474748420
  0.53997895697899845  0.55012019056929584  0.56039077503001633  0.57105390350684304
  0.58153062118640531  0.59171050375963130  0.60183668588055006  0.61248947940660747
  0.62296169298894144  0.63390860100155211  0.64516601129869433  0.65682685686712017
  0.66814905160237514  0.67920262509914964  0.68998105758431938  0.70099794323786258
  0.71156898185125361  0.72249260818028405  0.73360312240535908  0.74494097217279664
  0.75578126175139870  0.76621650570210120  0.77629688574371858  0.78599129976498050
  0.79510717268714959  0.80368794980239644  0.81272405007510007  0.82270020790238207
  0.83320021950892587  0.84389321141446882  0.85514412827949249  0.86759104967752487
  0.88077913366426996  0.89321080814623854  0.90471546821607551  0.91519793781269321
  0.92637890902465947  0.93746734079065086  0.94861285639052839  0.95956684173817075
  0.97076652523521656  0.98136625200065264  0.99082017182754623  1.00000000000000000
 -0.00306185973073643  0.01136411642553495  0.02327892412720935  0.03495485159044044
  0.04628771021735929  0.05729105202681237  0.06836853677848767  0.07903242085470649
  0.08936201343059111  0.09941523334245056  0.10973617156058962  0.12023868318975790
  0.13080815741998450  0.14165487812867122  0.15326783601717076  0.16565631255254851
  0.17790437580546337  0.18916335483468089  0.19928454624174424  0.20890865524317290
  0.21843683798440949  0.22761697182709498  0.23636548860492090  0.24494292069066487
  0.25468219489212474  0.26500701291012335  0.27475986579020584  0.28423535839736042
  0.29423319436774453  0.30466680159671017  0.31478522254695485  0.32429002968222709
  0.33466138984495547  0.34533706154581567  0.35567917294996426  0.36517274161753022
  0.37464533490175417  0.38475600326631004  0.39539522562024970  0.40577434065772922
  0.41572960560134076  0.42583900299268918  0.43619223411200153  0.44646364840847524
  0.45654941862211179  0.46682458680472505  0.47713888035242769  0.48721129445018968
  0.49688689845347528  0.50644929751939405  0.51624941791002965  0.52635133709406901
  0.53621094815472525  0.54634397141975055  0.55646222772935272  0.56859039114142129
  0.58131867085355438  0.59299460936728143  0.60401803416511357  0.61481436406723688
  0.62538998934519652  0.63537408002017326  0.64516029150310650  0.65490196786137700
  0.66419573479404348  0.67359616672290279  0.68269730039736942  0.69226238381325722
  0.70211705575179717  0.71253864038593284  0.72320590666512230  0.73410567863313003
  0.74497449267578686  0.75639520855331455  0.76808453140751809  0.78032198467615765
  0.79257935945981517  0.80443366864321997  0.81611744237079220  0.82766768618140918
  0.83845658267627055  0.84877776701666374  0.85972154880445872  0.87112179306907245
  0.88219529066182045  0.89265695896979680  0.90313337810105487  0.91393900299835140
  0.92484673962201591  0.93549655079067351  0.94664334989506993  0.95754135794989104
  0.96849460382678065  0.97918018764057391  0.98946257248632075  1.00000000000000000
 -0.00294602004926595  0.01106921659946147  0.02232731139148171  0.03262980266127960
  0.04292002021473031  0.05369097369064207  0.06445572004879460  0.07383381683435494
  0.08375600505281280  0.09383202125785144  0.10443760456642263  0.11498692445469330
  0.12575460234223693  0.13647599138015018  0.14692350893192399  0.15709444588787211
  0.16706920545583748  0.17740041065488568  0.18807286004822871  0.19976577842702908
  0.21127418102538759  0.22292959482314209  0.23408904474260164  0.24472126214206316
  0.25536924404510475  0.26583557683511549  0.27623178511782553  0.28654857250725263
  0.29790102117046707  0.30866961446040736  0.31860350661037151  0.32782182348696198
  0.33806122776477321  0.34868337679032746  0.35842124695832067  0.36802189073945829
  0.37782079475944030  0.38892705236581870  0.39960578498350496  0.41006595686586289
  0.42023816097780731  0.43057145691606219  0.44105648608831427  0.45157614401961582
  0.46305511773412644  0.47491016451435636  0.48704759166958972  0.49894636022613054
  0.51025548684179023  0.52145857008303620  0.53284414445451445  0.54441089758057015
  0.55556122101300809  0.56579380614422514  0.57553258193611356  0.58529532453193100
  0.59511519791516143  0.60505625558091947  0.61545960532175947  0.62635062190470248
  0.63734983591529548  0.64809603616200750  0.65851541673186487  0.66935963351936967
  0.68035023097787228  0.69196418792172520  0.70371345817672015  0.71511437875621420
  0.72597848002843868  0.73579957493365711  0.74509466708056338  0.75439589390386053
  0.76389174942440563  0.77333385805861898  0.78295064155808236  0.79256127057112036
  0.80333414104935841  0.81355414336305809  0.82296237153660212  0.83299574642161156
  0.84375280769869354  0.85414858888120682  0.86426698011110858  0.87464126812688947
  0.88639372971409347  0.89804557191474799  0.90760669438082930  0.91749577257245307
  0.92806182426805861  0.93848254250806684  0.94884565972618240  0.95934412757363741
  0.96986974318374330  0.98020363628366158  0.98994047083721270  1.00000000000000000
   62.496053811398220       -1.0000000000000000     
 F F F F F F F F F F F F F F F F F F F F F F F F F F F F F F F F F F F F F F F F F F F F F F F F F F F F F F F F F F F F F F F F F F F F F F F F F F F F F F F F F F F F F F F F F F F F F F F F F F F F F F F F F F F F F F F F F F F F F F F F F F F F F F F F
  <DiscreteSampler_grid>
  grouped_processes
  1 # 1 for a reference and 2 for a running grid.
  10 # Attribute 'min_bin_probing_points' of the grid.
  1 # Attribute 'grid_mode' of the grid. 1=='default',2=='initialization'
  0.0000000000000000 # Attribute 'small_contrib_threshold' of the grid.
  0.5000000000000000 # Attribute 'damping_power' of the grid.
 # binID   n_entries weight   weight_sqr   abs_weight
    10   10   5.364966378342683E+013   7.709662302579074E+027   5.364966378342683E+013
  </DiscreteSampler_grid>
