 -0.00349854247600039  0.01267824672099907  0.02594769912896403  0.03895588471943412
  0.05062333141675055  0.06214988839574100  0.07289670191761527  0.08322051842305328
  0.09283768195526181  0.10251782532182285  0.11274169749830595  0.12293980946332027
  0.13373878951415594  0.14464130330939476  0.15592256859634426  0.16714488799149255
  0.17772323702371634  0.18790159608566753  0.19797492611592687  0.20781881958118711
  0.21823067420732531  0.22915430178904808  0.24042894516072100  0.25169513126063392
  0.26275441788433873  0.27322376365255424  0.28332800203550235  0.29319139141759920
  0.30337697542947306  0.31298446500239319  0.32200979454826245  0.33110407605226266
  0.34045113392423576  0.35011444132363939  0.36008702078671645  0.37022835826152783
  0.38059076292571326  0.39141837205122088  0.40157321846449145  0.41148017106093671
  0.42117993620936123  0.42998827377986260  0.43892020288003236  0.44789484621636960
  0.45790797195158794  0.46928869559227859  0.48083337001775450  0.49231863725619235
  0.50382072504246045  0.51485600067909032  0.52501756151280476  0.53524971506342500
  0.54691456486348322  0.55982751770326655  0.57264553250790984  0.58421185343348647
  0.59471175710637414  0.60498501864171339  0.61515671294863372  0.62525257656015587
  0.63501436947731826  0.64490031559988314  0.65568494787669274  0.66677262721892550
  0.67782983805334840  0.68886799542160992  0.69996849183011911  0.71079849131123540
  0.72057110259161594  0.72984369583156283  0.73924896133757179  0.74890217438905460
  0.75895899466120720  0.76928313545436489  0.77924903672679646  0.78907242725090698
  0.79863028967061056  0.80852536578210388  0.81799745378471356  0.82738112432652511
  0.83746483356483181  0.84903465638021358  0.86060263872652820  0.87134285676897216
  0.88197884303928209  0.89335700866929424  0.90372215839560632  0.91445945259404626
  0.92530720828644053  0.93639107642078956  0.94686201294248917  0.95718185699186076
  0.96796102238607684  0.97875085186835820  0.98926039273599720  1.00000000000000000
 -0.00074333690332386  0.00695835521416995  0.01468702020684833  0.02294358952427825
  0.03174801972020656  0.04075038031246461  0.05005847043979268  0.06008629504776515
  0.07068222313552480  0.08103241696823363  0.09045967437595562  0.09935809388843996
  0.10838104613127385  0.11775935554054036  0.12733614325457526  0.13669713668756528
  0.14628271046406938  0.15617462809244695  0.16649132858111670  0.17671986676450394
  0.18705946849120980  0.19941072526699311  0.21118165838922009  0.22181556060353488
  0.23226876678783265  0.24300736343804286  0.25413839072459637  0.26513924889490925
  0.27587019473810315  0.28610711282370516  0.29663125285041081  0.30727905567900027
  0.31781412752511257  0.32839208870502723  0.34009237090679711  0.35276152225869245
  0.36534106255101584  0.37705884273423684  0.38797089018312680  0.39882789629917353
  0.41002597695706150  0.42107364106009798  0.43172821418128721  0.44274341601111417
  0.45510276217047907  0.46718325721009785  0.47900262239315489  0.48986626161430452
  0.49988977698445963  0.50954133430072956  0.51956076968257670  0.52985296118075886
  0.53964069829363759  0.54921235343621122  0.55857708086852775  0.56772927613546598
  0.57678929777619625  0.58618674054550379  0.59552628815094688  0.60459827299058022
  0.61379099234585699  0.62335701094083218  0.63349076075019839  0.64341649050695504
  0.65375904083173708  0.66460114164798489  0.67581709583679284  0.68699628204313146
  0.69951373976512066  0.71130492408572477  0.72205207754646095  0.73232174991927945
  0.74271737215588307  0.75368591590080514  0.76459299049969909  0.77497498485019256
  0.78476953941877381  0.79502564000745224  0.80648087748643038  0.81818631643512307
  0.82939049747225646  0.84013250450028976  0.85113031750533852  0.86129803598930255
  0.87179387074993275  0.88248606746881275  0.89325860978341998  0.90337866482320683
  0.91371725004901461  0.92455463639141355  0.93536954750867274  0.94623498315211474
  0.95758641035396685  0.96946689049917689  0.98327577476102845  1.00000000000000000
 -0.00889087755740851 -0.00304396767613334  0.00473757122024442  0.02968009719437160
  0.05487754630880801  0.08097465315079980  0.10585720782079575  0.12908622173291948
  0.15078024512753127  0.17181152326251137  0.19319876953892434  0.21448824084961579
  0.23562978443255717  0.25779248261795235  0.28038607635500135  0.30258741826216007
  0.32486385220663899  0.34738717663193591  0.36974635006230872  0.39195988906034485
  0.41463509954852229  0.43740307716410726  0.46008873796682614  0.48302177955502479
  0.50625622517920033  0.52904784488376821  0.55171838466692791  0.57469759445168833
  0.59818421815714840  0.62286054773135890  0.64899710593847182  0.67646319004636413
  0.68646146249760476  0.68997543052761390  0.69149501635669808  0.69458408785774495
  0.69937136120972831  0.70415552684688787  0.70893877978613618  0.71372842025678662
  0.71854763890290563  0.72332461255898539  0.72805555057227200  0.73284746626340080
  0.73768764590254521  0.74248510589040040  0.74730112993669273  0.75214768218252281
  0.75707878980152510  0.76203168523818277  0.76694595259398457  0.77181373596276781
  0.77673054712612966  0.78170307520352222  0.78668039564290482  0.79173180402740850
  0.79676853677669901  0.80181683612637533  0.80681779336252535  0.81174879230509234
  0.81672338515057930  0.82174567767342832  0.82677490218097249  0.83181482243221960
  0.83690208473159755  0.84206038828941276  0.84719318876715399  0.85233896230694461
  0.85750235509552653  0.86263173817306593  0.86769212035452259  0.87274493502035166
  0.87782879193248753  0.88298122695300463  0.88816570111055348  0.89331315225255203
  0.89843725381302009  0.90357812410042992  0.90881208117757351  0.91415203372504339
  0.91949850940724542  0.92482412927923063  0.93012710962538947  0.93538779524378945
  0.94066857148526528  0.94605378722030331  0.95148335358113312  0.95683839441578222
  0.96214090614795789  0.96744479829016439  0.97281152813677796  0.97820775193521015
  0.98362781373090336  0.98906145257535116  0.99451320675824417  1.00000000000000000
 -0.00210163445750568  0.00832182211253142  0.01723852420068648  0.02744173808677560
  0.03811234873374121  0.04829140803208635  0.05798086202187405  0.06817005873730717
  0.07886572062499776  0.08908271397936542  0.09938872359919676  0.11001201877960409
  0.12086582507084601  0.13148542696602056  0.14199758091113451  0.15275803694762158
  0.16371397097451362  0.17611939393829634  0.19008766832618779  0.20404459749346091
  0.21567786211572140  0.22588002791670483  0.23603877248710073  0.24712701504946449
  0.25888031489078334  0.27055834586192379  0.28228588414862360  0.29431927014954207
  0.30616208430103020  0.31811580410775264  0.33015805807657927  0.34189539034475580
  0.35331676745949453  0.36434098496064743  0.37475129347648523  0.38509306105479102
  0.39500695307388212  0.40513500759794646  0.41595457397530711  0.42699394050504913
  0.43737098186718837  0.44707730220146907  0.45694608572523937  0.46752644511323849
  0.47783257573122323  0.48737905643381280  0.49696079532650450  0.50664196604768685
  0.51607182510508764  0.52530194600489732  0.53407721283403542  0.54297198426114979
  0.55222989443702886  0.56205515183075017  0.57264020001297988  0.58370794677391957
  0.59388273806996184  0.60384807577634603  0.61368304411152141  0.62416938776103714
  0.63450724187186025  0.64470901929417868  0.65549067611441691  0.66693509015308006
  0.67828126908331432  0.68985600723993856  0.70161837468969701  0.71325131942217568
  0.72458796727717212  0.73578620023132590  0.74709039886599693  0.75840537747480785
  0.76945776814833089  0.78079998940467843  0.79142908094814179  0.80097599839050437
  0.81010744163915394  0.81954363445535028  0.82903550826094319  0.83827702047391894
  0.84717545482846957  0.85642393171533271  0.86636277618462088  0.87680357441745249
  0.88768619469159260  0.89826831819258102  0.90837282372467798  0.91870075294334541
  0.92925813897896725  0.94090284410547109  0.95328419670881293  0.96441580745226396
  0.97401035595247776  0.98286401635629517  0.99135810559825888  1.00000000000000000
 -0.00231768880709605  0.00958970318452763  0.01887801993105111  0.02879796320126160
  0.03909648004732929  0.05014402489082261  0.06126198076146534  0.07188089555283619
  0.08216555885610816  0.09203543824202987  0.10199849343834287  0.11226285942287380
  0.12254204395704568  0.13250147816798574  0.14240194740994869  0.15214746632164800
  0.16187142752019271  0.17177825456892051  0.18191797832660156  0.19196504356659672
  0.20258184731643014  0.21370154754794074  0.22486278520228328  0.23524883554941553
  0.24488763403936983  0.25478450989296819  0.26499472849864508  0.27472565366841689
  0.28439088536057688  0.29377111139078066  0.30289002879391236  0.31192542708706888
  0.32092872400388134  0.32990440171583046  0.33883296449988176  0.34782235777038778
  0.35753024606526279  0.36768302660341740  0.37764538583190183  0.38691867331656593
  0.39619580705329432  0.40600859119921551  0.41609079955116629  0.42724409151238357
  0.43859066730147345  0.45038248651989410  0.46198253210052753  0.47341664268391170
  0.48484967921751765  0.49648762357185411  0.50836695487498818  0.51946741723080048
  0.53003062789255384  0.54058871413547016  0.55155252632995000  0.56270172146644226
  0.57299030813980323  0.58312045576272586  0.59308857056732711  0.60322450943412553
  0.61394827843801469  0.62499556014888824  0.63690926123241165  0.64934296869996877
  0.66190976941144430  0.67379299597416353  0.68543254461574887  0.69656146186362544
  0.70775833657139642  0.71859680185098351  0.72938331779094601  0.74094732174952316
  0.75245578307974104  0.76476122373917232  0.77683621380788781  0.78838996357135804
  0.79990242186302185  0.81146048122590730  0.82226508113268326  0.83255957871362452
  0.84299725975187090  0.85380756027658267  0.86383308951047288  0.87330404959510011
  0.88254369933832777  0.89250568915941397  0.90254646667809013  0.91223880517220224
  0.92211235404191283  0.93189270064709551  0.94199819627141379  0.95184562280098772
  0.96318555380771531  0.97543800216566512  0.98777052137115851  1.00000000000000000
 -0.00338471638713616  0.01180972428312707  0.02438438339306573  0.03576565508927144
  0.04701315777982869  0.05748395174139141  0.06736485718287009  0.07728940588325971
  0.08740378543612226  0.09748085543796559  0.10701284032389520  0.11600789084366768
  0.12525815259167328  0.13516179870532771  0.14550645157858871  0.15556427209329940
  0.16505594927011810  0.17420841880842111  0.18378819935868579  0.19361462463474546
  0.20359072400230521  0.21274686933305059  0.22178160421563792  0.23151531349122401
  0.24179909478218004  0.25176708810562876  0.26113426442369858  0.27031358782462012
  0.28031013162156271  0.29056194266806928  0.30075354257850301  0.31092360619618253
  0.32116102719028722  0.33195491051732240  0.34312909068514730  0.35385454509341063
  0.36422135810490575  0.37447936927758491  0.38449895981344528  0.39447057005220781
  0.40461239404182059  0.41492304953639808  0.42558647989789361  0.43556108772830732
  0.44536602870621178  0.45530044886580989  0.46577393408799161  0.47808193582728542
  0.49050132228573062  0.50291846511930560  0.51574444318995016  0.52732860106914636
  0.53851502293686915  0.54923789510673238  0.56002483887623811  0.57113189137124987
  0.58152742771387000  0.59218302999486250  0.60336130742851146  0.61430267595049159
  0.62547345524946718  0.63559931444747009  0.64579294265404763  0.65582269501983581
  0.66640037939076269  0.67784698585388248  0.68982031842323643  0.70234224363566833
  0.71596888951733173  0.72929153385946943  0.74139541469806314  0.75279676967384723
  0.76360412351903151  0.77437966864580154  0.78469741018779271  0.79468035621519073
  0.80434049826782372  0.81398175799818251  0.82380698578713740  0.83337934782774270
  0.84238193500571812  0.85165659522507042  0.86100076948848592  0.87082832127936183
  0.88115860779853350  0.89116021865393891  0.90131690271993170  0.91148291014863059
  0.92318841901269566  0.93588035252387813  0.94720721991916701  0.95845554264698607
  0.96904169257477479  0.97976770811876601  0.98963204404173699  1.00000000000000000
 -0.00256692183554492  0.00920761311888423  0.01925239608370897  0.02970196653867121
  0.04050486411295402  0.05096796325794831  0.06127947157891364  0.07164804763131390
  0.08228778441492021  0.09362572861376851  0.10580985835822944  0.11876996043754959
  0.13193876337290419  0.14494408172503861  0.15731151001054483  0.16850019418438950
  0.17871971263464997  0.18878961532973662  0.19930397671163017  0.21011758225302252
  0.22118703524256739  0.23256091268509205  0.24402202211486884  0.25470923751029756
  0.26521646525812936  0.27562017277785561  0.28582748185940154  0.29586247577665520
  0.30637336394043263  0.31751954923154946  0.32915886611109246  0.34053949934579403
  0.35237701992536674  0.36438653691488421  0.37658009233743611  0.38820945414576707
  0.40068757616922973  0.41234192539513809  0.42314068809226479  0.43364223091973697
  0.44395975549570649  0.45471076273770045  0.46538714621339700  0.47604174675318423
  0.48692362958841989  0.49790381719267918  0.50990975066184430  0.52175724238455878
  0.53268923878775676  0.54337140528719730  0.55387839852543441  0.56399711677559172
  0.57392141187216328  0.58391120582295808  0.59442564460937963  0.60486343136790510
  0.61483499838323852  0.62484406375405888  0.63495686572097965  0.64525653743986977
  0.65542617903610711  0.66531345129442421  0.67524017108423273  0.68563354412352828
  0.69676673522038768  0.70749750651011645  0.71855840679775362  0.72903981621516256
  0.73954421623712940  0.75023072936468382  0.76089586202497783  0.77187345336522972
  0.78188105909590422  0.79119275587827009  0.79954269699201386  0.80788505641567399
  0.81625581872759023  0.82464287348868803  0.83367208704036955  0.84275285110276388
  0.85170210166861382  0.86108185627886724  0.87081154870388588  0.88050400048174071
  0.89013290801680434  0.89962056361884413  0.90900100440550924  0.91892105953552505
  0.92864008907745776  0.93833764467539860  0.94898292597547085  0.95992585115955731
  0.97043640271734477  0.98024136540237095  0.98995074920787307  1.00000000000000000
 -0.00260538890181790  0.01055082936429062  0.02026631692213171  0.03019757929427389
  0.04037509758015315  0.05002027021232368  0.06012603892687984  0.07037695998862664
  0.08106696207814357  0.09129253022930778  0.10124017190888776  0.11298390145924796
  0.12515759619782915  0.13674204691180381  0.14745125155770711  0.15771097462749856
  0.16760167159990400  0.17754743092451386  0.18775491833518454  0.19868875359652444
  0.20991818322498759  0.22106375594582986  0.23181362751481924  0.24225129038110693
  0.25277965650179446  0.26381159208565713  0.27489245959973924  0.28605232066570485
  0.29686019381998563  0.30757455299376080  0.31748778972979186  0.32720002869751735
  0.33746657209025810  0.34858485722574295  0.35939866137365439  0.36957857097920288
  0.37991823432405902  0.39036607276696861  0.40045348793665470  0.41000872109731162
  0.41990545043919408  0.43010037080137592  0.44045769341277835  0.44974684145268673
  0.45964723382339218  0.47025070000233915  0.48137903916912139  0.49203246319123600
  0.50301957642007356  0.51542756015210589  0.52753041817663360  0.54007428159343929
  0.55209419799846982  0.56486846931778734  0.57738570690126367  0.58849974900907154
  0.59890402998238634  0.60937647337113099  0.61989861753882569  0.62962497880192447
  0.63912653369375094  0.64916603827496389  0.65932973321584532  0.66913913812343395
  0.67894927019126960  0.68799850558917175  0.69818235241729187  0.70830254380792290
  0.71942548156779884  0.73009920210803447  0.74137660730984001  0.75289018223077775
  0.76492115094953672  0.77704525379675160  0.78864355427734978  0.79936817768787061
  0.80976272633787072  0.81970537708976776  0.82984100922332216  0.84026750898125280
  0.85109444252026401  0.86173391709609604  0.87169491542731936  0.88186111818099122
  0.89250490955017781  0.90260331130999849  0.91238505427746130  0.92280908670518891
  0.93358074988658568  0.94290869617792505  0.95135000647951096  0.96086400040152908
  0.97140750205519966  0.98149004029074827  0.99074663424998999  1.00000000000000000
   60.211857327486584       -1.0000000000000000     
 F F F F F F F F F F F F F F F F F F F F F F F F F F F F F F F F F F F F F F F F F F F F F F F F F F F F F F F F F F F F F F F F F F F F F F F F F F F F F F F F F F F F F F F F F F F F F F F F F F F F F F F F F F F F F F F F F F F F F F F F F F F F F F F F
  <DiscreteSampler_grid>
  grouped_processes
  1 # 1 for a reference and 2 for a running grid.
  10 # Attribute 'min_bin_probing_points' of the grid.
  1 # Attribute 'grid_mode' of the grid. 1=='default',2=='initialization'
  0.0000000000000000 # Attribute 'small_contrib_threshold' of the grid.
  0.5000000000000000 # Attribute 'damping_power' of the grid.
 # binID   n_entries weight   weight_sqr   abs_weight
    10   10   3.701569323793212E+013   2.251566135161695E+027   3.701569323793212E+013
  </DiscreteSampler_grid>
