 -0.00151151042668821  0.00678770169066882  0.01388627316933928  0.02130020071624733
  0.02952445739562512  0.03788911361655624  0.04659837927656064  0.05535778449834321
  0.06423652807738366  0.07378541870955772  0.08345169642144983  0.09322345025898965
  0.10349217645695655  0.11414648840813280  0.12476475032711183  0.13524114363392287
  0.14584417774958358  0.15645037588046784  0.16721097642886903  0.17858034817946242
  0.19022118492791584  0.20116128574939524  0.21211532417391007  0.22303283853452438
  0.23424601293609992  0.24535240411623999  0.25774561304767640  0.27042343199227448
  0.28192172074547095  0.29274029493070292  0.30322159283046213  0.31381387654504367
  0.32441014086517456  0.33483551551970675  0.34500521723566024  0.35512845350001432
  0.36540287701467539  0.37571523394610135  0.38611839910475332  0.39691090642438731
  0.40800000874824588  0.41893196490705803  0.42980465405719565  0.44035990955908833
  0.45068554206038564  0.46084104059533582  0.47088599761715383  0.48097932561412593
  0.49135040174427619  0.50231709952210368  0.51356180259778739  0.52486704790253735
  0.53630537168473269  0.54744992789299296  0.55831706514128121  0.56942892401221679
  0.58055604195509647  0.59193740850620691  0.60362804291770200  0.61646783187146204
  0.62885242986390544  0.63979245774966331  0.65049400275368774  0.66140278973027156
  0.67257233182401643  0.68366619012980379  0.69490635488489017  0.70653963714250922
  0.71857080452843924  0.73048206465289611  0.74256365801386492  0.75406819520170687
  0.76541883621200113  0.77576212408948830  0.78507444918036196  0.79386619109734402
  0.80217893972725929  0.81092145803115523  0.82007265189969236  0.82949630237923944
  0.83906838388745886  0.84907363025302696  0.85922148633678319  0.87060588680291506
  0.88140728827824000  0.89180319453975943  0.90231276663840665  0.91399416804071998
  0.92507551862960968  0.93640747736173180  0.94656786191427233  0.95756482081981942
  0.96764723349840365  0.97786193308809621  0.98831153038178110  1.00000000000000000
 -0.00090336938824476  0.00783767587485643  0.01598651080828025  0.02428019654556045
  0.03293394000162622  0.04165359556587642  0.05043860684654083  0.05966654689885170
  0.06922471838487163  0.07897870061257327  0.08859925093706250  0.09789567639877793
  0.10799151460076781  0.11896396060011255  0.12942797647520901  0.13895718668519635
  0.14860684030431778  0.15807250947498877  0.16789363106110555  0.17756098765038136
  0.18777456229462197  0.19873565747648722  0.21022077277476078  0.22195862824328108
  0.23361159828735065  0.24478621954513841  0.25546502744133720  0.26566919656581039
  0.27546384826006265  0.28540987331978862  0.29611974357619725  0.30726433541031684
  0.31825700604005130  0.32922020951973446  0.34071316421204828  0.35266416552465285
  0.36414485118465262  0.37481183993034817  0.38513787898051632  0.39496801452890618
  0.40525788084434250  0.41580020964016157  0.42764390841210148  0.43997360116307810
  0.45072901313581859  0.46089260139000526  0.47008915984972549  0.48000607581866289
  0.48941297658011218  0.49924315425393501  0.50879790078417042  0.51807345030202112
  0.52764845062802546  0.53761723724489974  0.54790172213130928  0.55816030271741568
  0.56856063755995112  0.57915093534152928  0.58977225728858040  0.59932917862060975
  0.60900284447457109  0.61909301932690930  0.62968541380446452  0.63969038693946900
  0.64952174819164910  0.65973495257980241  0.67125830298461608  0.68401969494588666
  0.69605450725395934  0.70681779588123628  0.71668165512301363  0.72625038423062671
  0.73588042223707562  0.74536640053036096  0.75478480322721475  0.76426050754632602
  0.77467061565857942  0.78644769992769126  0.79843753204338852  0.81021880982145345
  0.82143322798403862  0.83223323869801114  0.84290611909815527  0.85436805451014197
  0.86715316441992041  0.87999564719925427  0.89180015498002041  0.90295486047934859
  0.91380707617354917  0.92442887706582910  0.93507553969028046  0.94623307900561693
  0.95775291132679430  0.96988311835112395  0.98374235471742144  1.00000000000000000
 -0.00890433683579208  0.02012011537930177  0.04443997383430301  0.06927516955031776
  0.09356655439472522  0.11661963981660353  0.13805284196726561  0.15815514795526239
  0.17846423166908504  0.19874821414020852  0.21885592159930609  0.24039332752614906
  0.26307591449748563  0.28548447866390791  0.30784956962327215  0.33023221979634859
  0.35266533298838260  0.37517140952146283  0.39764376388914963  0.42010055705294269
  0.44223864968844828  0.46435931868023606  0.48646929919771598  0.50856224649174397
  0.53063443754876261  0.55335287851047876  0.57635315879048665  0.60136956226380822
  0.62678959171202675  0.65427006101225871  0.67403691619294726  0.68403553413704332
  0.68952035084629171  0.69114830686467799  0.69340910772313169  0.69845523428473832
  0.70318892729693527  0.70788563582974817  0.71257560584198110  0.71731478411857463
  0.72206105300832468  0.72672090455126814  0.73133379803162857  0.73597386435743828
  0.74061233989478770  0.74522441157202401  0.74991305277435238  0.75469907622065846
  0.75953551208252068  0.76436687141343795  0.76921972365209434  0.77405301581638253
  0.77891111398340551  0.78386882858517781  0.78885949876429839  0.79379428074491853
  0.79861519290212823  0.80341153229176931  0.80831003100937671  0.81327826801967551
  0.81823436191158760  0.82321092762769110  0.82824008347982980  0.83324499136670360
  0.83828450047409164  0.84338819944758137  0.84849682635209667  0.85361934787837712
  0.85868549158859298  0.86367709539456394  0.86868875074876228  0.87377759167313951
  0.87896446173423659  0.88425063248351721  0.88952978280122530  0.89471725850591877
  0.89987893890496418  0.90510962712773491  0.91040281669486445  0.91563753991674302
  0.92084933514400769  0.92606519008307286  0.93125124673356752  0.93648132580865695
  0.94172227912194750  0.94696416175666942  0.95225161706791350  0.95750923062849502
  0.96268483577017072  0.96786526967105901  0.97316411210153675  0.97854061906417678
  0.98391533694140310  0.98929096894834589  0.99465080097386915  1.00000000000000000
 -0.00228178716311355  0.00926432252511290  0.01947384677208657  0.03049982553802569
  0.04199231657439160  0.05225253155750700  0.06284575597838454  0.07243052762386959
  0.08202203994121389  0.09092310245660887  0.10006199520899151  0.10934874114362989
  0.11865827392004856  0.12815206239575611  0.13776891282656367  0.14790903085869356
  0.15837232075238408  0.16872527689056829  0.17939101070906469  0.18965473502197355
  0.19978653887279038  0.20977858792249937  0.21998358286760833  0.22994986652597676
  0.23964031670824446  0.24957322470761303  0.25964988969731473  0.26922597581590013
  0.27813643041227326  0.28698637835745738  0.29675355434669753  0.30703899123396050
  0.31759652273163858  0.32834879106181386  0.34119001231910501  0.35482644157344928
  0.36801957708081207  0.38122577193730417  0.39433709470045486  0.40724070383170041
  0.41944528240613410  0.43067740960937617  0.44135955462784443  0.45181268907593886
  0.46154592796815919  0.47078641932156678  0.48055185176366455  0.49103392497184534
  0.50151765821552496  0.51168900420869867  0.52243285455798627  0.53398570045147042
  0.54576474045507395  0.55733863488889956  0.56848487756562138  0.57929973743988339
  0.58964390295687674  0.59952178257669808  0.60919308788549653  0.61870499300126658
  0.62857046436750275  0.63919859326171713  0.65068796574640086  0.66228087987063000
  0.67369381588159072  0.68507360791051519  0.69697487629312926  0.70853071674931878
  0.71878822103141415  0.72854824561311471  0.73948163004618905  0.75015737662469162
  0.75943101655383927  0.76838030965610671  0.77828340194021883  0.78906885276559280
  0.79965869567898418  0.80927294928556881  0.81912107935026424  0.82976527273104594
  0.84060687885690943  0.85127440231422491  0.86193857204477575  0.87254567223507185
  0.88316159059057153  0.89335161554145259  0.90334052541572940  0.91374355610877345
  0.92569256848860337  0.93886012137803232  0.95167945808320553  0.96316895305404582
  0.97279508911274759  0.98243879669093293  0.99108915346507742  1.00000000000000000
 -0.00284008455443989  0.01037435790972012  0.02260765523284839  0.03411322442630906
  0.04593334427178256  0.05624453850269291  0.06625186286705662  0.07622481486863175
  0.08639218070960482  0.09621008782298614  0.10606723786398091  0.11643783622609713
  0.12668325583574944  0.13598090645999461  0.14529471020289647  0.15531184265430825
  0.16587183538322348  0.17588297960026100  0.18578418827948653  0.19648227388846323
  0.20788936111393114  0.21880229909803894  0.22923093931414135  0.24045943268679087
  0.25232403845861429  0.26312460921428465  0.27416769099260402  0.28508806108698742
  0.29633218059561950  0.30738073008527883  0.31843933521560919  0.32869100896242937
  0.33887208783793221  0.34911570587578761  0.35892911411709100  0.36849822804156251
  0.37919482442164398  0.39093753654168251  0.40301190755181676  0.41468887736465987
  0.42563349293612401  0.43625592254143825  0.44645991104375260  0.45651434697812115
  0.46701478884088421  0.47780470109319689  0.48828167602399181  0.49829655276765689
  0.50793465588263920  0.51741146175465214  0.52720216986809387  0.53756824840218664
  0.54870113100330797  0.56014688863560780  0.57145559514532085  0.58227479264233983
  0.59297469479155351  0.60340613657449049  0.61404474644150420  0.62481327384539420
  0.63520364155032250  0.64635875436759882  0.65686619896547327  0.66807472233012122
  0.67792305211861281  0.68726471014536605  0.69624170869639035  0.70516508654505106
  0.71468166098720032  0.72437047179214087  0.73415695469625786  0.74391085590325168
  0.75412161696098179  0.76497312500300130  0.77610264885556046  0.78692084268074680
  0.79792989064803432  0.80915749328948094  0.82010091282232822  0.83112530244509730
  0.84141326453784160  0.85081708398473943  0.86010816112076027  0.86960230470004718
  0.87946933652731829  0.88956289554323853  0.89973466603525210  0.91027565559688983
  0.92078081547918100  0.93111087092286038  0.94138249130999885  0.95242062931720706
  0.96364435920713565  0.97580919724678006  0.98790892355290538  1.00000000000000000
 -0.00211595031064022  0.00867347106781239  0.01726073326137402  0.02645229893682266
  0.03606238517527149  0.04586605862393137  0.05836270942935499  0.06852478785849872
  0.07828219577003614  0.08819161615948366  0.09819310305740105  0.10785331678935035
  0.11743927016277549  0.12806215842707108  0.14039600644389214  0.15324372239814094
  0.16547622031016337  0.17702510836101043  0.18839264524428181  0.19887720383483845
  0.20934443967151986  0.21999845586923172  0.23095509025368863  0.24225251024691127
  0.25397467469553170  0.26585250018619044  0.27769190999993004  0.29014108030151969
  0.30249259077337753  0.31525753027691678  0.32696833728509628  0.33789216058892835
  0.34809024053644788  0.35879810519617644  0.36925612394132884  0.37903348778223145
  0.38853874935945226  0.39820789153074604  0.40768027290005093  0.41717086756554494
  0.42689197393764966  0.43746168445032102  0.44809976001344715  0.45862173682318685
  0.46912632971850876  0.47969373324363590  0.49002572064106159  0.49999812403175692
  0.51006457332633537  0.52004247722125652  0.52978429450075748  0.53965275426130488
  0.54939337179881387  0.55893511318210209  0.56814837174595922  0.57732872836562010
  0.58705519593404509  0.59755197096523494  0.60759027246097053  0.61847796022482693
  0.62998745548236479  0.64252982812210024  0.65497486555905471  0.66656173613244185
  0.67764091963339168  0.68820302137349598  0.69867694069383424  0.70906408888571582
  0.71854022980075827  0.72853089676966076  0.73910786883425139  0.74966405296036198
  0.75992301826882380  0.77080571447700130  0.78279751916756191  0.79584003204922604
  0.80813667230004971  0.81951397792059033  0.83075666457126007  0.84037484051869282
  0.85043750596378109  0.86067225012549453  0.87052701305323021  0.87982480990939860
  0.88861285983669736  0.89716174585077890  0.90601914016899154  0.91494013381700900
  0.92456752807555820  0.93391310949833817  0.94400678633752211  0.95396404759498787
  0.96514879118828822  0.97681958624057008  0.98852068194971243  1.00000000000000000
 -0.00217438079565631  0.00863223879839767  0.01789987574792428  0.02769744930158709
  0.03795857910096512  0.04916051512413737  0.06124270439013764  0.07255994873439098
  0.08325528728921135  0.09292187137709000  0.10304125226761172  0.11221264749732736
  0.12166670823093129  0.13068015624002785  0.13929196426773011  0.14777339654546146
  0.15675478017646247  0.16641576439991038  0.17710494599820614  0.18814731916522959
  0.19871193259265066  0.20853211334627944  0.21807592852958813  0.22810566320414366
  0.23848283111598484  0.24840154154117552  0.25771331219705723  0.26663690300962867
  0.27561204535401596  0.28507440354331931  0.29544343886972368  0.30521015255775036
  0.31437720052391793  0.32298119504828293  0.33173983080381952  0.34177835307720311
  0.35296833160058999  0.36475242071738706  0.37634020590702782  0.38775093677546990
  0.39917942845612542  0.41018306125854975  0.42214999320558821  0.43501259525805869
  0.44789877148170365  0.46044833516514527  0.47135466946841065  0.48178711301286337
  0.49203304838446998  0.50234671857520075  0.51265410609080120  0.52303806881270465
  0.53346286865037351  0.54442226896909496  0.55607971346240848  0.56712782022323305
  0.57713002292286719  0.58698861686911696  0.59702072874993262  0.60712627977524569
  0.61696337020372860  0.62766443007798456  0.63908544684178314  0.65117827773507320
  0.66361413220992926  0.67479809623088627  0.68534734569758216  0.69549673051391370
  0.70499030735204427  0.71440045776560002  0.72383604534051049  0.73431767315439156
  0.74563004455557280  0.75617474302976517  0.76635226786953003  0.77663926914891579
  0.78742392742252421  0.79819363758895401  0.80892256166780374  0.82028377764453841
  0.83177171234419300  0.84309647121806908  0.85427981400341535  0.86536636232397057
  0.87623301277962617  0.88732667634192874  0.89856975261653771  0.91047484425363201
  0.92223527578752063  0.93379391513259513  0.94440695398946928  0.95500638737431820
  0.96572545430339951  0.97686372000160915  0.98823203076481947  1.00000000000000000
 -0.00269100003750434  0.01020335159154367  0.02088860752590410  0.03006054680111458
  0.03880331869462040  0.04769050237532213  0.05667054313383473  0.06589517755044921
  0.07535924368778610  0.08500501171600901  0.09483921075383646  0.10468653615677152
  0.11451502408088807  0.12461333666963466  0.13462612238702770  0.14517066077525681
  0.15649873389885366  0.16785744336381900  0.17867462530513131  0.18886435087608730
  0.19949813907432246  0.20990260330475971  0.22094537568324929  0.23193767416671909
  0.24272863100299144  0.25363817338093120  0.26468335453041625  0.27557137709467294
  0.28637248555327821  0.29655330940501118  0.30677533257516110  0.31711486478947304
  0.32773546833863243  0.33806772511283928  0.34879092029972608  0.36038656378904010
  0.37220255342516967  0.38293382796100317  0.39310751558433338  0.40377658357119783
  0.41351253241770441  0.42276164224438489  0.43160704421253449  0.44087126718474851
  0.45078249199642639  0.46081050168875043  0.47131677958786400  0.48267553209852093
  0.49507911618549733  0.50775748619315431  0.51888334537871994  0.52962833606900617
  0.53954337645799522  0.54982325324906156  0.56002365436589718  0.57005923742949616
  0.57940081081274752  0.58854965636956524  0.59818022750528566  0.60784794186232138
  0.61772187493251163  0.62763394558193752  0.63840175321356807  0.64972034237497045
  0.66114362533996351  0.67257395599269709  0.68410316737611698  0.69548886203208116
  0.70679828376722020  0.71881654448955046  0.73100410685466288  0.74271180452224195
  0.75508124881171401  0.76816910839042152  0.78127133229682222  0.79365607021429074
  0.80565556498102542  0.81734943452202768  0.82893809586197231  0.84115792585374682
  0.85318207553963865  0.86460182633903482  0.87528700469329102  0.88521775727037555
  0.89461698444171756  0.90356526845157015  0.91261441181203828  0.92213880460163467
  0.93207757631801136  0.94193149082708461  0.95170445366014433  0.96149594978144215
  0.97167159687340388  0.98115802196409152  0.99066610247181242  1.00000000000000000
   60.977245832766165       -1.0000000000000000     
 F F F F F F F F F F F F F F F F F F F F F F F F F F F F F F F F F F F F F F F F F F F F F F F F F F F F F F F F F F F F F F F F F F F F F F F F F F F F F F F F F F F F F F F F F F F F F F F F F F F F F F F F F F F F F F F F F F F F F F F F F F F F F F F F
  <DiscreteSampler_grid>
  grouped_processes
  1 # 1 for a reference and 2 for a running grid.
  10 # Attribute 'min_bin_probing_points' of the grid.
  1 # Attribute 'grid_mode' of the grid. 1=='default',2=='initialization'
  0.0000000000000000 # Attribute 'small_contrib_threshold' of the grid.
  0.5000000000000000 # Attribute 'damping_power' of the grid.
 # binID   n_entries weight   weight_sqr   abs_weight
    10   10   3.739232551710352E+013   2.895363020210015E+027   3.739232551710352E+013
  </DiscreteSampler_grid>
