 -0.00275620521810219  0.00961787685041755  0.02052180890425545  0.03083595634129248
  0.04107975390424733  0.05123901097646885  0.06130756802086819  0.07107584706682848
  0.08119090845587892  0.09059369602012239  0.10024904972123072  0.10912981941746153
  0.11810101085902640  0.12707594807042455  0.13587509091236891  0.14457693990925555
  0.15389143806242186  0.16368101711619984  0.17340549134127786  0.18281004947085616
  0.19222640240673350  0.20179209082885635  0.21159816897607842  0.22128946340519845
  0.23202565237388631  0.24331310258346217  0.25417937168875759  0.26494475454411798
  0.27588278421019385  0.28721700570654746  0.29906692174452282  0.31136750713738159
  0.32385022394494090  0.33569292339840467  0.34656302353983948  0.35704998868825627
  0.36747658787018184  0.37794666720994130  0.38835361907565152  0.39903452578885773
  0.41008426616087323  0.42141543147877081  0.43302653646655842  0.44486579053014602
  0.45658725786639087  0.46796865454063996  0.47890378941961698  0.48946036005217847
  0.49976220960331452  0.51039181730370875  0.52069663575188219  0.53085506525325965
  0.54107479384288304  0.55178614304796814  0.56285620740902687  0.57386865586047975
  0.58503569681520384  0.59596050840014703  0.60687671331210269  0.61805160473758802
  0.62930053740257552  0.64027413797667221  0.65124905946951106  0.66216314605031312
  0.67297612652816574  0.68369183931802813  0.69473895622903714  0.70612039752840894
  0.71665368744796432  0.72657327507730385  0.73569075251499849  0.74480792857159339
  0.75449219586577965  0.76452065863016139  0.77378344109772446  0.78559923681555810
  0.79668903860123186  0.80837832641587681  0.81897760211996806  0.82961720626615953
  0.84003271659596490  0.85029164949928193  0.86117310154147209  0.87163459884763650
  0.88245496921079014  0.89333692465395920  0.90421104493162263  0.91535140366145129
  0.92632295866448422  0.93684661821535475  0.94710949668303224  0.95704388135800977
  0.96770671123594676  0.97848002545287105  0.98925326681732151  1.00000000000000000
 -0.00012454414578919  0.00536655900003156  0.01188626314873825  0.01886954009453753
  0.02629042907409592  0.03422222897285949  0.04292854941790275  0.05248135105268491
  0.06264625152898716  0.07260015305689176  0.08223862027543689  0.09220926708115347
  0.10215953882277991  0.11173138891890955  0.12117794332012183  0.13088414204987514
  0.14070490929615889  0.15062854030597639  0.16034731956341230  0.17069158042705049
  0.18115003188528639  0.19153755076705944  0.20184178990078053  0.21182458148351324
  0.22160148807702482  0.23142020422567583  0.24149882141113999  0.25146391188894684
  0.26088075622862555  0.27058875349856626  0.28069243599019850  0.29073095772216007
  0.30045856347185723  0.31017268707898354  0.32033367787373385  0.33082515766279902
  0.34096325321877097  0.35045917882093619  0.36003446763815072  0.37012497071957157
  0.38105091671471458  0.39234204295471226  0.40393990388771511  0.41559865207035707
  0.42699089611309471  0.43838782136001858  0.44978738198531831  0.46048763160766409
  0.47061467377127103  0.48061922481984581  0.49084911012898269  0.50098751107353512
  0.51087813541340654  0.52093238681843212  0.53123175299973435  0.54179463736422040
  0.55270453617186055  0.56378718983840470  0.57490235079148611  0.58591979919123260
  0.59651418885247964  0.60695855872653837  0.61732823842527695  0.62781836666641810
  0.63821331290844852  0.64900964244783987  0.66040331380371831  0.67139928383109404
  0.68237999680791273  0.69341412845403405  0.70435416256388927  0.71506740053820905
  0.72592365682270221  0.73692032428986320  0.74760998419472524  0.75819216542631773
  0.76876693835125498  0.77983291831622825  0.79102900259268261  0.80197647465720534
  0.81289818511502321  0.82392008506855330  0.83515451445890987  0.84640559609956467
  0.85801065266274612  0.86980558994215351  0.88221730130020348  0.89461738503435961
  0.90641493093544334  0.91754382454789707  0.92867539786073139  0.93996215847629805
  0.95203700329477448  0.96523648240571969  0.98151120930544000  1.00000000000000000
 -0.00199623159307178  0.00113447818276405  0.01126029122633866  0.02777313628126889
  0.04590124554464624  0.06353221370562009  0.08129900734871494  0.09865399836951116
  0.11573917528384489  0.13264653083491196  0.14864204181038224  0.16464770540938181
  0.18068104946867722  0.19674704654981823  0.21292156963279607  0.22910457628302711
  0.24554752257552903  0.26240502431728696  0.27919684518216692  0.29588483239358720
  0.31249546830307640  0.32904441522317390  0.34561917768901657  0.36219311270622734
  0.37875619121517168  0.39529795445467847  0.41179737823347945  0.42828402936956789
  0.44484031048645112  0.46158450067662338  0.47835272572118337  0.49512580545966206
  0.51184381454401695  0.52842898099080160  0.54507599773159821  0.56179347330942708
  0.57881069530087226  0.59643422185160055  0.61476504431437184  0.63363860836945429
  0.65308699788359137  0.67365468109115001  0.68454400533857374  0.68952726008311838
  0.69234979996571977  0.69740476856603550  0.70327529440349945  0.70905763933884292
  0.71488317938481960  0.72072942901153869  0.72657134193871653  0.73241230653327194
  0.73814757062661496  0.74392945998059501  0.74974834339658247  0.75561146635843968
  0.76152586236073461  0.76742573562766958  0.77324538143193278  0.77918723555082048
  0.78517242344721472  0.79108729693272595  0.79709419518006164  0.80317862141413998
  0.80922419071379026  0.81521579418477330  0.82119915778734254  0.82714400824395906
  0.83306528898238053  0.83904908089979779  0.84502051136258527  0.85099481961492573
  0.85702112131528219  0.86314163544900802  0.86933564123593154  0.87549582168586759
  0.88160997996698920  0.88776089327446439  0.89395369889429777  0.90007099116915668
  0.90613725863210259  0.91230581133947597  0.91856043289504408  0.92477328036157469
  0.93091099681301259  0.93705983711970475  0.94320032319703517  0.94941405877764173
  0.95562354794535098  0.96184680148402246  0.96809181897548580  0.97433870269700784
  0.98063615022776074  0.98705855342807824  0.99355408872489281  1.00000000000000000
 -0.00223197188963275  0.00872108303501894  0.01831560857604923  0.02916523902446302
  0.03948340416758753  0.05033109822344133  0.06177798357062635  0.07358794077612002
  0.08533839977634922  0.09659896209308555  0.10726925793087905  0.11755923865914805
  0.12783863626831840  0.13827430168144286  0.14886696201834465  0.15955882276414310
  0.17048267708603149  0.18178969574596754  0.19319753346583537  0.20459307855631634
  0.21582269041052923  0.22676416157691093  0.23735726349428604  0.24757126832148563
  0.25745569012084435  0.26710747811530794  0.27680025654378776  0.28668520341540188
  0.29714420115243800  0.30779145935268593  0.31769089743333262  0.32688592998478494
  0.33579717632252049  0.34481999835557292  0.35422624261621605  0.36372075551223165
  0.37290014707014268  0.38270762524346902  0.39300289707901337  0.40314876789876486
  0.41315925839387907  0.42260773032621929  0.43173600645767030  0.44133695019211266
  0.45106187534112224  0.46064325015866947  0.47032106583433564  0.48041420517106526
  0.49118455105994646  0.50199251511351217  0.51230039715027120  0.52259069439523065
  0.53321542955794676  0.54423088238200235  0.55526052086068145  0.56612861157217786
  0.57689170758107611  0.58753198681376695  0.59784034818161291  0.60804762623134101
  0.61857262025438331  0.62976520932944879  0.64143773445052954  0.65314448030504146
  0.66445839074906365  0.67561734611597990  0.68653256000272611  0.69775730206588260
  0.70886380565342766  0.72037281611953496  0.73203014826609958  0.74383151955895277
  0.75453235063354829  0.76524790482701610  0.77534013291261994  0.78555645366349369
  0.79604919411519703  0.80647060090739919  0.81677897199680216  0.82696366150071932
  0.83728372254398353  0.84796028026387849  0.85888042191888225  0.86988707973747725
  0.88087022351034994  0.89160084966669539  0.90252760345943461  0.91345183657890561
  0.92430803529424388  0.93529688904065444  0.94685192443861743  0.95824951643947420
  0.96889037073884554  0.97938378375200885  0.98979178070278850  1.00000000000000000
 -0.00241177681037653  0.00945737961591769  0.01944003826582149  0.03073172101412320
  0.04145613516382884  0.05182579593163258  0.06172820953588826  0.07101824616973766
  0.08069161966777050  0.09027615190872876  0.09927978435115338  0.10839777937525520
  0.11764074892755488  0.12712740460242516  0.13665386573283858  0.14628848616487952
  0.15610525889274565  0.16617108398476382  0.17690772446497816  0.18798639857443469
  0.19891967152016693  0.20979102124202853  0.22048284784293942  0.23075661301501824
  0.24049020750134517  0.25027566496606257  0.26032315764744818  0.27051203138925284
  0.28012315789886683  0.28989392143487291  0.30054132023361863  0.31153639330408817
  0.32186707403381853  0.33225388034536651  0.34323970184250330  0.35459724931490033
  0.36577759249826658  0.37686557456916520  0.38765025085633231  0.39811178192855790
  0.40847522589251972  0.41888685910278928  0.42976424577144401  0.44134536867935398
  0.45299168430549241  0.46443824711641374  0.47613935902820759  0.48808281744221266
  0.49976567336159045  0.51048807421551334  0.52043093517866224  0.53038266213651408
  0.54049120605720846  0.55056183564432282  0.56061058102091665  0.57069893057941878
  0.58067356579077933  0.59039576042589237  0.59999638130514088  0.60972318549579385
  0.61937126256438368  0.62927823416990303  0.63944552724780102  0.65041949697206247
  0.66153972629731450  0.67306794104814593  0.68452065389463457  0.69581024263086366
  0.70688003415852929  0.71767144798686178  0.72831313626680416  0.73876127543225412
  0.74920141392729345  0.75994809688182485  0.77095317608679859  0.78199629488040767
  0.79308010463109879  0.80412619540086128  0.81515471106803095  0.82648513575179750
  0.83822161630111391  0.85011699250801920  0.86171844804369480  0.87307014996117127
  0.88436481229716024  0.89556178174436252  0.90641587178551208  0.91657911645908952
  0.92663101065006082  0.93638344523226080  0.94621583955043365  0.95616214651665898
  0.96660197664749281  0.97790032988097364  0.98886532352101841  1.00000000000000000
 -0.00231880711451501  0.00901881406236246  0.01837136395324119  0.02839227734695556
  0.03915123219460067  0.04957449563452842  0.05993765588072883  0.07050623617332313
  0.08109828771715837  0.09129643241391983  0.10111984146737316  0.11126560452309520
  0.12083259566256081  0.13054428416540598  0.14062560547129657  0.15071984817449474
  0.16012913039990068  0.16974711700995201  0.17950404923406310  0.18894994674892651
  0.19786090554579555  0.20690175700087135  0.21656564781587387  0.22669528440450076
  0.23694039590721203  0.24723059249856660  0.25817598724598279  0.26952224551225340
  0.28078079494673541  0.29215188391430424  0.30349172639813016  0.31477510830985517
  0.32636930894379290  0.33845785929002364  0.35084787230353409  0.36289955650274869
  0.37412928307091636  0.38484478258781185  0.39551327643568945  0.40643716702117133
  0.41708217267849851  0.42794809065624112  0.43848585054150424  0.44859517608734878
  0.45830665854896274  0.46796907665216569  0.47808803170846753  0.48845630840259457
  0.49866797481036751  0.50820323527707056  0.51733362173961184  0.52693670616636934
  0.53722205346387053  0.54778213215804095  0.55821183244472616  0.56921070319923439
  0.58044451652584772  0.59110012213137531  0.60147316759466851  0.61210881219493962
  0.62318048308598539  0.63477570107269010  0.64654720345933503  0.65805041112843676
  0.66951428307433813  0.68125441249660168  0.69233396075968090  0.70385594625474890
  0.71437582502892005  0.72483220130055948  0.73475080973063422  0.74410584509990951
  0.75358775399084044  0.76305145887021708  0.77252174973625098  0.78191474778664838
  0.79168002867938103  0.80220126462165853  0.81328207268401320  0.82421236910127893
  0.83506898660235662  0.84626433393735223  0.85762284785954246  0.86900596521348683
  0.87992858865002510  0.89062942648299392  0.90136752803328213  0.91212760814787619
  0.92275749762035930  0.93345263273003420  0.94462776433649420  0.95595423905771981
  0.96715438463847347  0.97784516042722047  0.98914738171572480  1.00000000000000000
 -0.00238783461782965  0.00924890904683261  0.02015857498729748  0.03109119083099620
  0.04209725425124990  0.05334960508508974  0.06467153153478708  0.07596482844054057
  0.08719095749430068  0.09829349197037700  0.10920216164845120  0.12001843076858536
  0.13051604764429184  0.14122405322752898  0.15242573026287318  0.16378645008500703
  0.17480015997073234  0.18578782247095058  0.19723579158093854  0.20856204603742781
  0.21896357084947526  0.22895502135004123  0.23917634583643127  0.24972347472917689
  0.25981681050428895  0.26985444225146793  0.28061768602779719  0.29150734816316243
  0.30205312241719356  0.31237023549199044  0.32202800158359596  0.33172989794258984
  0.34143213912244424  0.35111194649517852  0.36063528482532553  0.37040837037758406
  0.38085603598995893  0.39185378553739802  0.40286940857611486  0.41394350706645267
  0.42495058466256913  0.43622230238578202  0.44711068005821042  0.45833684143632114
  0.46850023109216582  0.47983324986022219  0.49052329678561535  0.50073468890949635
  0.51083662891177384  0.52109240170405557  0.53174748693372398  0.54254478941493700
  0.55356115383826898  0.56471685503039015  0.57557829324696141  0.58571504069775904
  0.59514379817030050  0.60482291529545940  0.61542447960164393  0.62663194733338379
  0.63789461781909806  0.64893004223418904  0.65968780501638147  0.67004518266373847
  0.68020604853588118  0.69008131545902385  0.70001462860872521  0.71033973299263975
  0.72131951063791344  0.73262536206980888  0.74408473558925392  0.75572920815319988
  0.76708372969222471  0.77753832090633468  0.78722318558368487  0.79723593954049332
  0.80758179880246095  0.81811884757601772  0.82859274517784365  0.83983906807445785
  0.85152801385590038  0.86200980269148642  0.87161647198343994  0.88126345134678952
  0.89162853930819719  0.90184536866234544  0.91149067439974540  0.92112691680260184
  0.93161512105542921  0.94237313687043689  0.95307616333386880  0.96324581764546591
  0.97311775633875408  0.98255181638918387  0.99138999249433435  1.00000000000000000
 -0.00253418738091753  0.00929518578324701  0.02007127077462412  0.03172332991906843
  0.04365445799336908  0.05566977360810287  0.06739442155666756  0.07886704223053871
  0.09030321692694045  0.10141927871439894  0.11165961768035651  0.12167155470368186
  0.13195569303212681  0.14236357656126258  0.15253734015034784  0.16270959557245213
  0.17357475253603874  0.18477685098803456  0.19610710136050172  0.20751317848600564
  0.21909607797298630  0.23069848749226307  0.24213502884819657  0.25312313233093081
  0.26357043748218528  0.27420381679192612  0.28522898877419495  0.29614057061142796
  0.30623322973423256  0.31586524296589269  0.32545466179013421  0.33516027449323826
  0.34489963779242633  0.35510607172759640  0.36569763727367649  0.37615340391558982
  0.38669459033106102  0.39769484348392625  0.40922344817251716  0.42084203674436454
  0.43217122504455624  0.44337015710517491  0.45457089463381001  0.46591131369048117
  0.47713813340399319  0.48795304809116424  0.49875275700115906  0.51008415240951510
  0.52139555085548306  0.53228172891031245  0.54312516637889341  0.55431350780333433
  0.56493684059954674  0.57463023162566040  0.58435360896088950  0.59447300264242198
  0.60458589522277739  0.61451227796856411  0.62455475271688388  0.63516258906500056
  0.64581356260878486  0.65615459583363711  0.66628255395798475  0.67650015617944992
  0.68706002164423097  0.69815048334143270  0.70935577370315894  0.72053739703787645
  0.73194363359956383  0.74358699010243634  0.75466474290451435  0.76466876964194463
  0.77434392854253076  0.78391426154134614  0.79321686168892380  0.80194609684052831
  0.81053318863830293  0.81932522566238530  0.82862665149842474  0.83859063509579201
  0.84841147872367251  0.85798303093164885  0.86745626024042655  0.87724851991282338
  0.88742493235347641  0.89745549965744698  0.90732497383278277  0.91728308997626617
  0.92723738775886044  0.93726050218836410  0.94764398781586201  0.95832294979309196
  0.96866576106752489  0.97895312710526716  0.98925548698011079  1.00000000000000000
   30.810522958549850       -1.0000000000000000     
 F F F F F F F F F F F F F F F F F F F F F F F F F F F F F F F F F F F F F F F F F F F F F F F F F F F F F F F F F F F F F F F F F F F F F F F F F F F F F F F F F F F F F F F F F F F F F F F F F F F F F F F F F F F F F F F F F F F F F F F F F F F F F F F F
  <DiscreteSampler_grid>
  grouped_processes
  1 # 1 for a reference and 2 for a running grid.
  10 # Attribute 'min_bin_probing_points' of the grid.
  1 # Attribute 'grid_mode' of the grid. 1=='default',2=='initialization'
  0.0000000000000000 # Attribute 'small_contrib_threshold' of the grid.
  0.5000000000000000 # Attribute 'damping_power' of the grid.
 # binID   n_entries weight   weight_sqr   abs_weight
    10   10   2.320655574982782E+013   1.808093388878833E+027   2.320655574982782E+013
  </DiscreteSampler_grid>
