 -0.00299691025683489  0.01046741583878154  0.02237723821758266  0.03532460269551203
  0.04815617093278136  0.06017245652401237  0.07077266263095706  0.08056620854574209
  0.09042531824402039  0.10073210299213735  0.11112906875896435  0.12158036107643361
  0.13256843458421799  0.14399643659824041  0.15522892322142018  0.16588128131364788
  0.17602770087882708  0.18569322989369091  0.19513983643480398  0.20440049008721031
  0.21312248707409528  0.22157936280042967  0.23034529763964326  0.24018635094822502
  0.24979032692167089  0.25860278973940987  0.26704172535272475  0.27592799728512213
  0.28537133872424514  0.29467345481245999  0.30354925461569676  0.31275203158551240
  0.32284403323272348  0.33351613294969085  0.34439658747506413  0.35526327907293748
  0.36603769227344751  0.37641141131266914  0.38651524333181830  0.39671484263249707
  0.40718364058509843  0.41815499027458325  0.42962768322977241  0.44084939165077436
  0.45121881862417240  0.46146432083112543  0.47247561117156361  0.48376228235373309
  0.49470264882675885  0.50564682640756864  0.51670439409053293  0.52729698450651452
  0.53848839537135484  0.55117332921242146  0.56457506289597681  0.57735647265055667
  0.58950448126636412  0.60137140964426583  0.61278743271742664  0.62400967890427694
  0.63557541894905689  0.64711506101195471  0.65872861230378965  0.66974022735229699
  0.67978450536468504  0.68966362140872550  0.69987722337837288  0.71001287263328050
  0.72030740843222563  0.73036389777257249  0.74066819097942915  0.75068321753712630
  0.76071306434904729  0.77049767239389777  0.78051887093386663  0.79129801497918684
  0.80406415263388076  0.81668064729359569  0.82743218067516866  0.83783123372834467
  0.84843779089062787  0.85877490319735406  0.86898126385528673  0.87852224572200743
  0.88803603745501758  0.89744244231030723  0.90625521136397102  0.91625640546961040
  0.92596949558364028  0.93581062343352650  0.94584917293596737  0.95550319413254847
  0.96596109665775010  0.97686367930245255  0.98827835494031790  1.00000000000000000
 -0.00001383836377583  0.00480746006871654  0.01027957207790685  0.01586272645014693
  0.02215896652835561  0.02958442567456263  0.03734853832998735  0.04541696183788280
  0.05355888711308612  0.06199720322287126  0.07123774174065406  0.08092351839372669
  0.09111779418135536  0.10182654149023707  0.11283680614016625  0.12354716642732338
  0.13393872103557092  0.14389254400040202  0.15355695613190715  0.16309720809689576
  0.17292799849489246  0.18349544242513433  0.19443352047843848  0.20527967146052731
  0.21612027058447675  0.22713077902566689  0.23841900437658101  0.24995062807655621
  0.26153751802294556  0.27269013708048767  0.28315030093058252  0.29384323389074313
  0.30468245283965428  0.31479812939368412  0.32462629273622534  0.33461016475411726
  0.34580346251077415  0.35687408658128894  0.36824094464671070  0.37945395878240346
  0.38955217297041428  0.39985277286987658  0.41046895855985865  0.42148865831752480
  0.43291546484732873  0.44416457144517624  0.45581145625209307  0.46743780804177831
  0.47903314993335966  0.48994633013635380  0.50092480955348462  0.51253526936093841
  0.52406922427519320  0.53491375677685737  0.54583600081570782  0.55656681330911240
  0.56740948920146939  0.57749320335080190  0.58758730709256379  0.59767445827400367
  0.60793681238171349  0.61856355141264929  0.62957488664230821  0.64212079859386284
  0.65334027919581505  0.66424990362572167  0.67467119487174398  0.68537097147646664
  0.69626812542130223  0.70731324780463500  0.71853757700061349  0.72988239915987108
  0.74100176902055803  0.75206521679243488  0.76317425964095942  0.77461690017368734
  0.78552461810878305  0.79636937696746302  0.80683256554580107  0.81700800903802973
  0.82696638595162031  0.83726281689232807  0.84773648093933640  0.85785340823047773
  0.86786089746030026  0.87849274456354953  0.89013176304615993  0.90261163870017636
  0.91493648353624235  0.92674469983774510  0.93788067052338564  0.94856483888029863
  0.95925906176498654  0.97029603209447213  0.98363597985904760  1.00000000000000000
 -0.00759636333920268 -0.00188531233857050  0.00913799270919813  0.03359247643921773
  0.05796301899566440  0.08225745231358292  0.10503463013025115  0.12724002783801105
  0.14761422699222657  0.16811372167424871  0.18880032336477601  0.20964243121603221
  0.23078783672354689  0.25364796109061272  0.27647777466937823  0.29926877396081952
  0.32205804004256638  0.34484510922408051  0.36759686715009443  0.39023345879798349
  0.41265360250402849  0.43501977035738792  0.45735375819890189  0.47969225548421662
  0.50198921145482500  0.52413411715676295  0.54696959264170320  0.57048726818754436
  0.59458234755502182  0.61888291892370650  0.64451812521436747  0.66376720851185045
  0.67479885649719529  0.68875546794136977  0.69034823064743311  0.69188760667670213
  0.69604556857484845  0.70101389674080350  0.70589264226787529  0.71074717977260415
  0.71561814378311350  0.72048492335696801  0.72532118088193231  0.73022993442447415
  0.73517133361346332  0.74008241779999384  0.74494856422617539  0.74976494017348760
  0.75460491271039276  0.75949491125168445  0.76445679395680088  0.76940920713413674
  0.77433070314473729  0.77936460973164223  0.78450484429117473  0.78956150315094309
  0.79455171652698453  0.79953699857701055  0.80454880634728254  0.80959730405574970
  0.81470890673473817  0.81982465106490465  0.82495472033360118  0.83012330278817503
  0.83528180183633771  0.84045346570359669  0.84559637635988549  0.85071973407455392
  0.85582253044852874  0.86092729142955227  0.86604095343533938  0.87122234529506737
  0.87651753703235358  0.88179673013224535  0.88699712475723802  0.89229200806007347
  0.89761630978315110  0.90288000203760921  0.90816773274152041  0.91354596569653956
  0.91893245673777635  0.92425766834237355  0.92959122392289506  0.93496855116687216
  0.94035695965855637  0.94582948975353898  0.95122443545656532  0.95658824619419403
  0.96197894508257642  0.96742288665618481  0.97284934816916535  0.97825362046711450
  0.98365325905084966  0.98910535914186015  0.99454400379188890  1.00000000000000000
 -0.00295935417498262  0.01032073678478483  0.02118914673389358  0.03278947818652183
  0.04529232456652017  0.05800947339724569  0.06947485828370858  0.07982339376450433
  0.08983496504670248  0.09993056064670748  0.11022302102953692  0.12028754632607036
  0.12994190861161989  0.13919146234856314  0.14851807926123647  0.15845955588855148
  0.16806398011319015  0.17758785178388553  0.18726269378670674  0.19794984238307417
  0.20851932550025915  0.21899277821530674  0.22912518406876609  0.24013981385590524
  0.25172669264021791  0.26375701348527691  0.27581698270367655  0.28786512663913755
  0.29907517651486493  0.30950603570219337  0.31940439761304551  0.32914255839975903
  0.33904169206260504  0.34903039594130397  0.35885759024137304  0.36851209438600552
  0.37813306107085476  0.38838690617893351  0.39842107153511164  0.40893576608713150
  0.41910947359305645  0.42897842874176989  0.43927552140983639  0.44899739455895138
  0.45855171160742431  0.46825832725217414  0.47784070906433196  0.48814599957196542
  0.49963185697891599  0.51191830945076788  0.52419158555554080  0.53513801326760158
  0.54591032457911182  0.55686681980566133  0.56744825265227572  0.57771900033918411
  0.58821401465267231  0.59807967325441469  0.60819413874538375  0.61768883608821312
  0.62766321669827907  0.63784720130183026  0.64855326406780189  0.66024084635001079
  0.67186533958179329  0.68359069442932840  0.69528441099236715  0.70615431442357213
  0.71668106969824019  0.72726780720582851  0.73810179276604448  0.74972486786302395
  0.76164691562661846  0.77400725960790850  0.78544826751061236  0.79766281887692536
  0.80887531980275240  0.81952023988445610  0.83018467374193594  0.84061380407826802
  0.85090634378837959  0.86123691399075530  0.87160814302083645  0.88208916122988679
  0.89242650994987449  0.90278285931585978  0.91300649882865326  0.92304717715222862
  0.93347783757179159  0.94356194436773810  0.95404650677253411  0.96306444044939399
  0.97244023943278801  0.98171974083230651  0.99088266582047213  1.00000000000000000
 -0.00261649251389748  0.01028134389935622  0.02024057566301863  0.03105282006888101
  0.04147473800482643  0.05187536053355533  0.06269523082402335  0.07437969037025888
  0.08524146013805825  0.09516540338901661  0.10428507435607383  0.11382456643357904
  0.12317350140762888  0.13419994519545667  0.14540422091844699  0.15667542985438013
  0.16767431470506364  0.17868155048267342  0.18990154488474406  0.20091908892883595
  0.21292014458927708  0.22554266086039387  0.23717728449804731  0.24758323611806571
  0.25823699844949566  0.26894770513730265  0.28021530558908586  0.29160978506189111
  0.30312241126893041  0.31391093081099780  0.32379840513543778  0.33435763976594762
  0.34570546438211458  0.35742958233519961  0.36834621540570395  0.37835378231594746
  0.38802283299746670  0.39795787618721751  0.40960128119775452  0.42074816181422042
  0.43041186991568808  0.44026354138373669  0.45030131079508939  0.46016267269028072
  0.46992904741809483  0.47926698766982517  0.48870934523919091  0.49836174255375304
  0.50902183440081750  0.51998568456061223  0.53056773575135230  0.54104809821104061
  0.55222077037465278  0.56342670016375596  0.57388030455634120  0.58387302547983000
  0.59406241965537265  0.60499947443754043  0.61673350537572913  0.62854550946712462
  0.63914096506605045  0.65052495750541095  0.66231040272636299  0.67316894321624943
  0.68280781909674293  0.69269851705933938  0.70263433726441615  0.71293883578368644
  0.72330271349829234  0.73437240280966898  0.74527247394383733  0.75631616766998111
  0.76735169373014867  0.77826792196735162  0.78900675084643945  0.80078316516091252
  0.81223801627428716  0.82221344171031463  0.83144392456066252  0.84063632815447009
  0.85000685615932325  0.85947879104702452  0.86840114581235894  0.87763846618146490
  0.88811369119540984  0.89862289216123403  0.90883448634043684  0.91848884079604720
  0.92774827291659656  0.93690250224456884  0.94610468891672961  0.95534495035457534
  0.96492131141514459  0.97537031577341260  0.98630274037417731  1.00000000000000000
 -0.00281987999080733  0.01002662366878919  0.02020520857552447  0.03020598590697492
  0.03982133405240619  0.04887071344580409  0.05792844269438684  0.06819082975617416
  0.07800792849747494  0.08778173322856882  0.09749564161937901  0.10753374596207321
  0.11696781704966759  0.12623016237007342  0.13539081495382971  0.14447911318063664
  0.15401529966225236  0.16448357333569230  0.17578056946489137  0.18664664728311253
  0.19658941376619227  0.20621832948755905  0.21564842181915581  0.22512412174684313
  0.23502038598950839  0.24586243975637501  0.25795959854832656  0.27002709143087317
  0.27983097104661997  0.28902193918470986  0.29808691805871496  0.30714295325663205
  0.31614447605934715  0.32479077116469252  0.33348570798373817  0.34300939515761253
  0.35314383712513636  0.36362142424276767  0.37376203095843663  0.38411214444284730
  0.39473163795780097  0.40554681947920740  0.41633207802202982  0.42754147243722579
  0.43924806849874171  0.44990792653327422  0.45989904504976459  0.47042804983697228
  0.48095563036854300  0.49185900123295384  0.50221320428867855  0.51317330290797081
  0.52350844900877869  0.53352832601575007  0.54362466359557482  0.55415392117144024
  0.56446342997114818  0.57437947774245390  0.58429466923419149  0.59533109597067868
  0.60654368474900577  0.61695059652831097  0.62722047995004415  0.63809645374277824
  0.64945481012854045  0.66108832025102993  0.67351283944041562  0.68596842656096146
  0.69748131092961807  0.70836057510230355  0.71877868982498327  0.72922362232673787
  0.74012986998008967  0.75090140006051231  0.76153999159003438  0.77289967411901439
  0.78502011366255664  0.79694637032011473  0.80803675977637723  0.81856896388349587
  0.82891818128241612  0.83938711667164123  0.85055939510668876  0.86333674927654402
  0.87714554461061822  0.89031548912952274  0.90197422595852816  0.91154487725894418
  0.92160377277868843  0.93182302062776390  0.94218002947304669  0.95261913756505956
  0.96356364811894646  0.97590974054558743  0.98765272932490611  1.00000000000000000
 -0.00251660777296263  0.00957224594636279  0.01946982653866114  0.02976566443775477
  0.04024754803403517  0.05021004940274945  0.06083263638873883  0.07138259324670626
  0.08160724284006396  0.09178788918457638  0.10195293192435433  0.11245016065226496
  0.12325200075965645  0.13420733967894577  0.14529777860377491  0.15588131998935495
  0.16611984958463014  0.17652568216104342  0.18707840537840084  0.19793032634700011
  0.20981715406107085  0.22278784938624654  0.23538253858278768  0.24671606625970191
  0.25792562360899085  0.26872140280041995  0.27861771531850599  0.28836999967021154
  0.29884340319104319  0.30965158591787073  0.31973463851343775  0.32925668606033132
  0.33851962552391851  0.34775467320786352  0.35691613743662481  0.36576638340920292
  0.37482995737849761  0.38453818573661575  0.39426085234649971  0.40353275471866401
  0.41269535222104725  0.42223205631558414  0.43228895722774868  0.44261970654140231
  0.45282834237877706  0.46359128693733864  0.47516874781809482  0.48671518334935787
  0.49833710535564807  0.50972224237207364  0.52051570556193760  0.53070999895665616
  0.54072461820691098  0.55133594505864170  0.56245793403450295  0.57392785268809177
  0.58538900715900588  0.59707860938833568  0.60930808481869381  0.62155568437123965
  0.63375013871246177  0.64491606581315686  0.65575792215301076  0.66594517686109733
  0.67598893064368870  0.68602069296084867  0.69611631286877362  0.70538780603012630
  0.71397374596388585  0.72243463425590349  0.73157037439212091  0.74077762392497704
  0.74971786660374762  0.75839101441130541  0.76736186414467611  0.77779318322434454
  0.78898586330315579  0.79992061377489720  0.81036716269855846  0.82146929873163899
  0.83267396205465227  0.84322469278351286  0.85373286876730003  0.86455324642439701
  0.87551355479149173  0.88609926195408661  0.89656053227578336  0.90740716103431607
  0.91814711819282424  0.92858256501033409  0.93927848667185654  0.95049700578542817
  0.96201124384733538  0.97380506091109975  0.98640387086033210  1.00000000000000000
 -0.00250502226488434  0.00896983417909411  0.01950226741854989  0.03149892768895028
  0.04349722210758364  0.05556252774879454  0.06763939552577138  0.07953833519094722
  0.09127890149597524  0.10292069924810207  0.11433666772201928  0.12540997781091148
  0.13621373922250135  0.14719201693765821  0.15907042498043822  0.17072520484585349
  0.18127051482165618  0.19204178099293362  0.20382090626675650  0.21422926130316927
  0.22398639392719322  0.23392410611030853  0.24414352454283514  0.25441873969720696
  0.26420034297134520  0.27474480993309175  0.28592746368482191  0.29708371564663139
  0.30800999631953463  0.31853778203573524  0.32888690567725337  0.33924643468590876
  0.34971059567322638  0.35985077140021698  0.36996365323441427  0.38019367971028717
  0.38978540642689108  0.39916642511189937  0.40820251291199849  0.41790839301435301
  0.42859156131935755  0.43899084932571369  0.44952434066428654  0.46004533474303683
  0.47163118676252280  0.48272559759050043  0.49365763594853801  0.50430093807400478
  0.51493206166305827  0.52571980123816908  0.53691010754714963  0.54789570842061563
  0.55852182706428022  0.56880845351669007  0.57889031786419753  0.58888466727223221
  0.59861231214802713  0.60855765955444796  0.61887835465764685  0.62943660874105278
  0.64021283199934698  0.65143918276383750  0.66260461010901206  0.67253712339573435
  0.68171276785808232  0.69105264344865158  0.70063274908582884  0.71084354848007869
  0.72089362669153967  0.73104430752470551  0.74152354084133576  0.75205323673376623
  0.76247279664906853  0.77302907585784120  0.78381245008381628  0.79444346526925003
  0.80453159378086492  0.81475184397095424  0.82526951694396800  0.83604060334604158
  0.84664609230813892  0.85674627367085554  0.86631356150167682  0.87580905899107742
  0.88542080946508850  0.89525666672258519  0.90534733835525716  0.91548426081229273
  0.92581571391469775  0.93607861592227537  0.94650926860592899  0.95701958716014690
  0.96691952651493196  0.97740430596222239  0.98872601240341262  1.00000000000000000
   61.818224252423100       -1.0000000000000000     
 F F F F F F F F F F F F F F F F F F F F F F F F F F F F F F F F F F F F F F F F F F F F F F F F F F F F F F F F F F F F F F F F F F F F F F F F F F F F F F F F F F F F F F F F F F F F F F F F F F F F F F F F F F F F F F F F F F F F F F F F F F F F F F F F
  <DiscreteSampler_grid>
  grouped_processes
  1 # 1 for a reference and 2 for a running grid.
  10 # Attribute 'min_bin_probing_points' of the grid.
  1 # Attribute 'grid_mode' of the grid. 1=='default',2=='initialization'
  0.0000000000000000 # Attribute 'small_contrib_threshold' of the grid.
  0.5000000000000000 # Attribute 'damping_power' of the grid.
 # binID   n_entries weight   weight_sqr   abs_weight
    10   10   4.460073420845111E+013   7.631828385440747E+027   4.460073420845111E+013
  </DiscreteSampler_grid>
