 -0.00243425035365669  0.00916265060798931  0.01904022183097991  0.02918141127123899
  0.03946468425338229  0.04990748113657675  0.06036269292656082  0.07078311413930119
  0.08099654720015115  0.09128074457036921  0.10168039415571274  0.11215483368979542
  0.12263066377959042  0.13306780757717665  0.14355686714371968  0.15411968224816053
  0.16446469166277600  0.17482054190625199  0.18516809611666110  0.19567547277131028
  0.20615018276290112  0.21664381141282837  0.22709370383982064  0.23755094912296351
  0.24820287178268172  0.25898107290625533  0.26971900921607522  0.28024721649069512
  0.29079731112356222  0.30145009364475028  0.31218235139937361  0.32252298651216593
  0.33276167454936850  0.34300794121679207  0.35345521604507874  0.36380431119526391
  0.37411386760021881  0.38454324583087202  0.39506078054387905  0.40566942274508483
  0.41625308257271582  0.42699841251070703  0.43777595397726893  0.44846176532655685
  0.45920266225224110  0.46974089011642228  0.48030490928898545  0.49067427382905759
  0.50105765819852954  0.51155911708470680  0.52193895488171616  0.53235580556378437
  0.54269322515372409  0.55327670313039146  0.56381645197383856  0.57424388185728170
  0.58467834240188732  0.59532884339133685  0.60591126004423135  0.61633214921549595
  0.62664533269125444  0.63703465998011632  0.64738196124337766  0.65768543916397271
  0.66806618943243801  0.67861714820834551  0.68910735193315487  0.69961150484795109
  0.71013655500785311  0.72077196378829433  0.73137340559480213  0.74185781605771495
  0.75225085190265395  0.76266639067558728  0.77328657355234776  0.78406009264879517
  0.79497092373714606  0.80587431692995670  0.81672579311071136  0.82753806660102347
  0.83828395787327115  0.84906225441457972  0.85989843654053222  0.87070642694253442
  0.88137601301977564  0.89209406444763173  0.90270107643710540  0.91336684582527672
  0.92381608916940450  0.93432072254939469  0.94477455157473500  0.95528396801461934
  0.96599537709094840  0.97694384498288345  0.98836008522678664  1.00000000000000000
  0.00014753564833020  0.00403004013448528  0.00846432775101692  0.01332618870423413
  0.01883446842346909  0.02522413352309081  0.03215882520711820  0.03945316690607744
  0.04747794090702855  0.05608628041129860  0.06498944577619488  0.07420762798299622
  0.08345178044526538  0.09278946669219196  0.10219325255404681  0.11166487667197965
  0.12127111546925630  0.13098303585952253  0.14081996583248557  0.15070199323795275
  0.16067112980468651  0.17060260792170878  0.18064241082970853  0.19080533315781345
  0.20105522863064809  0.21142953363047737  0.22181608663238517  0.23212125181459403
  0.24236050556110739  0.25255410044242743  0.26282271252515177  0.27310164292511446
  0.28339130747641156  0.29375717136314938  0.30411095922145487  0.31445843544173935
  0.32488488012359090  0.33531398745561403  0.34586112150796405  0.35655200524227709
  0.36733364964772397  0.37808860313539600  0.38879136296735206  0.39948051940865303
  0.41020274700108994  0.42104672881493382  0.43191900014452556  0.44272469389952224
  0.45332639082460680  0.46395671540210581  0.47467637247486971  0.48552726907711879
  0.49634721286056266  0.50716683097735094  0.51785896227536998  0.52863502838305232
  0.53942680121530151  0.55035509506728764  0.56125783960437703  0.57206927565430266
  0.58286712372947436  0.59358251578309285  0.60439105678974692  0.61530520151578627
  0.62636904372811752  0.63737387239804344  0.64827895380663436  0.65913586638381683
  0.67012547319260962  0.68122797206681796  0.69233027711116157  0.70341362110626027
  0.71448264651007143  0.72556129691558380  0.73666752265602675  0.74781334089309837
  0.75889017807711934  0.76995528768856736  0.78101416184882400  0.79222553261394246
  0.80352394463266053  0.81492432326816611  0.82634750750763386  0.83772867362537151
  0.84922392052259621  0.86087836964727493  0.87266025534800051  0.88446817603681616
  0.89635610647141306  0.90845828495973857  0.92085715919317834  0.93366664470866689
  0.94708100568685782  0.96157799387311238  0.97883419600702126  1.00000000000000000
 -0.00245017396607800  0.00953463528741059  0.01958380110561932  0.02994846769291663
  0.04027749769406153  0.05074705083051884  0.06128477062679599  0.07184579336513507
  0.08240169980934399  0.09289622360113123  0.10348764436291523  0.11422716280624838
  0.12485997939770423  0.13546691499934754  0.14609749512181691  0.15686478431719031
  0.16761711958776837  0.17831841191656325  0.18897521284936641  0.19957642351605576
  0.20996994908179248  0.22054090619272210  0.23116304131069346  0.24199556779373144
  0.25272213273173671  0.26340647332154288  0.27405765681572514  0.28476072003985203
  0.29564929887795161  0.30652371681424839  0.31715621942258226  0.32757403656486678
  0.33799088242689429  0.34852827070226838  0.35913433422046770  0.36971042597321180
  0.38015255747444532  0.39073577193027387  0.40137925231627791  0.41228716362139323
  0.42294406184607741  0.43348953966500187  0.44375686730152752  0.45415483596925660
  0.46478390652429802  0.47539600884858285  0.48577873981447872  0.49605461838803511
  0.50639702549494792  0.51675375475777441  0.52706582156138537  0.53746424922279101
  0.54796167921587413  0.55851685000249196  0.56900442222774206  0.57957825208012881
  0.59007676981934409  0.60058089622151867  0.61112518125575632  0.62174129049124571
  0.63230559315011481  0.64285677511811579  0.65341736290278829  0.66412206322636036
  0.67490527610248063  0.68555658371516692  0.69616565670738628  0.70673702492693213
  0.71750841521763187  0.72823186280332741  0.73888620475068179  0.74947791746598336
  0.76021415097649125  0.77095738876905351  0.78162580983452856  0.79227477384274880
  0.80265482851877046  0.81316975059791019  0.82354867547767419  0.83419301337112206
  0.84479106997394071  0.85526514747138149  0.86559285546474463  0.87582505577406122
  0.88632222070840816  0.89668435188069284  0.90705307558864234  0.91730158950189600
  0.92776497697509452  0.93813881966230439  0.94843761480103428  0.95860222644336901
  0.96894070982760394  0.97924327421688451  0.98965550998073160  1.00000000000000000
 -0.00250241147153635  0.00945206001561471  0.01952642923423307  0.02977872592479682
  0.04011681407803160  0.05048851770637208  0.06081911265249668  0.07114085459596120
  0.08151576907626959  0.09215998169164225  0.10288291545744137  0.11372947883564920
  0.12443715594622298  0.13505485779459542  0.14555140408095418  0.15603131704422821
  0.16647076798883534  0.17703432373504466  0.18780068943836750  0.19859235959283864
  0.20927875724667216  0.21968786126770642  0.23011285115212654  0.24062577471966612
  0.25112951736356887  0.26150984422648343  0.27176788546782205  0.28200498597907009
  0.29227692887547990  0.30256981704896602  0.31299011783783942  0.32351970163848459
  0.33414634158196538  0.34474688586047841  0.35545726448513471  0.36608149276213553
  0.37669585454315191  0.38734102509289403  0.39792411137562417  0.40863974816332344
  0.41932899835040366  0.43016531988395296  0.44091197996296982  0.45174559454447216
  0.46254473847398608  0.47337073823867404  0.48401818140566355  0.49458233275975078
  0.50500832810348295  0.51542982691533445  0.52595957063477672  0.53664626881166400
  0.54729804426357209  0.55800435634049361  0.56877021685044471  0.57949217849492884
  0.58999527879500002  0.60034330339255482  0.61061082797028088  0.62109243719163887
  0.63157874510883039  0.64217384017522761  0.65265235268646338  0.66309871050511104
  0.67354462724016873  0.68390918619770391  0.69423017277117516  0.70461043350566199
  0.71506363854002686  0.72564211013529833  0.73623848819859572  0.74684564089339445
  0.75720767787217003  0.76748002123268166  0.77767650702649727  0.78808389672358392
  0.79865785802250600  0.80935686716470656  0.81989209637804550  0.83039885631997756
  0.84069882173631394  0.85120403550073753  0.86164638393056037  0.87215132554518637
  0.88255467653495134  0.89298247950696075  0.90360390365005749  0.91429000560468598
  0.92482041387356928  0.93538595764683874  0.94609558418916873  0.95684038716903352
  0.96766877311846800  0.97841457807712962  0.98929019778041505  1.00000000000000000
 -0.00255573430305235  0.00972227779630513  0.02002664670899721  0.03051834842663393
  0.04106458710850752  0.05170167900588906  0.06240829078441160  0.07305263519259581
  0.08362567109730287  0.09418539046615129  0.10499875478624730  0.11552095117522186
  0.12603581760163829  0.13631723382720387  0.14677912840754562  0.15733257889372057
  0.16777606847836529  0.17829942767914428  0.18879754260549167  0.19950008782370593
  0.21025459359706633  0.22098269499089593  0.23163854104563095  0.24213465105423862
  0.25265906919116171  0.26322685233914261  0.27383061581937834  0.28438452856456065
  0.29506087384399426  0.30586615715073956  0.31661341675203797  0.32730529521800217
  0.33785989027967389  0.34852756244466565  0.35900143917524180  0.36949545030667552
  0.37993252301945002  0.39042554438567662  0.40088989645893158  0.41149643549430920
  0.42208273264552054  0.43273531925278802  0.44347822855553021  0.45412480198693544
  0.46473324077167866  0.47513295742690970  0.48555040444720948  0.49585183178505038
  0.50602417709925207  0.51632760008548950  0.52665087337708572  0.53716627421949692
  0.54775551172953341  0.55845968427202719  0.56917240847324702  0.57983931830168411
  0.59039472890965194  0.60096263188477295  0.61147355852689989  0.62198255898736254
  0.63233960406025957  0.64271949217841595  0.65323077371804361  0.66374482667361545
  0.67426362944778362  0.68484669856648783  0.69546283330867897  0.70619333081357560
  0.71681532415052818  0.72746349584144510  0.73784902338688385  0.74820951873159025
  0.75859385406862256  0.76909655939159716  0.77970601105604731  0.79045206208003416
  0.80129286930418042  0.81196035269767919  0.82250148521843836  0.83294986112276992
  0.84357233055789616  0.85413908009246953  0.86471754720845728  0.87530281864133197
  0.88572942762971518  0.89614425986052826  0.90649788221355243  0.91695777368165021
  0.92733279382160472  0.93775034030429738  0.94817988489001603  0.95862198822643296
  0.96887319351904444  0.97908506926469385  0.98948975122642691  1.00000000000000000
 -0.00252480526020875  0.00978488251404728  0.01998979824268434  0.03044612126745392
  0.04072261340324015  0.05116617668764666  0.06165127804188372  0.07201929732568514
  0.08223583069018964  0.09251085188925322  0.10279055259880129  0.11317261088347461
  0.12346477443962454  0.13389372513398723  0.14431210558610993  0.15496302266134410
  0.16556030781242481  0.17602632018167066  0.18652175619555866  0.19707227475907832
  0.20760812912807197  0.21824011476103372  0.22876881646933303  0.23952297675938963
  0.25019232433920929  0.26080617558173175  0.27135484390266978  0.28186435963134915
  0.29240427702586391  0.30299784635767341  0.31353983365348176  0.32396407446313757
  0.33430966854078598  0.34478956523061860  0.35529368904720021  0.36573146195438250
  0.37617411107496557  0.38672450089310573  0.39727964562610640  0.40799468624911139
  0.41841971333143108  0.42892121054393406  0.43923370186664012  0.44976200907090785
  0.46025856349822514  0.47060556594027236  0.48106539701103734  0.49165653082505351
  0.50228916514276234  0.51284768577582007  0.52343149297064406  0.53412338525918135
  0.54499019670278226  0.55587694905043983  0.56654418389036398  0.57724133526542221
  0.58775530553114652  0.59852827330968894  0.60926704344177340  0.62001453585199562
  0.63073677669189487  0.64134424190775507  0.65203402109628872  0.66256738611468824
  0.67297255136307133  0.68325258104925535  0.69359435702984373  0.70402323222551688
  0.71443784319831827  0.72487975418696005  0.73536809999359665  0.74588900919734158
  0.75641479381645771  0.76695881012443379  0.77744746965365263  0.78799652392985453
  0.79842310242156311  0.80894513468631013  0.81945433950107116  0.82993932217926114
  0.84042427405717968  0.85089049540161521  0.86123932416198845  0.87181964374248500
  0.88244390841048237  0.89329929509609785  0.90387865572690984  0.91454324598789116
  0.92526124654427189  0.93570920028343096  0.94623526139527470  0.95666799564866012
  0.96745077208062880  0.97814528059979855  0.98904704459240633  1.00000000000000000
 -0.00250053906612607  0.00945319001227467  0.01971801387682709  0.03016210531156332
  0.04056958461688716  0.05087761818790490  0.06130531142775501  0.07185254003582656
  0.08246871658482065  0.09306496608277783  0.10373186292262775  0.11431532002497356
  0.12509825228756549  0.13578659560364484  0.14618698628903273  0.15626279295526271
  0.16632635131600429  0.17646869331942930  0.18685165477753343  0.19748479522475848
  0.20821992461240760  0.21870594467368620  0.22915908384630396  0.23960203891692583
  0.25029033773298937  0.26076625707321777  0.27125780201699906  0.28177176849891722
  0.29247074471823964  0.30325430806344134  0.31388029139337964  0.32441161776740196
  0.33483596356880180  0.34520885095059162  0.35566340710213501  0.36608566422100264
  0.37665073759411227  0.38705771577262060  0.39750017772873181  0.40793646510265169
  0.41842048303573093  0.42892172883613561  0.43935435624245472  0.44989957416079190
  0.46052283152571682  0.47129481684290758  0.48195807813641128  0.49252434085064095
  0.50308005199242201  0.51354344721259026  0.52411442916856898  0.53450292755456297
  0.54487247932050642  0.55516628541037993  0.56552991984829892  0.57611270158439032
  0.58683359569326310  0.59751747345148931  0.60818899951956118  0.61875830790595998
  0.62943717908808328  0.64011753505622715  0.65083002351520602  0.66137569619037062
  0.67189915207885742  0.68235188228904242  0.69285975059967231  0.70347224122735152
  0.71417846600962476  0.72490137849931480  0.73562476705807678  0.74619620124019237
  0.75677120682658661  0.76727981053013472  0.77796522118246636  0.78868116689088541
  0.79940422525413113  0.81011019358020497  0.82076225234691325  0.83139684580430018
  0.84200812760487420  0.85255984785490802  0.86302340482981987  0.87353391770008726
  0.88401267884543855  0.89447919502563045  0.90499696949820507  0.91571230418087113
  0.92640302826098042  0.93704209011547468  0.94756265221160763  0.95822325566482136
  0.96882933238927449  0.97935018203811086  0.98973246143378224  1.00000000000000000
 -0.00246112914229477  0.00943608077797871  0.01967203726407774  0.02998725875164716
  0.04045916258687417  0.05084406720090994  0.06138238535528609  0.07187612493177033
  0.08225920827736063  0.09285711294400291  0.10333633094283967  0.11395590768098079
  0.12436732141243127  0.13486199567567658  0.14550049484385355  0.15609579370793478
  0.16674655185872447  0.17723327646917475  0.18779411727613063  0.19836381915735832
  0.20900262626235058  0.21977608986822683  0.23032953713010351  0.24087245012887895
  0.25128378692404646  0.26170400182007503  0.27208482681705387  0.28249536552991450
  0.29293600054293373  0.30340064340028905  0.31376674931171816  0.32421914588645773
  0.33469814429403605  0.34523583652585021  0.35582277054584072  0.36645049219663034
  0.37701275417842406  0.38754235558561367  0.39802903273891593  0.40856233067625258
  0.41904865897967458  0.42962389043005494  0.44021214356648858  0.45089390752381003
  0.46152768291257440  0.47218853030323626  0.48278103450221943  0.49344730891301880
  0.50406338739896461  0.51470991238941066  0.52532863219306347  0.53606686079796118
  0.54678684134594735  0.55756624479428374  0.56827588116073391  0.57897004167999333
  0.58960044407889156  0.60014408224336857  0.61082380729096430  0.62145389430120657
  0.63225167779106139  0.64293777526209772  0.65364688710720509  0.66421817363002811
  0.67485887082232976  0.68547186802842042  0.69594549046407317  0.70633930359680941
  0.71668444587805180  0.72705984555889058  0.73746470493443306  0.74791290388120513
  0.75854114557484886  0.76918790801971715  0.77954349330772010  0.78992875907082771
  0.80025042752223441  0.81062226282300776  0.82114715448893361  0.83160216510304863
  0.84229953191186102  0.85288604977439875  0.86343540245829753  0.87402123620544914
  0.88449238492547544  0.89493772991748266  0.90529521666364710  0.91567015694732978
  0.92627940327311564  0.93687441897150447  0.94745321405725236  0.95786797333552798
  0.96825051133294615  0.97865798238382340  0.98927661361639885  1.00000000000000000
   16.072650741675506       -1.0000000000000000     
 F F F F F F F F F F F F F F F F F F F F F F F F F F F F F F F F F F F F F F F F F F F F F F F F F F F F F F F F F F F F F F F F F F F F F F F F F F F F F F F F F F F F F F F F F F F F F F F F F F F F F F F F F F F F F F F F F F F F F F F F F F F F F F F F
  <DiscreteSampler_grid>
  grouped_processes
  1 # 1 for a reference and 2 for a running grid.
  10 # Attribute 'min_bin_probing_points' of the grid.
  1 # Attribute 'grid_mode' of the grid. 1=='default',2=='initialization'
  0.0000000000000000 # Attribute 'small_contrib_threshold' of the grid.
  0.5000000000000000 # Attribute 'damping_power' of the grid.
 # binID   n_entries weight   weight_sqr   abs_weight
    10   10   5.909339842242200E+012   8.450398957118597E+025   5.909339842242200E+012
  </DiscreteSampler_grid>
