 -0.00227194537740122  0.00831265548346483  0.01811412593404339  0.02808192053510039
  0.03925232482519748  0.04956896325962634  0.05995254240042643  0.07067274812076485
  0.08198393369095518  0.09227199832209630  0.10219368954116985  0.11200252412752172
  0.12144222897004667  0.13086710583317704  0.14023651623059377  0.14996536305498009
  0.16006929163775316  0.17029783795950329  0.18032057722775532  0.19018187717594329
  0.20036729792580094  0.21120904798802789  0.22280768547220844  0.23468693181031214
  0.24629189859658998  0.25786864601687182  0.26967944935156080  0.28119603762667528
  0.29265486621410486  0.30425351237494885  0.31534312691669231  0.32603172744958875
  0.33693739591054345  0.34835412212186700  0.35926033248183126  0.36976551165134114
  0.38122949162314285  0.39295543548383860  0.40331972584093756  0.41332855673913138
  0.42420095319055351  0.43556609232561999  0.44632934187289658  0.45628606851492060
  0.46657405700353316  0.47702847111167784  0.48698243337555291  0.49666616555828752
  0.50576726133901362  0.51469371999140889  0.52373308284319176  0.53328268696305980
  0.54221032380483436  0.55170416345376916  0.56128661862500739  0.57240702273863986
  0.58473838665080091  0.59740309824528681  0.61017158427556717  0.62259067226255393
  0.63410525841147902  0.64501460001529110  0.65582665401405005  0.66635517937360833
  0.67660551195949792  0.68654251679552969  0.69637195801726615  0.70612329996384504
  0.71611208357097511  0.72649000764548866  0.73760066452945117  0.74941615370055992
  0.76062606231838104  0.77146420625499335  0.78242504048189387  0.79272417929000072
  0.80339908141189864  0.81398738995514752  0.82507945087166845  0.83603101990697382
  0.84625640792567813  0.85567918340906801  0.86497195816035366  0.87442896563426331
  0.88422437447805413  0.89379873343835292  0.90300703810508853  0.91199407845207325
  0.92110665937248304  0.93134862404931107  0.94149407377236138  0.95342448780847078
  0.96509309376479269  0.97719392226901336  0.98871040998378679  1.00000000000000000
 -0.00036627075839359  0.00549406292636122  0.01176584087480697  0.01869746383591841
  0.02634597355751324  0.03453213686543388  0.04261226615665970  0.05151527903493548
  0.06065041855650534  0.06966423935255299  0.07868252307940886  0.08741655204050240
  0.09757001078922416  0.10730434219089000  0.11738131001361471  0.12752902177308850
  0.14000683185727408  0.15147961094347936  0.16169234860931656  0.17173853103574205
  0.18176097594936388  0.19175956260914806  0.20150646507843772  0.21172647219691004
  0.22307870573018390  0.23319370531068401  0.24324849747283228  0.25304828517578892
  0.26293844400219124  0.27287596542525322  0.28247574539078724  0.29210320302767601
  0.30187791978426570  0.31191563677228251  0.32224559829696597  0.33300399431695782
  0.34387608080330773  0.35548205791047555  0.36718070883912168  0.37826826342971842
  0.38783906392428474  0.39744563891391521  0.40733121956892954  0.41746166735557089
  0.42781580026361599  0.43923255628266894  0.45106755581141139  0.46203693510051191
  0.47270067162309742  0.48285377391247797  0.49295709188514125  0.50290399175052292
  0.51254716481965867  0.52250230975306233  0.53275009904752990  0.54374529694279483
  0.55485676901471681  0.56600851844707212  0.57738069772929224  0.58822899905978432
  0.59862462595890953  0.60934866096450369  0.61967522357592675  0.63048755261777989
  0.64153549027014167  0.65329321179601785  0.66464109510198666  0.67741934788262059
  0.69031972191973345  0.70469367783047054  0.71652309862310681  0.72745531022096788
  0.73781610002306441  0.74791171461542261  0.75851695548550457  0.76987389340525147
  0.78206154075872814  0.79391980669447049  0.80504137939790921  0.81595242806885393
  0.82678683848424617  0.83728796700902108  0.84753579425028858  0.85771730535878654
  0.86787788152643996  0.87833376747749770  0.88935307218406623  0.90079510761427661
  0.91258339439608926  0.92479504556903536  0.93711303074850849  0.94900984393579746
  0.96122786679633243  0.97373375891795511  0.98634239276702518  1.00000000000000000
 -0.00890244563030215  0.00023532990381761  0.01303155584505218  0.03804704641941591
  0.06312615467101818  0.08828549658944168  0.11167912656859631  0.13418047198551247
  0.15542409289305589  0.17650445756578184  0.19734701712358724  0.21847712326031540
  0.23973727046020041  0.26219195019392744  0.28465822193603746  0.30713950439452742
  0.32957696696711380  0.35198175260553588  0.37425955289356910  0.39651734671117228
  0.41876634669349366  0.44097657622805170  0.46314943679774351  0.48515590073217929
  0.50712445388187866  0.52910255920795024  0.55150482278532409  0.57465435253975161
  0.59858635131960480  0.62305679455463958  0.64951189831092471  0.67378275668750864
  0.68085294917297856  0.68870490664474748  0.69071055273390536  0.69268973145909851
  0.69738287561428236  0.70222222472098661  0.70704997740958586  0.71187040685141467
  0.71667331035527315  0.72148531172160801  0.72636544869480435  0.73123577222270708
  0.73604446725987849  0.74083326907518443  0.74564955336502148  0.75051048435450407
  0.75544296290062074  0.76037471781254473  0.76533696143859986  0.77032355383732176
  0.77533913563424328  0.78035842948262080  0.78534360182574614  0.79030247178275836
  0.79532679958914099  0.80041116182671357  0.80551838728676373  0.81064886707149930
  0.81572586725546292  0.82070725409165302  0.82571789693269715  0.83078536406044545
  0.83584714068382082  0.84089926848620355  0.84601564944268282  0.85117269191323430
  0.85633455866008013  0.86151840181324713  0.86674360481772450  0.87198358844810142
  0.87722899393770137  0.88243138436669377  0.88760220382295318  0.89282148823954066
  0.89807144682978857  0.90329171891576565  0.90854610736912955  0.91383743296283848
  0.91912709186375652  0.92438842917664865  0.92965978010216055  0.93503080260359495
  0.94043957928149435  0.94579466783235322  0.95111174352837369  0.95644291449216157
  0.96179230307847485  0.96721334899510925  0.97262824037881768  0.97812180141663307
  0.98360687130031232  0.98907614237334340  0.99454069050030514  1.00000000000000000
 -0.00220247598390033  0.00818023806674001  0.01792162130154985  0.02787317691880260
  0.03828975191199205  0.04887293101837146  0.05954112616989593  0.06969837196673287
  0.07931991373815787  0.08914780801495144  0.10010594678105311  0.10970756731500808
  0.12015076222433040  0.13045110331981105  0.14030807476384172  0.14975865606197553
  0.15837457434806407  0.16726433048914460  0.17721733359900019  0.18779280188013325
  0.19887420856445326  0.21052031094089665  0.22205321630075153  0.23264432997480025
  0.24242314651800784  0.25213230756111066  0.26202130613217062  0.27201504495154000
  0.28220535858256574  0.29220110477045452  0.30165528845539413  0.31114816508406207
  0.32090720884624568  0.33066870967167405  0.34028513982931269  0.35030816515038704
  0.36239972208070281  0.37559417771797060  0.38830507443516687  0.40031087513363323
  0.41243302402005549  0.42488995547918340  0.43790741359848800  0.45143103287600134
  0.46420392168186031  0.47529009849226056  0.48524856496694652  0.49413695348135334
  0.50320138230125866  0.51224630705854279  0.52150998133479121  0.53079318409243947
  0.54002903266604996  0.55013082199665853  0.56098366423697044  0.57217740857199995
  0.58343155289762016  0.59417489302225956  0.60483367907627861  0.61586968421085309
  0.62636574904109199  0.63590018159257200  0.64540925222967649  0.65524825692852395
  0.66497756527478036  0.67424042626433456  0.68331445397680501  0.69357200640269312
  0.70526046270770448  0.71750193042722854  0.72986725576169498  0.74221873918888603
  0.75446793521460864  0.76653858622363480  0.77796485479190136  0.78910310915655013
  0.79960725773929175  0.81083081152436054  0.82184970619442999  0.83292891263360336
  0.84279382520339430  0.85275746358318816  0.86298961392945672  0.87333441185490812
  0.88323104883133263  0.89295884527550751  0.90417933329167777  0.91606602214684107
  0.92725125724003232  0.93777709785469832  0.94829135995759595  0.95861813687940978
  0.96926058631494105  0.97925755001724213  0.98988582407393122  1.00000000000000000
 -0.00208836714812285  0.00861609774366053  0.01771478384617948  0.02766138028634758
  0.03759892722935474  0.04813100100880464  0.05876129783865749  0.06950913054079799
  0.08064409640088241  0.09227962769244863  0.10422254141874489  0.11602309274042981
  0.12763690061892483  0.13984954056135249  0.15119698590186642  0.16157868881654167
  0.17161183490349213  0.18161425711520632  0.19173066109082365  0.20178491454965616
  0.21164863640564505  0.22132315462724200  0.23142391463974432  0.24222229043005222
  0.25355458108489765  0.26445427612796851  0.27501977398467314  0.28531230962386706
  0.29578661316200378  0.30660479686319037  0.31706936860280105  0.32766308952523066
  0.33804253140904672  0.34826470431891571  0.35812207092431891  0.36740530996883658
  0.37623868464726223  0.38475189544849814  0.39358188889955581  0.40309132862296349
  0.41288344461909360  0.42288165063983363  0.43323761840227132  0.44431939256960967
  0.45609578206720575  0.46759917555569797  0.47791041997487399  0.48721121458388550
  0.49604378354203710  0.50502663532161229  0.51437218866682843  0.52434617898171576
  0.53478908757936394  0.54504811216427407  0.55480290763279971  0.56452667979586213
  0.57472057432288781  0.58515827230951400  0.59534630160545843  0.60497533110744950
  0.61431375926406950  0.62363754190774734  0.63319927132521048  0.64301356003502108
  0.65309368670957935  0.66354712358480827  0.67444237592488021  0.68540088432861634
  0.69645497341143381  0.70748073855818061  0.71790906542399013  0.72777059343923722
  0.73753525638978035  0.74767434802057708  0.75729679237357361  0.76631154348750297
  0.77606445436939719  0.78655352775357246  0.79751074712847447  0.80777623576960333
  0.82043138957378259  0.83389354319608633  0.84729291665153783  0.86055339193159996
  0.87312067348503797  0.88506851691203836  0.89684433801239416  0.90870368623330955
  0.92069317958202945  0.93251499621944711  0.94415725590963984  0.95554001015858681
  0.96664960227758789  0.97771588634535855  0.98894066743701126  1.00000000000000000
 -0.00219900601912915  0.00871714182974532  0.01780003816194439  0.02754624575447478
  0.03729849764499190  0.04693593462488263  0.05674842924850197  0.06662735790036375
  0.07656708237121337  0.08664397451831649  0.09689051495229026  0.10699950525993085
  0.11720272959403880  0.12741394709092749  0.13758823500543624  0.14730068357030424
  0.15789302876081873  0.16923878063352024  0.18169113789246444  0.19393679202581515
  0.20529463584114038  0.21631387171415783  0.22698760295619655  0.23750068169747063
  0.24830044099683321  0.25960689081580463  0.27108852827000263  0.28162900649398825
  0.29187124710556855  0.30267389990114713  0.31339522615373488  0.32419584107719451
  0.33533712291065948  0.34801061393545185  0.36030364108833324  0.37186002715181721
  0.38309459289146969  0.39444866248088550  0.40592177801847651  0.41719678103816982
  0.42769591627207759  0.43726842993655590  0.44677352570688161  0.45655532344837629
  0.46632322209686089  0.47574465917642406  0.48498032041301098  0.49402252876895947
  0.50309207776258258  0.51206323460076431  0.52127703969920336  0.53373626297355403
  0.54613692866076202  0.55899622273190641  0.56982144907949606  0.58002358815133537
  0.59031813603534145  0.60083668018873537  0.61116692669958572  0.62140172183416897
  0.63223211353323250  0.64369003261346536  0.65515376091208577  0.66631773696206020
  0.67732650081691126  0.68845610273523683  0.69943520771955126  0.70970187484150238
  0.71953895587677852  0.72927412687478732  0.73909368286070332  0.74900986347711451
  0.75872427492193661  0.76819509564577104  0.77745745921031928  0.78659318927748123
  0.79607121405013292  0.80552947125773133  0.81526624196993691  0.82602135092200657
  0.83800781114621992  0.85152933123304153  0.86362326597396266  0.87452081184462982
  0.88550374412044963  0.89627047533721116  0.90569393333512904  0.91495748236615815
  0.92422170161376127  0.93397155398450249  0.94400592515031378  0.95431691604791902
  0.96551449182541460  0.97718150522121394  0.98830739513442611  1.00000000000000000
 -0.00217236832669432  0.00837043864324157  0.01814180810591680  0.02778193290064073
  0.03833725546850868  0.04958923430952743  0.06063748937187949  0.07087220536894412
  0.08069276891597729  0.09051259139634633  0.10026733736094987  0.11216585573430811
  0.12480271595946230  0.13654266661104847  0.14761857631162628  0.15856041674846105
  0.16990497562927753  0.18124890083784506  0.19258107964295620  0.20647613299704767
  0.21661638843384351  0.22741635196939280  0.23688248217142618  0.24682403428639091
  0.25663350704953042  0.26610009033753279  0.27547263454100357  0.28477262139635801
  0.29446738946405482  0.30560414103850331  0.31698510960113330  0.32878426023078861
  0.34063060482857149  0.35368631519031896  0.36640064378484027  0.37955517386905102
  0.39214704913761628  0.40402538415277955  0.41545659868332030  0.42700251156825320
  0.43876836972341171  0.45093631141408130  0.46225602843563268  0.47198570055078476
  0.48195791916369796  0.49259412137726194  0.50352748698763539  0.51466067269516447
  0.52551773407619118  0.53615122563067219  0.54642894272657649  0.55577538198703591
  0.56513357334633574  0.57431008656452442  0.58363969725538523  0.59320123931661051
  0.60306826803261970  0.61344810606193290  0.62383661834531823  0.63384726739221320
  0.64371592947982681  0.65362423605428543  0.66353390336550588  0.67349474121097297
  0.68284460881355458  0.69328154146830112  0.70434750160376891  0.71615780747586189
  0.72831873236855338  0.74008781727011663  0.75103421768600997  0.76039951488236635
  0.76980347548297279  0.77938926499457428  0.78892390280044422  0.79806523957533693
  0.80721927991676101  0.81701344532707676  0.82736501282467567  0.83751125368861357
  0.84724187829760189  0.85698545454722463  0.86683557627732077  0.87663689072999829
  0.88646541814296620  0.89639539540553992  0.90610036456576881  0.91595956655073008
  0.92554870023025659  0.93507134876978926  0.94474725927775183  0.95450023501214443
  0.96549284431844662  0.97725986449380564  0.98847502143567301  1.00000000000000000
 -0.00314059080880234  0.01078650110609095  0.02222056008371260  0.03287900852175825
  0.04329354462312014  0.05382553824375477  0.06428404303270273  0.07510493966471612
  0.08575161682118554  0.09638881892711886  0.10720744439248918  0.11827514848069479
  0.12925222875630057  0.13971308517056341  0.14989150214158523  0.15983292775434260
  0.16987520477467818  0.17954477032162883  0.18958434391438411  0.20037572561155648
  0.21171763845541211  0.22303846691244253  0.23375069009484198  0.24395415930912726
  0.25411645494761553  0.26407131225496577  0.27483522052024262  0.28621612188065443
  0.29689822932772225  0.30720242192418390  0.31712906542111247  0.32675727189035358
  0.33606481196350513  0.34500341463896389  0.35395040927049609  0.36297478025010338
  0.37181966177956732  0.38175562047784911  0.39216238402702752  0.40272273873110487
  0.41315282354338789  0.42429376412235609  0.43581360275466224  0.44622034875626498
  0.45635519343039377  0.46667824467118035  0.47711976390957900  0.48771755170315612
  0.49902412220518394  0.51233631701787530  0.52538314426702881  0.53734713684476421
  0.54892898051280914  0.55982454786055236  0.56963926425023503  0.57872452681387887
  0.58819302627660142  0.59830467773253959  0.60884447809666076  0.61944526475608130
  0.62943431997372246  0.63886006896224556  0.64835370055977615  0.65775578228208831
  0.66696258085406035  0.67556763106219775  0.68422829884656311  0.69373590334213708
  0.70385932551481689  0.71450223569565441  0.72502817235710681  0.73514032890263936
  0.74516247326841412  0.75569521200361811  0.76651929844912858  0.77728699185536809
  0.78807350408026056  0.79919028678531989  0.81048521673491603  0.82158876309143902
  0.83294898705417841  0.84502215560966354  0.85720843787971834  0.86884921419462824
  0.88011494288737691  0.89101412015481329  0.90253344089705256  0.91449170736908958
  0.92651544724847668  0.93770923902437453  0.94814598306032360  0.95857863277773836
  0.96866345768361040  0.97921681941980188  0.98933065636692041  1.00000000000000000
   63.383033541650946       -1.0000000000000000     
 F F F F F F F F F F F F F F F F F F F F F F F F F F F F F F F F F F F F F F F F F F F F F F F F F F F F F F F F F F F F F F F F F F F F F F F F F F F F F F F F F F F F F F F F F F F F F F F F F F F F F F F F F F F F F F F F F F F F F F F F F F F F F F F F
  <DiscreteSampler_grid>
  grouped_processes
  1 # 1 for a reference and 2 for a running grid.
  10 # Attribute 'min_bin_probing_points' of the grid.
  1 # Attribute 'grid_mode' of the grid. 1=='default',2=='initialization'
  0.0000000000000000 # Attribute 'small_contrib_threshold' of the grid.
  0.5000000000000000 # Attribute 'damping_power' of the grid.
 # binID   n_entries weight   weight_sqr   abs_weight
    10   10   2.993338592157750E+013   2.376085959026018E+027   2.993338592157750E+013
  </DiscreteSampler_grid>
