 -0.00226656062335249  0.00947103669709686  0.01902228148350594  0.02978054015004881
  0.04001728379664186  0.05199244619608820  0.06332639558670591  0.07347449911484631
  0.08348627549215643  0.09421512507120744  0.10490614592446369  0.11594388254290831
  0.12643414909677869  0.13673512098230933  0.14690223437618569  0.15736490317042895
  0.16841100033845688  0.17929662035639027  0.19029259803793963  0.20130162706411034
  0.21167093603363990  0.22120300884414221  0.23138056339273008  0.24201019380323729
  0.25285264660449835  0.26295023275187140  0.27315260141860986  0.28374362739092229
  0.29450394673388319  0.30525267229552838  0.31614191691999799  0.32681077073980930
  0.33730041405776928  0.34738551638598580  0.35824653732537909  0.36965565810187190
  0.38229305806246255  0.39549731940590305  0.40726731340090083  0.41834658876688646
  0.42884791016808710  0.43861539387191051  0.44782629147188752  0.45693176475545033
  0.46733709642569016  0.47803688183111948  0.48901780401174549  0.49899611037470110
  0.51060387604982926  0.52118371149968568  0.53180289667100111  0.54263216424530203
  0.55390094067103779  0.56547810961727929  0.57730886752560162  0.58886306955599155
  0.60035633720037651  0.61146771141629885  0.62256979171351035  0.63384403927908128
  0.64535407752628748  0.65673780003049032  0.66774501467921510  0.67821836826904769
  0.68841526552491417  0.69874990303862827  0.70935846975684647  0.72005501044958753
  0.73067241936564609  0.74138017564243641  0.75175475657146151  0.76150617900557416
  0.77073067616778790  0.77994921450150945  0.78908583691285505  0.79858414113851617
  0.80828157951603330  0.81840751467090378  0.82857396553361795  0.83913281656788896
  0.84941096325664278  0.85968157136644974  0.86952059481896293  0.88002160093616033
  0.89138021769222231  0.90257625965501631  0.91401918276023431  0.92590362460210329
  0.93718075101079623  0.94750303735238606  0.95697881461559464  0.96593395599161069
  0.97488430515113134  0.98326489182963139  0.99163927008663610  1.00000000000000000
 -0.00041464214547198  0.00613613492015098  0.01281797556034784  0.01954997401029515
  0.02675702437232603  0.03432151126186180  0.04264489591725643  0.05170209260924276
  0.06067676540265110  0.06938253109613024  0.07789232666073628  0.08635813020857951
  0.09526389768383133  0.10422095381181506  0.11338578242742628  0.12265066172398775
  0.13180149057230467  0.14055354896299141  0.14925510686438861  0.15825070066670319
  0.16802430509278801  0.17875359840202848  0.18948380072304105  0.19972147831259374
  0.20970477666379139  0.21981162331255599  0.22999696703732095  0.24052260248800156
  0.25198717041897051  0.26472691789146813  0.27776586728172553  0.29006574841890109
  0.30178907317787840  0.31321814029491879  0.32412698873765083  0.33505032801203016
  0.34608205502421707  0.35668284238909592  0.36605733320418493  0.37524291664848586
  0.38490161388586913  0.39518812242619883  0.40597158597023114  0.41669373068476034
  0.42775625939259571  0.43874486567292298  0.44973513823183786  0.46047450394943162
  0.47011292485769413  0.47948050394747094  0.48911180786676978  0.49913655717318428
  0.50895839439581281  0.51849901141346399  0.52829377522285248  0.53878652730437715
  0.54870066779514970  0.55948186628601004  0.56970472900190872  0.57991558088643036
  0.58957938102609786  0.59931954615575012  0.60905554220337532  0.61823827087503180
  0.62745100804184994  0.63749014996088860  0.64825428939081420  0.65967747684816991
  0.67152781620023239  0.68362849176001417  0.69606107608211498  0.70916849106051738
  0.72264975234458706  0.73605226569504600  0.74891437071650369  0.76166063595783673
  0.77325433912927521  0.78440614135728615  0.79566236423566505  0.80695162042114343
  0.81811231059976020  0.82904102753846132  0.84001753147693958  0.85097161982644687
  0.86188106900122763  0.87272001259168996  0.88303529595351393  0.89366099672002008
  0.90517382194878504  0.91664080500947276  0.92764521132260092  0.93922924926878903
  0.95208840140162621  0.96521652933151036  0.98037747051292434  1.00000000000000000
 -0.00840535842555148 -0.00092516699708288  0.01211446950704205  0.03673909812459993
  0.06115185096413613  0.08543238736337329  0.10782849159916824  0.12957486714863931
  0.14971149941709194  0.17014191059426850  0.19079318933915382  0.21146248404561216
  0.23274237623307728  0.25510295770820418  0.27692042082055096  0.29854367333833876
  0.32039619791366181  0.34241806466799957  0.36474540896154178  0.38724360983145595
  0.40982453275940967  0.43247119441764093  0.45506458630408775  0.47756068818474984
  0.49975264192140517  0.52179577610651218  0.54450068762361437  0.56745250300228389
  0.59131142127688763  0.61590578436125187  0.64160483118212497  0.65857325013250312
  0.67287893884108718  0.68786216878602102  0.69033644373064817  0.69173460548129384
  0.69552152280287882  0.70042571790371611  0.70519374606902230  0.71000665913346084
  0.71485133780326304  0.71970494603936086  0.72457801030361679  0.72947205838628881
  0.73435764621428168  0.73921451319540499  0.74407142578594354  0.74892968724004894
  0.75379374028534696  0.75873906960932957  0.76372621640822491  0.76868252866340503
  0.77361517307781236  0.77857000027220014  0.78362130211340086  0.78870390295172443
  0.79377889352563069  0.79882754721280558  0.80387860380593312  0.80885828820958183
  0.81384231926293860  0.81887291135859652  0.82394750161695973  0.82904688451385955
  0.83413584472013991  0.83921919981288839  0.84435129529351793  0.84958273810407037
  0.85490726215290724  0.86018332910964546  0.86539755370007110  0.87060752469537350
  0.87589368157089742  0.88122661304666450  0.88650845677766454  0.89177859911633650
  0.89712968705785290  0.90259026223064975  0.90800363988864385  0.91345840034529480
  0.91887532162850660  0.92417450076466356  0.92946252060158319  0.93484242092819281
  0.94025472259555043  0.94563195322251103  0.95099455219268125  0.95638683205428032
  0.96181232482065560  0.96733629865159620  0.97278674068710513  0.97823649268508006
  0.98369932185451670  0.98914024928577693  0.99457679903777685  1.00000000000000000
 -0.00202989393647147  0.00776337598354154  0.01611098581805634  0.02555557989490192
  0.03584298167827989  0.04715116380407022  0.05878055073284177  0.07046832215538530
  0.08158712243420781  0.09113407982198521  0.10044198016034482  0.10990271858492415
  0.11977623173898448  0.12998177161293575  0.14021558685680174  0.15027401233935772
  0.16056906628837203  0.17103068089140719  0.18186730780212668  0.19286957378014249
  0.20380494368310889  0.21461075563084170  0.22572018453487741  0.23748591329357926
  0.24919135193662834  0.26005960515202886  0.27047130502596672  0.28136306361835095
  0.29217771304129914  0.30243525565230311  0.31285688635461062  0.32383835293340968
  0.33428642667035402  0.34345524388123450  0.35235877588664721  0.36173670646297712
  0.37144533858958334  0.38119550185925649  0.39080038501815056  0.40127730929045252
  0.41174829666529478  0.42158644677337059  0.43085421941013408  0.44014135757701583
  0.44995579316350276  0.45994155852634061  0.46994461929723214  0.47964912335160670
  0.48897319672082812  0.49819414965453512  0.50734174163781787  0.51687954803615799
  0.52782391757876357  0.54005117784333079  0.55132199132963100  0.56243790691116757
  0.57360343892889576  0.58437763446916813  0.59464304744512442  0.60524168954213220
  0.61666462780645415  0.62891203693526987  0.64187030118446753  0.65383750857393308
  0.66517472871968431  0.67642879983258242  0.68747287139941426  0.69813243976103390
  0.70889543636856767  0.72026905138910113  0.73110786136822103  0.74073429348148689
  0.75036260404850719  0.76008649416307783  0.76989973588988880  0.77985942657438156
  0.79039646723710577  0.80151340516302738  0.81281682846573333  0.82398155002241502
  0.83515537848503696  0.84678039289988960  0.85820584779001374  0.86938918237170426
  0.88018437791118065  0.89089562686550483  0.90165063799856204  0.91204027245208363
  0.92211414366559930  0.93253348958018611  0.94320497919214363  0.95421253567858355
  0.96492421772962556  0.97621729122561662  0.98785989140242070  1.00000000000000000
 -0.00239839990291421  0.00927747012907130  0.01855668303052151  0.02822333881912240
  0.03788947993446986  0.04819452871810617  0.06006687442491125  0.07038139560121728
  0.08086235763858352  0.09051298894653120  0.10034181943704758  0.11071436923959634
  0.12216652500254566  0.13330739366163560  0.14443209433832080  0.15545597006345746
  0.16669814540937763  0.17764567957828400  0.18853342957027214  0.19953668869223481
  0.21053790821442855  0.22123894256283796  0.23117305357460080  0.24051396170560210
  0.24974909082767202  0.25973027232587537  0.27053141636316108  0.28113695283651191
  0.29226907421398118  0.30331270576115699  0.31548089010213820  0.32687047255881624
  0.33878312710828645  0.35067872840731257  0.36208031409495395  0.37342819674106958
  0.38597123809747946  0.39938642316813255  0.41269735471890806  0.42444004143351066
  0.43587491818860613  0.44618412997819795  0.45664272532924627  0.46628230148840072
  0.47590221857939957  0.48618248497220629  0.49599890358096088  0.50628008721496132
  0.51645448291899698  0.52682017284066607  0.53707142740256042  0.54718235021181394
  0.55767459303480438  0.56744235822877753  0.57743590476098883  0.58675275324518694
  0.59594723887140366  0.60533040085386891  0.61508536718498563  0.62558367260835301
  0.63554431493100583  0.64576589605509649  0.65542323447084450  0.66460704707172624
  0.67382414185312667  0.68304261662392529  0.69294673511181537  0.70379480010692075
  0.71487473361343112  0.72591765259762386  0.73736760218060049  0.74905564984266582
  0.75953413469471864  0.76974855181578794  0.77963968719658394  0.78913905402168305
  0.79856312355898651  0.80808926233348233  0.81854719448250557  0.83010664335283613
  0.84155819442790658  0.85327586926630916  0.86383778165749847  0.87479570086792224
  0.88493118802811999  0.89530716888877315  0.90523259125412059  0.91592650278522170
  0.92762411715620507  0.93876428662088429  0.94879841984442115  0.95864211208566230
  0.96948424119277343  0.98026902164116381  0.99026774842553011  1.00000000000000000
 -0.00208366218165927  0.00749506041922468  0.01677073470948933  0.02635045571727876
  0.03659914446569201  0.04691183819948704  0.05701992309277942  0.06792177426386314
  0.07862883451064989  0.08924886919142409  0.10127474435658396  0.11355579159396162
  0.12551230566486227  0.13733514639232142  0.14893042374742108  0.16069297990286865
  0.17200670754925912  0.18247923046472692  0.19262533147504390  0.20272097990103058
  0.21243497654266591  0.22192350662706553  0.23146164900092667  0.24267512301590502
  0.25356999490744625  0.26432852459156386  0.27504390072070189  0.28741652167657644
  0.29794016859943701  0.30827037050951850  0.31810819425864950  0.32767209252409596
  0.33739059196022103  0.34771471531345099  0.35882476500660904  0.37034525869902502
  0.38171658760502064  0.39324045783192202  0.40400261526062742  0.41472762511979699
  0.42525106879660945  0.43616932433872041  0.44702814200134056  0.45777587190433494
  0.46883484569985417  0.47974698864572918  0.49056684490322255  0.50135032274854285
  0.51163450457752646  0.52155747044353951  0.53112493482131451  0.54065658756338908
  0.55064681912260793  0.56073048380415647  0.57131820092236230  0.58086800635105096
  0.59186277341124016  0.60293885440529160  0.61406235513704288  0.62496906833088683
  0.63552675635393019  0.64615507806790118  0.65721523756264577  0.66874448630790773
  0.68045577612022623  0.69204304015568530  0.70340766256710907  0.71400851479504612
  0.72360628250371584  0.73364120902675067  0.74445021094921560  0.75552209362491074
  0.76641109406593555  0.77773687162234229  0.78967885863839105  0.80149148897071076
  0.81275222546552295  0.82256439305295082  0.83203083609528283  0.84105285233011184
  0.84983623433271749  0.85859699053608041  0.86720040360615180  0.87555425060532877
  0.88414859152211511  0.89299739003049261  0.90407718930776715  0.91543298505906734
  0.92743107356765775  0.93906042237201126  0.94966248888174987  0.95993051546237163
  0.96984515845202823  0.98008599842726851  0.99009202035805643  1.00000000000000000
 -0.00296603524178772  0.01084204635819536  0.02151261396130785  0.03206475136823869
  0.04222011331113394  0.05134473826211182  0.06045457691395058  0.07074670265099557
  0.08120087515407311  0.09054694032422711  0.09930601431768397  0.10845416143957783
  0.11875625871124033  0.12951335381640566  0.14012110323482113  0.15059659611182033
  0.16092172856670858  0.17094685688302111  0.18088178794469315  0.19113558778312451
  0.20196680923045202  0.21266592764225103  0.22346688063840639  0.23436560917778990
  0.24680550723709799  0.25769270661908700  0.26902810432160401  0.28070297432482394
  0.29185516678757856  0.30284936997667317  0.31373924835325695  0.32512104843397877
  0.33669841638130132  0.34739324049368164  0.35735972769639612  0.36687286259209106
  0.37659683294681651  0.38652106334674935  0.39632381027971819  0.40651451388955190
  0.41655367484019640  0.42657344040898643  0.43636741989867855  0.44634434614354179
  0.45690513975869973  0.46769219388405792  0.47946581837834445  0.49200331481576204
  0.50445966830144062  0.51529261331348031  0.52642653939812023  0.53752730081749522
  0.54797532433250540  0.55897289575836617  0.57004797442332311  0.58129350996580564
  0.59178734621618589  0.60262380788089531  0.61341803178241106  0.62424002235152531
  0.63528865286880920  0.64672272436875777  0.65812497515761392  0.66926021149653903
  0.68052939591014705  0.69155463410924234  0.70230132969736858  0.71304221628293429
  0.72322317426582960  0.73285001771436320  0.74201747654878469  0.75140615319438908
  0.76203585480635061  0.77294327581541789  0.78270914215237630  0.79282821914881252
  0.80328096264780513  0.81363058523309439  0.82361538037032167  0.83308571934673992
  0.84310361205417328  0.85331923029126511  0.86414941231860287  0.87474574211446254
  0.88505145380607309  0.89563025662260698  0.90709514270558955  0.91877289832421349
  0.92918813506826281  0.93966877141219363  0.94929381752780895  0.95865864478678808
  0.96924067225826027  0.97940985325890073  0.98996479021322548  1.00000000000000000
 -0.00212625961995323  0.00752334257335654  0.01673557346553691  0.02673457840620214
  0.03778044223167623  0.04952420441789855  0.06127054857964275  0.07256431639056693
  0.08321971914075560  0.09364937409622356  0.10409712440243345  0.11470018782478762
  0.12564522269432027  0.13676797437705143  0.14732721429016934  0.15708295003384237
  0.16730103337812197  0.17822458038032060  0.18910539780424121  0.19947334756060700
  0.20914098854620122  0.21828806499457604  0.22759708416495730  0.23672716060733645
  0.24535136717942485  0.25389494174300858  0.26287052085192364  0.27239218574973839
  0.28507455204125659  0.29607282038695293  0.30666803913481050  0.31649085295379886
  0.32612886364936877  0.33586126143427858  0.34499405652495607  0.35458605756710349
  0.36424365783565033  0.37414438557665830  0.38439930006850764  0.39556079419275703
  0.40678997397449601  0.41861958970985846  0.42997171994200900  0.44083603905303670
  0.45122035612017852  0.46214130274410137  0.47436208335867835  0.48752524257697438
  0.50008359348638709  0.51317769145812764  0.52544054129555573  0.53736820319669976
  0.54916149488989918  0.56087263283316380  0.57245315291931842  0.58369189412050104
  0.59363867645535739  0.60394761181805867  0.61455111198433909  0.62486668249079269
  0.63492316862869735  0.64519804385352464  0.65644046723877492  0.66741665528449856
  0.67813919486458607  0.68939595617913119  0.70157524715972286  0.71305184232239793
  0.72389512477526063  0.73405873466425375  0.74382890784118616  0.75383324772891447
  0.76398064671634902  0.77425796081567488  0.78407387641760118  0.79419622316593108
  0.80408390879382652  0.81483573080986915  0.82513118264851804  0.83534743387737198
  0.84552020141592565  0.85598678462746802  0.86700627856845114  0.87869410144022120
  0.89040023564189030  0.90181037184232327  0.91262502517176414  0.92283327317741004
  0.93235479982389036  0.94148079645753069  0.95055753374069285  0.95994625623686003
  0.96924940407044058  0.97887513414372074  0.98916477053080032  1.00000000000000000
   62.198907223563836       -1.0000000000000000     
 F F F F F F F F F F F F F F F F F F F F F F F F F F F F F F F F F F F F F F F F F F F F F F F F F F F F F F F F F F F F F F F F F F F F F F F F F F F F F F F F F F F F F F F F F F F F F F F F F F F F F F F F F F F F F F F F F F F F F F F F F F F F F F F F
  <DiscreteSampler_grid>
  grouped_processes
  1 # 1 for a reference and 2 for a running grid.
  10 # Attribute 'min_bin_probing_points' of the grid.
  1 # Attribute 'grid_mode' of the grid. 1=='default',2=='initialization'
  0.0000000000000000 # Attribute 'small_contrib_threshold' of the grid.
  0.5000000000000000 # Attribute 'damping_power' of the grid.
 # binID   n_entries weight   weight_sqr   abs_weight
    10   10   7.600962808419922E+013   1.095009042676776E+028   7.600962808419922E+013
  </DiscreteSampler_grid>
