 -0.00249755351366236  0.00919647887330557  0.01935656745910716  0.02940478728749052
  0.03926585552054929  0.04876741764739267  0.05893350940835821  0.06801442957113717
  0.07719613126190525  0.08630434227334872  0.09565975078461690  0.10550365287965768
  0.11643367796326611  0.12791562970140449  0.13925204024123006  0.15035510528070969
  0.16124263408078571  0.17130472255316395  0.18047890991980151  0.18944866313562861
  0.19859426977313394  0.20801139328550683  0.21807207271892479  0.22867060321315008
  0.23992373995085234  0.25134474377328647  0.26278130506648234  0.27410463807525964
  0.28540633901110252  0.29714901560159718  0.30842331370459808  0.31912479900076357
  0.32819630016149920  0.33713291468612655  0.34576352100013830  0.35477552940411478
  0.36392273483339421  0.37287972579709422  0.38211492066644781  0.39193087880666083
  0.40143955022590744  0.41082912503931740  0.41971177940950033  0.42832200648757557
  0.43702965162611540  0.44614664198081982  0.45574925207737060  0.46603028599046947
  0.47705692049684456  0.48893289926845185  0.50097062916577206  0.51209725806381978
  0.52295752180663113  0.53370436621633011  0.54461033533798764  0.55504269830789255
  0.56490679292864254  0.57461421507527299  0.58425387629027614  0.59417006853061050
  0.60446644215727263  0.61611098358345262  0.62880891714177578  0.64178203959161928
  0.65346207741319351  0.66422745638507397  0.67486780750154762  0.68543881721090161
  0.69533871117031432  0.70530756705341580  0.71599174118261355  0.72700997462036343
  0.73807342736548143  0.74957532716968311  0.76166605583469171  0.77406803500165722
  0.78660441078989263  0.79802632085944514  0.80869070004139076  0.81942914394214927
  0.83030036258617756  0.84102797171224541  0.85203303033246958  0.86330603525503635
  0.87468307373792187  0.88587699816549725  0.89759293964127196  0.90839271808723698
  0.91927377496527063  0.93023287599073268  0.94143286409393279  0.95276483568094461
  0.96432965956191652  0.97658444639898689  0.98853306825019782  1.00000000000000000
 -0.00033799459439392  0.00582772761795272  0.01228344818708748  0.01923074558204019
  0.02694472908030439  0.03500244905710234  0.04352311540386200  0.05254632818055776
  0.06165013443121758  0.07028705607872687  0.07942304766272169  0.08908099806391613
  0.09901351774549563  0.10863806965921773  0.11808175423906155  0.12790150931519445
  0.13851159022231785  0.14924483027611582  0.15973014667231517  0.16989180494470948
  0.17940420593530454  0.18838022497972981  0.19701106693175943  0.20564449324784323
  0.21472696750162706  0.22419839735026048  0.23379456018863345  0.24348154167434694
  0.25302534601556070  0.26291319428052179  0.27254414220472273  0.28162528802219222
  0.29117539513335811  0.30059942108115095  0.30966661699885417  0.31867093659333701
  0.32795390979278871  0.33734957283240508  0.34731127800209222  0.35746331519289187
  0.36748846531348545  0.37831170615871162  0.39077720175488362  0.40412435152877085
  0.41740833845526676  0.42999091267968265  0.44145997694418559  0.45241172809395991
  0.46311265320097095  0.47428633787388347  0.48497919983203802  0.49610694177536402
  0.50661516353878933  0.51778088201453620  0.52806191772940003  0.53866320882804242
  0.54910893096345315  0.55947366482669114  0.57015953731999114  0.58088349188403909
  0.59187555406436676  0.60331375921521302  0.61486544697481316  0.62663955666571680
  0.63767956765475919  0.64901371326907620  0.66030678243532082  0.67119334054948576
  0.68117653553673607  0.69119416906381492  0.70139361680800760  0.71188371336336731
  0.72182714268532300  0.73132538452255413  0.74074382291300733  0.75021047766644822
  0.76039551083826762  0.77122724472837334  0.78220077052051540  0.79375081731550645
  0.80514703172183832  0.81734119889924450  0.82928173141353045  0.84139481139997785
  0.85331663219852238  0.86506064784648273  0.87707175836099549  0.88828878223456698
  0.89907562907804706  0.91020259952934734  0.92288341946547425  0.93695458241021767
  0.95102086094793414  0.96587007276422254  0.98245149703267842  1.00000000000000000
 -0.00874392909559905  0.02125448515938884  0.04533818196412578  0.06977233464545710
  0.09350122258857306  0.11582843176211537  0.13644333911381271  0.15592265216806545
  0.17592981017823209  0.19592337981606003  0.21580290674000627  0.23721533120239391
  0.25947106068395054  0.28111357177684626  0.30272461412680546  0.32434386577288582
  0.34586693075989111  0.36727627376549005  0.38885868349491470  0.41051007526205385
  0.43232914710796128  0.45431264930302401  0.47674583136041260  0.49911936706829191
  0.52144496929069573  0.54430017973483102  0.56732808655692057  0.59136838851010753
  0.61577722682748770  0.64124349394988012  0.65964191187252375  0.67246784100835799
  0.68760799842722031  0.69024801816367221  0.69170375533967654  0.69531524213329932
  0.70014624095865163  0.70492702122871587  0.70969993588444891  0.71450466393627643
  0.71935743873250735  0.72418112875166529  0.72896034497803097  0.73368352562820704
  0.73843435322493467  0.74322774937641278  0.74804148373890611  0.75286472805172233
  0.75769718762310778  0.76255740166835284  0.76738529169565761  0.77219462193521538
  0.77706182611224806  0.78204376712920010  0.78701572402692432  0.79189891042967331
  0.79679141689953548  0.80175567396478287  0.80673596786604485  0.81171178801205990
  0.81673189469358998  0.82169185190068728  0.82668685580972601  0.83173169724528295
  0.83685974827961929  0.84203452746338714  0.84719355306858535  0.85226727778970068
  0.85735593990134640  0.86247942818053924  0.86768023833006247  0.87288941441208756
  0.87807469095602031  0.88323240754659538  0.88838723383352736  0.89352583848174083
  0.89871366313559575  0.90395231905751017  0.90915135077112830  0.91435497904513519
  0.91964568002446545  0.92498575617659173  0.93034928528754868  0.93568608288082500
  0.94104137192261350  0.94632952861598241  0.95166039012273362  0.95703751258355507
  0.96242788994869632  0.96781793635123803  0.97316326339636217  0.97850291047701077
  0.98390030094367498  0.98931066983320759  0.99469112148002625  1.00000000000000000
 -0.00303575668647404  0.01092570912856491  0.02318526239434721  0.03493136262489669
  0.04639617224120161  0.05777885870130094  0.06893392438210187  0.07952514600869330
  0.08951564581157244  0.09936284693278552  0.10959606528694321  0.12061487553743805
  0.13140548558911588  0.14215006981002160  0.15230205527014962  0.16225625685095987
  0.17234762817902691  0.18220816652051700  0.19237684486441292  0.20293527638343617
  0.21376140907370961  0.22449889470945630  0.23467335292754954  0.24478363821490692
  0.25459267915364864  0.26460822481510238  0.27518582393418073  0.28614271002177627
  0.29694066701243915  0.30748448087017882  0.31771348767453100  0.32768846494295073
  0.33803116579802323  0.34857055362803269  0.36022664756860612  0.37188273386568893
  0.38350287237381325  0.39411693573948398  0.40370209285510461  0.41336312652036666
  0.42283245223508331  0.43247951779196447  0.44229928750266939  0.45260457241192698
  0.46282088946466893  0.47333370970656657  0.48411866601062237  0.49591488467292622
  0.50604398146648699  0.51579436393657629  0.52552227094236226  0.53558056449719449
  0.54552929131113082  0.55497297034612403  0.56408539953198300  0.57482589460040112
  0.58550705772524880  0.59632624915746391  0.60662659609511815  0.61646204863070586
  0.62655218487957109  0.63526857116243418  0.64420753810382103  0.65300972645814948
  0.66133557296535694  0.66957948392054556  0.67816175227444131  0.68736287709779020
  0.69721284933439898  0.70697831203155215  0.71698327289878139  0.72789501822251745
  0.74015963121149797  0.75298294905411045  0.76519427061572909  0.77649913128964443
  0.78700609433473911  0.79694347767714568  0.80646080751869942  0.81638221160551205
  0.82738749179106119  0.83916931711258524  0.85122893276616574  0.86367700446650597
  0.87663111896419110  0.88964006759491743  0.90180291808987256  0.91295458278707342
  0.92398446946540969  0.93474313228921047  0.94480464648887752  0.95464664937576027
  0.96459021976649850  0.97530748464677264  0.98696653738485751  1.00000000000000000
 -0.00205922825590205  0.00847435678230309  0.01729264518702502  0.02693332133539211
  0.03681437746784329  0.04620069856348599  0.05595220885194940  0.06620692064533822
  0.07850830722707729  0.08972355319554498  0.10011725103446531  0.11134749642636745
  0.12345281075550534  0.13522724744869033  0.14678140289920039  0.15828953090564174
  0.16937775934904992  0.18056501268826125  0.19116133375247255  0.20147582381491122
  0.21162246931637130  0.22183688941688784  0.23191402499715788  0.24162826571121204
  0.25116804443013635  0.26092165982214610  0.27053251670408485  0.28022595919972537
  0.29058846160304502  0.30142896279376596  0.31166775965132498  0.32116330716692854
  0.33055945064576503  0.34072971745531649  0.35101504777060116  0.36119054343135665
  0.37120429140939726  0.38186148880977394  0.39257537903538031  0.40310476991043731
  0.41333328641264527  0.42443468537889784  0.43591350397265138  0.44680266262340318
  0.45767744992541648  0.46896312884980323  0.48009837985860770  0.49104189949742105
  0.50187506260968850  0.51294196281859095  0.52420148223208585  0.53508251882631641
  0.54534523993093864  0.55520059410171962  0.56515555242814497  0.57562661971382578
  0.58629073369299067  0.59662327863141396  0.60704003974870724  0.61737846181054634
  0.62801182194279404  0.63906067523647381  0.65069621455411453  0.66282809832210376
  0.67352786699924649  0.68357689318679626  0.69318548049519135  0.70302411744396176
  0.71305083669994085  0.72280829856819240  0.73230602892366758  0.74238491802703588
  0.75280108148832336  0.76352792085440591  0.77463587878669560  0.78603271027711308
  0.79699994346790459  0.80716864067682514  0.81715081347981855  0.82731924020270686
  0.83740490198117279  0.84751803347478982  0.85819188580003314  0.86983089524228074
  0.88188397825483278  0.89470221516311432  0.90664357786374883  0.91853611567418203
  0.92870027699569635  0.93873757147433023  0.94899849792347690  0.95963563924184891
  0.96978645896452709  0.97965106178320427  0.98985364238401941  1.00000000000000000
 -0.00322689380207748  0.01127548777772648  0.02288546082700654  0.03438094989515755
  0.04538918845146626  0.05644078516106383  0.06750182264133357  0.07956000662199608
  0.09082879752180766  0.10193765643126169  0.11201717797772562  0.12237807725706717
  0.13285537251580623  0.14296481665867108  0.15337055485547971  0.16434362910599670
  0.17581267577109158  0.18674925329041284  0.19673309612468354  0.20604910831307940
  0.21508611872071018  0.22425005989823144  0.23400257688876336  0.24413472941689043
  0.25407757355066668  0.26381156056041627  0.27408361253904789  0.28454043470631613
  0.29486992308917992  0.30492513640275937  0.31569368484021176  0.32741995468837176
  0.33927994582650267  0.35110709654000544  0.36148994916311372  0.37104685573632412
  0.38020459843777188  0.38949601885403046  0.39857731095160021  0.40707829757845160
  0.41597252608338603  0.42627781114747032  0.43666202320598496  0.44609011841089757
  0.45543279102408424  0.46495459177386306  0.47554833697532256  0.48625950679884233
  0.49775390161123634  0.50825024256896267  0.51789264376275113  0.52770747844089405
  0.53754838000850613  0.54734536295442693  0.55618856141692230  0.56504903524596728
  0.57392852293872987  0.58347681235820636  0.59359987839210304  0.60400720007907993
  0.61509498713704136  0.62589823301924075  0.63688985308756674  0.64768329375821054
  0.65812101478273610  0.66887619539043541  0.67933706745870825  0.68995493330163560
  0.70080750930016833  0.71232086788798177  0.72493856055782491  0.73682355356018947
  0.74815979588579051  0.75942958677383909  0.77049484635367094  0.78147000733189353
  0.79183262688380651  0.80205229457190497  0.81232329387370616  0.82373208088679262
  0.83604729668530053  0.84770877218101592  0.85873988239996835  0.86954820349854134
  0.87998551909717182  0.89040386945788841  0.90089886146692288  0.91176273465040369
  0.92247500933021065  0.93253548703099398  0.94264346063437876  0.95372217988633667
  0.96458054440602170  0.97566471113967423  0.98725344999443376  1.00000000000000000
 -0.00313100648995325  0.00949919589433022  0.02136161614200034  0.03304639153412544
  0.04504677550094650  0.05720563246050486  0.06927890582197749  0.08112179140485798
  0.09255904235162994  0.10382026365876049  0.11474431091115031  0.12578596363935671
  0.13585272291131245  0.14613725122201748  0.15687688631244803  0.16772541062173868
  0.17830275101417742  0.18911694890429886  0.20111694698822200  0.21217025721686406
  0.22302280180448689  0.23493678431164852  0.24782319459266516  0.25937063174608760
  0.26951894933531823  0.27889144475729349  0.28846978423370223  0.29852396358028810
  0.30875213313235311  0.31906521638280899  0.32974562701028293  0.34012842730697496
  0.35079721780612882  0.36167977888596980  0.37252905865338898  0.38240120872890432
  0.39224783432823879  0.40295438415344498  0.41437548579616973  0.42553723397090665
  0.43655516997084048  0.44754619797671441  0.45887517087467983  0.47009769679316010
  0.48115933958887336  0.49176783065292240  0.50229048307983803  0.51304294771189363
  0.52325595761627375  0.53272429228309737  0.54255866526507490  0.55284900744960197
  0.56355596233436644  0.57368249655702619  0.58331668757092603  0.59333652191275899
  0.60346626530259484  0.61299766421319513  0.62270217848487974  0.63279363003882694
  0.64369316230658846  0.65446592029203021  0.66540954288959664  0.67612811268490813
  0.68669998076005578  0.69688803741230365  0.70681872836197057  0.71662136230737672
  0.72648696092741538  0.73676207085636369  0.74731123317128956  0.75759284977033636
  0.76785688646697048  0.77901227543059537  0.79027920855635192  0.79998749437292926
  0.80889583899087003  0.81822636151332739  0.82830763046323552  0.83849806941051752
  0.84828979840206753  0.85881478881047935  0.87040649841605455  0.88164553146075642
  0.89247003683963833  0.90235445852403662  0.91156646479212045  0.92109828267990690
  0.93090191734622296  0.94042392371676198  0.94964385118489214  0.95826893419567627
  0.96825792900135221  0.97824785052427310  0.98921575200209588  1.00000000000000000
 -0.00211817024824209  0.00819231104413793  0.01746284623894504  0.02724970273998743
  0.03711942227036369  0.04664365550752139  0.05603303109009784  0.06568327873551925
  0.07584094377959139  0.08584323549646596  0.09613812906928294  0.10680387024704499
  0.11766063007611004  0.12850921132186965  0.13873281787017802  0.14891483533558550
  0.15863363184067569  0.16855153206192378  0.17835791657151570  0.18815917927102258
  0.19789906830437951  0.20731541796945235  0.21733782485816550  0.22772542580299943
  0.23811085891058181  0.24838630268535972  0.25880001897688493  0.26939981269980445
  0.28046762383553930  0.29169545180139556  0.30280303689692301  0.31368464285357639
  0.32432893760135406  0.33462521990541605  0.34467201107810075  0.35477921671407020
  0.36551627412158416  0.37611634495296803  0.38675950665008740  0.39745672788134401
  0.40874905472541312  0.42004646610755519  0.42942365468904120  0.43984544818397425
  0.44995908245360794  0.46010099001574462  0.46998525905066557  0.48021233909772182
  0.49125626810845641  0.50326085793601616  0.51596784120099937  0.52897601400106298
  0.54173668491008220  0.55404457898103998  0.56694308312577257  0.58010199551087560
  0.59130112198110540  0.60160718098838950  0.61276104492193262  0.62304076059464242
  0.63291330822795788  0.64253096237701124  0.65340031041343505  0.66418864023671820
  0.67419837773659486  0.68406251025667641  0.69428601527192357  0.70526766894292414
  0.71541946983367055  0.72529172307636691  0.73611132550568736  0.74670964775748583
  0.75738180407009559  0.76724642669323362  0.77750727416545151  0.78842128593664718
  0.79967343558485415  0.81160091980240201  0.82159238726240991  0.83139044081219204
  0.84134578453390463  0.85142942102216990  0.86115039784116476  0.87048828735521155
  0.88126721219309223  0.89311011755296421  0.90447013218170258  0.91551215866600466
  0.92678936382702559  0.93797890835912068  0.94889591993477307  0.95923981974201911
  0.96959853578638544  0.98000225413518405  0.99014709238492671  1.00000000000000000
   60.778394144502258       -1.0000000000000000     
 F F F F F F F F F F F F F F F F F F F F F F F F F F F F F F F F F F F F F F F F F F F F F F F F F F F F F F F F F F F F F F F F F F F F F F F F F F F F F F F F F F F F F F F F F F F F F F F F F F F F F F F F F F F F F F F F F F F F F F F F F F F F F F F F
  <DiscreteSampler_grid>
  grouped_processes
  1 # 1 for a reference and 2 for a running grid.
  10 # Attribute 'min_bin_probing_points' of the grid.
  1 # Attribute 'grid_mode' of the grid. 1=='default',2=='initialization'
  0.0000000000000000 # Attribute 'small_contrib_threshold' of the grid.
  0.5000000000000000 # Attribute 'damping_power' of the grid.
 # binID   n_entries weight   weight_sqr   abs_weight
    10   10   2.388264243012180E+013   9.311656518205524E+026   2.388264243012180E+013
  </DiscreteSampler_grid>
